1748746279.63,0.52,0.05,276.32,1.04,Fwd,3.70
1748746279.63,0.68,0.05,276.32,1.04,Fwd,3.70
1748746279.63,0.68,-0.38,276.32,1.04,Fwd,3.70
1748746279.63,0.68,-0.38,276.69,1.04,Fwd,3.70
1748746279.67,0.68,-0.38,276.69,0.99,Fwd,3.70
1748746279.67,0.68,-0.38,276.69,0.99,Fwd,3.70
1748746279.67,0.68,-0.38,276.69,0.99,Fwd,3.70
1748746279.70,0.68,-0.38,276.69,0.99,Fwd,3.70
1748746279.74,0.68,-0.38,276.69,0.99,Fwd,3.70
1748746279.74,0.67,-0.38,276.69,0.99,Fwd,3.70
1748746279.74,0.67,-0.86,276.69,0.99,Fwd,3.70
1748746279.74,0.67,-0.86,277.44,0.99,Fwd,3.70
1748746279.75,0.67,-0.86,277.44,0.97,Fwd,3.70
1748746279.75,0.67,-0.86,277.44,0.97,Fwd,3.70
1748746279.75,0.67,-0.86,277.44,0.97,Fwd,3.70
1748746279.75,0.67,-0.86,277.44,0.97,Fwd,3.70
1748746279.84,0.67,-0.86,277.44,0.97,Fwd,3.70
1748746279.84,0.67,-0.86,277.44,0.97,Fwd,3.70
1748746279.85,0.67,-1.01,277.44,0.97,Fwd,3.70
1748746279.85,0.67,-1.01,278.19,0.97,Fwd,3.70
1748746279.85,0.67,-1.01,278.19,0.97,Fwd,3.70
1748746279.85,0.67,-1.01,278.19,0.97,Fwd,3.70
1748746279.85,0.67,-1.01,278.19,0.97,Fwd,3.70
1748746279.86,0.67,-1.01,278.19,0.97,Fwd,3.70
1748746279.95,0.67,-1.01,278.19,0.97,Fwd,3.70
1748746279.95,0.89,-1.01,278.19,0.97,Fwd,3.70
1748746279.96,0.89,-0.91,278.19,0.97,Fwd,3.70
1748746279.96,0.89,-0.91,278.57,0.97,Fwd,3.70
1748746279.96,0.89,-0.91,278.57,0.95,Fwd,3.70
1748746279.96,0.89,-0.91,278.57,0.95,Fwd,3.70
1748746279.96,0.89,-0.91,278.57,0.95,Fwd,3.70
1748746279.96,0.89,-0.91,278.57,0.95,Fwd,3.70
1748746280.05,0.89,-0.91,278.57,0.95,Fwd,3.70
1748746280.09,1.10,-0.91,278.57,0.95,Fwd,3.70
1748746280.12,1.10,-0.65,278.57,0.95,Fwd,3.70
1748746280.20,1.10,-0.65,278.74,0.95,Fwd,3.70
1748746280.20,1.10,-0.65,278.74,1.02,Fwd,3.70
1748746280.20,1.10,-0.65,278.74,1.02,Fwd,3.70
1748746280.20,1.10,-0.65,278.74,1.02,Fwd,3.70
1748746280.20,1.10,-0.65,278.74,1.02,Fwd,3.70
1748746280.20,1.10,-0.65,278.74,1.02,Fwd,3.85
1748746280.21,1.22,-0.65,278.74,1.02,Fwd,3.85
1748746280.21,1.22,-0.20,278.74,1.02,Fwd,3.85
1748746280.26,1.22,-0.20,278.72,1.02,Fwd,3.85
1748746280.26,1.22,-0.20,278.72,0.98,Fwd,3.85
1748746280.26,1.22,-0.20,278.72,0.98,Fwd,3.85
1748746280.27,1.22,-0.20,278.72,0.98,Fwd,3.85
1748746280.27,1.22,-0.20,278.72,0.98,Fwd,3.85
1748746280.27,1.22,-0.20,278.72,0.98,Fwd,3.85
1748746280.30,0.77,-0.20,278.72,0.98,Fwd,3.85
1748746280.30,0.77,0.34,278.72,0.98,Fwd,3.85
1748746280.30,0.77,0.34,278.51,0.98,Fwd,3.85
1748746280.30,0.77,0.34,278.51,0.97,Fwd,3.85
1748746280.30,0.77,0.34,278.51,0.97,Fwd,3.85
1748746280.30,0.77,0.34,278.51,0.97,Fwd,3.85
1748746280.31,0.77,0.34,278.51,0.97,Fwd,3.85
1748746280.33,0.77,0.34,278.51,0.97,Fwd,3.85
1748746280.33,0.38,0.34,278.51,0.97,Fwd,3.85
1748746280.33,0.38,0.51,278.51,0.97,Fwd,3.85
1748746280.33,0.38,0.51,278.38,0.97,Fwd,3.85
1748746280.33,0.38,0.51,278.38,0.97,Fwd,3.85
1748746280.33,0.38,0.51,278.38,0.97,Fwd,3.85
1748746280.33,0.38,0.51,278.38,0.97,Fwd,3.85
1748746280.33,0.38,0.51,278.38,0.97,Fwd,3.85
1748746280.43,0.38,0.51,278.38,0.97,Fwd,3.85
1748746280.43,0.20,0.51,278.38,0.97,Fwd,3.85
1748746280.47,0.20,0.38,278.38,0.97,Fwd,3.85
1748746280.47,0.20,0.38,278.63,0.97,Fwd,3.85
1748746280.47,0.20,0.38,278.63,0.96,Fwd,3.85
1748746280.47,0.20,0.38,278.63,0.96,Fwd,3.85
1748746280.47,0.20,0.38,278.63,0.96,Fwd,3.85
1748746280.47,0.20,0.38,278.63,0.96,Fwd,3.85
1748746280.54,0.20,0.38,278.63,0.96,Fwd,3.85
1748746280.54,0.06,0.38,278.63,0.96,Fwd,3.85
1748746280.55,0.06,-0.03,278.63,0.96,Fwd,3.85
1748746280.55,0.06,-0.03,279.22,0.96,Fwd,3.85
1748746280.55,0.06,-0.03,279.22,0.97,Fwd,3.85
1748746280.55,0.06,-0.03,279.22,0.97,Fwd,3.85
1748746280.57,0.06,-0.03,279.22,0.97,Fwd,3.85
1748746280.61,0.06,-0.03,279.22,0.97,Fwd,3.85
1748746280.68,0.06,-0.03,279.22,0.97,Fwd,3.85
1748746280.68,0.15,-0.03,279.22,0.97,Fwd,3.85
1748746280.68,0.15,-0.30,279.22,0.97,Fwd,3.85
1748746280.68,0.15,-0.30,279.94,0.97,Fwd,3.85
1748746280.68,0.15,-0.30,279.94,0.98,Fwd,3.85
1748746280.68,0.15,-0.30,279.94,0.98,Fwd,3.85
1748746280.71,0.15,-0.30,279.94,0.98,Fwd,3.85
1748746280.75,0.15,-0.30,279.94,0.98,Fwd,3.85
1748746280.78,0.15,-0.30,279.94,0.98,Fwd,3.85
1748746280.82,0.20,-0.30,279.94,0.98,Fwd,3.85
1748746280.86,0.20,-0.50,279.94,0.98,Fwd,3.85
1748746280.89,0.20,-0.50,280.76,0.98,Fwd,3.85
1748746280.96,0.20,-0.50,280.76,0.95,Fwd,3.85
1748746280.99,0.20,-0.50,280.76,0.95,Fwd,3.85
1748746281.03,0.20,-0.50,280.76,0.95,Fwd,3.85
1748746281.07,0.20,-0.50,280.76,0.95,Fwd,3.85
1748746281.07,0.20,-0.50,280.76,0.95,Fwd,3.85
1748746281.07,0.48,-0.50,280.76,0.95,Fwd,3.85
1748746281.08,0.48,-0.50,280.76,0.95,Fwd,3.85
1748746281.08,0.48,-0.50,281.39,0.95,Fwd,3.85
1748746281.08,0.48,-0.50,281.39,0.92,Fwd,3.85
1748746281.10,0.48,-0.50,281.39,0.92,Fwd,3.85
1748746281.14,0.48,-0.50,281.39,0.92,Fwd,3.85
1748746281.17,0.48,-0.50,281.39,0.92,Fwd,3.85
1748746281.20,0.48,-0.50,281.39,0.92,Fwd,3.85
1748746281.24,0.51,-0.50,281.39,0.92,Fwd,3.85
1748746281.24,0.51,-0.18,281.39,0.92,Fwd,3.85
1748746281.24,0.51,-0.18,281.72,0.92,Fwd,3.85
1748746281.25,0.51,-0.18,281.72,1.02,Fwd,3.85
1748746281.25,0.51,-0.18,281.72,1.02,Fwd,3.85
1748746281.25,0.51,-0.18,281.72,1.02,Fwd,3.85
1748746281.27,0.51,-0.18,281.72,1.02,Fwd,3.85
1748746281.31,0.51,-0.18,281.72,1.02,Fwd,3.85
1748746281.31,0.68,-0.18,281.72,1.02,Fwd,3.85
1748746281.31,0.68,-0.12,281.72,1.02,Fwd,3.85
1748746281.31,0.68,-0.12,282.06,1.02,Fwd,3.85
1748746281.32,0.68,-0.12,282.06,0.94,Fwd,3.85
1748746281.32,0.68,-0.12,282.06,0.94,Fwd,3.85
1748746281.34,0.68,-0.12,282.06,0.94,Fwd,3.85
1748746281.38,0.68,-0.12,282.06,0.94,Fwd,3.85
1748746281.41,0.68,-0.12,282.06,0.94,Fwd,3.75
1748746281.45,1.07,-0.12,282.06,0.94,Fwd,3.75
1748746281.49,1.07,-0.17,282.06,0.94,Fwd,3.75
1748746281.52,1.07,-0.17,282.52,0.94,Fwd,3.75
1748746281.52,1.07,-0.17,282.52,0.91,Fwd,3.75
1748746281.52,1.07,-0.17,282.52,0.91,Fwd,3.75
1748746281.52,1.07,-0.17,282.52,0.91,Fwd,3.75
1748746281.53,1.07,-0.17,282.52,0.91,Fwd,3.75
1748746281.53,1.07,-0.17,282.52,0.91,Fwd,3.75
1748746281.53,1.22,-0.17,282.52,0.91,Fwd,3.75
1748746281.53,1.22,-0.41,282.52,0.91,Fwd,3.75
1748746281.53,1.22,-0.41,283.87,0.91,Fwd,3.75
1748746281.53,1.22,-0.41,283.87,0.98,Fwd,3.75
1748746281.54,1.22,-0.41,283.87,0.98,Fwd,3.75
1748746281.54,1.22,-0.41,283.87,0.98,Fwd,3.75
1748746281.54,1.22,-0.41,283.87,0.98,Fwd,3.75
1748746281.54,1.22,-0.41,283.87,0.98,Fwd,3.75
1748746281.54,2.06,-0.41,283.87,0.98,Fwd,3.75
1748746281.54,2.06,-0.57,283.87,0.98,Fwd,3.75
1748746281.54,2.06,-0.57,285.29,0.98,Fwd,3.75
1748746281.54,2.06,-0.57,285.29,0.99,Fwd,3.75
1748746281.62,2.06,-0.57,285.29,0.99,Fwd,3.75
1748746281.66,1.94,-0.57,285.29,0.99,Fwd,3.75
1748746281.66,1.94,-1.10,285.29,0.99,Fwd,3.75
1748746281.66,1.94,-1.10,286.30,0.99,Fwd,3.75
1748746281.69,1.94,-1.10,286.30,0.95,Fwd,3.75
1748746281.73,1.94,-1.10,286.30,0.95,Fwd,3.75
1748746281.76,1.94,-1.10,286.30,0.95,Fwd,3.75
1748746281.76,1.94,-1.10,286.30,0.95,Fwd,3.75
1748746281.76,1.94,-1.10,286.30,0.95,Fwd,3.75
1748746281.77,1.81,-1.10,286.30,0.95,Fwd,3.75
1748746281.77,1.81,-1.56,286.30,0.95,Fwd,3.75
1748746281.77,1.81,-1.56,287.32,0.95,Fwd,3.75
1748746281.77,1.81,-1.56,287.32,1.02,Fwd,3.75
1748746281.77,1.81,-1.56,287.32,1.02,Fwd,3.75
1748746281.77,1.81,-1.56,287.32,1.02,Fwd,3.75
1748746281.77,1.81,-1.56,287.32,1.02,Fwd,3.75
1748746281.83,1.81,-1.56,287.32,1.02,Fwd,3.75
1748746281.87,1.90,-1.56,287.32,1.02,Fwd,3.75
1748746281.94,1.90,-1.40,287.32,1.02,Fwd,3.75
1748746281.97,1.90,-1.40,288.21,1.02,Fwd,3.75
1748746281.97,1.90,-1.40,288.21,1.07,Fwd,3.75
1748746281.97,1.90,-1.40,288.21,1.07,Fwd,3.75
1748746281.98,1.90,-1.40,288.21,1.07,Fwd,3.75
1748746281.98,1.90,-1.40,288.21,1.07,Fwd,3.75
1748746281.98,1.90,-1.40,288.21,1.07,Fwd,3.75
1748746281.98,2.13,-1.40,288.21,1.07,Fwd,3.75
1748746281.98,2.13,-1.06,288.21,1.07,Fwd,3.75
1748746282.01,2.13,-1.06,288.91,1.07,Fwd,3.75
1748746282.01,2.13,-1.06,288.91,1.00,Fwd,3.75
1748746282.01,2.13,-1.06,288.91,1.00,Fwd,3.75
1748746282.01,2.13,-1.06,288.91,1.00,Fwd,3.75
1748746282.04,2.13,-1.06,288.91,1.00,Fwd,3.75
1748746282.05,2.13,-1.06,288.91,1.00,Fwd,3.75
1748746282.05,2.71,-1.06,288.91,1.00,Fwd,3.75
1748746282.05,2.71,-0.51,288.91,1.00,Fwd,3.75
1748746282.05,2.71,-0.51,289.43,1.00,Fwd,3.75
1748746282.05,2.71,-0.51,289.43,0.98,Fwd,3.75
1748746282.05,2.71,-0.51,289.43,0.98,Fwd,3.75
1748746282.05,2.71,-0.51,289.43,0.98,Fwd,3.75
1748746282.05,2.71,-0.51,289.43,0.98,Fwd,3.75
1748746282.16,2.71,-0.51,289.43,0.98,Fwd,3.75
1748746282.19,3.40,-0.51,289.43,0.98,Fwd,3.75
1748746282.22,3.40,-0.44,289.43,0.98,Fwd,3.75
1748746282.22,3.40,-0.44,289.88,0.98,Fwd,3.75
1748746282.22,3.40,-0.44,289.88,0.99,Fwd,3.75
1748746282.22,3.40,-0.44,289.88,0.99,Fwd,3.75
1748746282.23,3.40,-0.44,289.88,0.99,Fwd,3.75
1748746282.23,3.40,-0.44,289.88,0.99,Fwd,3.75
1748746282.25,3.40,-0.44,289.88,0.99,Fwd,3.75
1748746282.29,4.29,-0.44,289.88,0.99,Fwd,3.75
1748746282.29,4.29,-0.48,289.88,0.99,Fwd,3.75
1748746282.30,4.29,-0.48,290.32,0.99,Fwd,3.75
1748746282.30,4.29,-0.48,290.32,1.00,Fwd,3.75
1748746282.30,4.29,-0.48,290.32,1.00,Fwd,3.75
1748746282.30,4.29,-0.48,290.32,1.00,Fwd,3.75
1748746282.30,4.29,-0.48,290.32,1.00,Fwd,3.75
1748746282.36,4.29,-0.48,290.32,1.00,Fwd,3.75
1748746282.40,4.24,-0.48,290.32,1.00,Fwd,3.75
1748746282.40,4.24,-0.23,290.32,1.00,Fwd,3.75
1748746282.40,4.24,-0.23,290.84,1.00,Fwd,3.75
1748746282.41,4.24,-0.23,290.84,0.93,Fwd,3.75
1748746282.41,4.24,-0.23,290.84,0.93,Fwd,3.75
1748746282.41,4.24,-0.23,290.84,0.93,Fwd,3.75
1748746282.41,4.24,-0.23,290.84,0.93,Fwd,3.75
1748746282.43,4.24,-0.23,290.84,0.93,Fwd,3.75
1748746282.43,3.20,-0.23,290.84,0.93,Fwd,3.75
1748746282.43,3.20,-0.94,290.84,0.93,Fwd,3.75
1748746282.43,3.20,-0.94,291.36,0.93,Fwd,3.75
1748746282.47,3.20,-0.94,291.36,1.01,Fwd,3.75
1748746282.47,3.20,-0.94,291.36,1.01,Fwd,3.75
1748746282.47,3.20,-0.94,291.36,1.01,Fwd,3.75
1748746282.47,3.20,-0.94,291.36,1.01,Fwd,3.75
1748746282.54,3.20,-0.94,291.36,1.01,Fwd,3.75
1748746282.54,4.22,-0.94,291.36,1.01,Fwd,3.75
1748746282.54,4.22,-1.88,291.36,1.01,Fwd,3.75
1748746282.54,4.22,-1.88,291.83,1.01,Fwd,3.75
1748746282.54,4.22,-1.88,291.83,0.90,Fwd,3.75
1748746282.54,4.22,-1.88,291.83,0.90,Fwd,3.75
1748746282.55,4.22,-1.88,291.83,0.90,Fwd,3.75
1748746282.55,4.22,-1.88,291.83,0.90,Fwd,3.75
1748746282.64,4.22,-1.88,291.83,0.90,Fwd,3.75
1748746282.64,4.52,-1.88,291.83,0.90,Fwd,3.75
1748746282.65,4.52,-2.18,291.83,0.90,Fwd,3.75
1748746282.65,4.52,-2.18,291.30,0.90,Fwd,3.75
1748746282.66,4.52,-2.18,291.30,0.73,Fwd,3.75
1748746282.66,4.52,-2.18,291.30,0.73,Fwd,3.75
1748746282.66,4.52,-2.18,291.30,0.73,Fwd,3.75
1748746282.66,4.52,-2.18,291.30,0.73,Fwd,3.75
1748746282.74,4.52,-2.18,291.30,0.73,Fwd,3.75
1748746282.78,5.46,-2.18,291.30,0.73,Fwd,3.75
1748746282.81,5.46,-1.13,291.30,0.73,Fwd,3.75
1748746282.81,5.46,-1.13,291.56,0.73,Fwd,3.75
1748746282.82,5.46,-1.13,291.56,-0.25,Fwd,3.75
1748746282.82,5.46,-1.13,291.56,-0.25,Fwd,3.75
1748746282.82,5.46,-1.13,291.56,-0.25,Fwd,3.75
1748746282.82,5.46,-1.13,291.56,-0.25,Fwd,3.75
1748746282.85,5.46,-1.13,291.56,-0.25,Fwd,3.75
1748746282.85,4.77,-1.13,291.56,-0.25,Fwd,3.75
1748746282.85,4.77,0.04,291.56,-0.25,Fwd,3.75
1748746282.89,4.77,0.04,292.31,-0.25,Fwd,3.75
1748746282.92,4.77,0.04,292.31,1.00,Fwd,3.75
1748746282.93,4.77,0.04,292.31,1.00,Fwd,3.75
1748746282.93,4.77,0.04,292.31,1.00,Fwd,3.75
1748746282.93,4.77,0.04,292.31,1.00,Fwd,3.75
1748746282.95,4.77,0.04,292.31,1.00,Fwd,3.75
1748746282.99,4.18,0.04,292.31,1.00,Fwd,3.75
1748746283.00,4.18,0.13,292.31,1.00,Fwd,3.75
1748746283.00,4.18,0.13,292.75,1.00,Fwd,3.75
1748746283.00,4.18,0.13,292.75,1.04,Fwd,3.75
1748746283.00,4.18,0.13,292.75,1.04,Fwd,3.75
1748746283.01,4.18,0.13,292.75,1.04,Fwd,3.75
1748746283.02,4.18,0.13,292.75,1.04,Fwd,3.75
1748746283.03,4.18,0.13,292.75,1.04,Fwd,3.75
1748746283.03,3.55,0.13,292.75,1.04,Fwd,3.75
1748746283.03,3.55,-0.38,292.75,1.04,Fwd,3.75
1748746283.03,3.55,-0.38,293.10,1.04,Fwd,3.75
1748746283.03,3.55,-0.38,293.10,0.94,Fwd,3.75
1748746283.03,3.55,-0.38,293.10,0.94,Fwd,3.75
1748746283.03,3.55,-0.38,293.10,0.94,Fwd,3.75
1748746283.03,3.55,-0.38,293.10,0.94,Fwd,3.75
1748746283.13,3.55,-0.38,293.10,0.94,Fwd,3.75
1748746283.17,3.35,-0.38,293.10,0.94,Fwd,3.75
1748746283.17,3.35,0.52,293.10,0.94,Fwd,3.75
1748746283.17,3.35,0.52,293.81,0.94,Fwd,3.75
1748746283.17,3.35,0.52,293.81,0.98,Fwd,3.75
1748746283.17,3.35,0.52,293.81,0.98,Fwd,3.75
1748746283.18,3.35,0.52,293.81,0.98,Fwd,3.75
1748746283.18,3.35,0.52,293.81,0.98,Fwd,3.75
1748746283.23,3.35,0.52,293.81,0.98,Fwd,3.75
1748746283.23,3.14,0.52,293.81,0.98,Fwd,3.75
1748746283.24,3.14,0.30,293.81,0.98,Fwd,3.75
1748746283.27,3.14,0.30,294.50,0.98,Fwd,3.75
1748746283.27,3.14,0.30,294.50,0.97,Fwd,3.75
1748746283.27,3.14,0.30,294.50,0.97,Fwd,3.75
1748746283.27,3.14,0.30,294.50,0.97,Fwd,3.75
1748746283.27,3.14,0.30,294.50,0.97,Fwd,3.75
1748746283.34,3.14,0.30,294.50,0.97,Fwd,3.75
1748746283.34,2.52,0.30,294.50,0.97,Fwd,3.75
1748746283.35,2.52,-0.06,294.50,0.97,Fwd,3.75
1748746283.35,2.52,-0.06,295.12,0.97,Fwd,3.75
1748746283.35,2.52,-0.06,295.12,0.97,Fwd,3.75
1748746283.35,2.52,-0.06,295.12,0.97,Fwd,3.75
1748746283.35,2.52,-0.06,295.12,0.97,Fwd,3.75
1748746283.35,2.52,-0.06,295.12,0.97,Fwd,3.75
1748746283.45,2.52,-0.06,295.12,0.97,Fwd,3.75
1748746283.45,2.42,-0.06,295.12,0.97,Fwd,3.75
1748746283.45,2.42,-0.18,295.12,0.97,Fwd,3.75
1748746283.45,2.42,-0.18,295.52,0.97,Fwd,3.75
1748746283.45,2.42,-0.18,295.52,0.94,Fwd,3.75
1748746283.46,2.42,-0.18,295.52,0.94,Fwd,3.75
1748746283.46,2.42,-0.18,295.52,0.94,Fwd,3.75
1748746283.46,2.42,-0.18,295.52,0.94,Fwd,3.75
1748746283.59,2.42,-0.18,295.52,0.94,Fwd,3.75
1748746283.59,2.33,-0.18,295.52,0.94,Fwd,3.75
1748746283.59,2.33,-2.05,295.52,0.94,Fwd,3.75
1748746283.59,2.33,-2.05,295.47,0.94,Fwd,3.75
1748746283.59,2.33,-2.05,295.47,1.10,Fwd,3.75
1748746283.59,2.33,-2.05,295.47,1.10,Fwd,3.75
1748746283.60,2.33,-2.05,295.47,1.10,Fwd,3.75
1748746283.60,2.33,-2.05,295.47,1.10,Fwd,3.75
1748746283.66,2.33,-2.05,295.47,1.10,Fwd,3.75
1748746283.66,-1.61,-2.05,295.47,1.10,Fwd,3.75
1748746283.69,-1.61,-1.56,295.47,1.10,Fwd,3.75
1748746283.73,-1.61,-1.56,294.73,1.10,Fwd,3.75
1748746283.74,-1.61,-1.56,294.73,0.83,Fwd,3.75
1748746283.74,-1.61,-1.56,294.73,0.83,Fwd,3.75
1748746283.74,-1.61,-1.56,294.73,0.83,Fwd,3.75
1748746283.74,-1.61,-1.56,294.73,0.83,Fwd,3.75
1748746283.74,-1.61,-1.56,294.73,0.83,Fwd,3.75
1748746283.75,-14.83,-1.56,294.73,0.83,Fwd,3.75
1748746283.75,-14.83,9.68,294.73,0.83,Fwd,3.75
1748746283.75,-14.83,9.68,283.15,0.83,Fwd,3.75
1748746283.76,-14.83,9.68,283.15,0.83,Fwd,3.75
1748746283.76,-14.83,9.68,283.15,0.83,Fwd,3.75
1748746283.76,-14.83,9.68,283.15,0.83,Fwd,3.75
1748746283.83,-14.83,9.68,283.15,0.83,Fwd,3.75
1748746283.84,-30.85,9.68,283.15,0.83,Fwd,3.75
1748746283.84,-30.85,16.75,283.15,0.83,Fwd,3.75
1748746283.84,-30.85,16.75,249.02,0.83,Fwd,3.75
1748746283.84,-30.85,16.75,249.02,0.32,Fwd,3.75
1748746283.85,-30.85,16.75,249.02,0.32,Fwd,3.75
1748746283.85,-30.85,16.75,249.02,0.32,Fwd,3.75
1748746283.85,-30.85,16.75,249.02,0.32,Fwd,3.75
1748746283.85,-30.85,16.75,249.02,0.32,Fwd,3.75
1748746283.94,-30.85,16.75,249.02,0.32,Fwd,3.75
1748746283.94,-28.70,16.75,249.02,0.32,Fwd,3.75
1748746283.95,-28.70,15.92,249.02,0.32,Fwd,3.75
1748746283.95,-28.70,15.92,212.18,0.32,Fwd,3.75
1748746283.95,-28.70,15.92,212.18,-0.50,Fwd,3.75
1748746283.95,-28.70,15.92,212.18,-0.50,Fwd,3.75
1748746283.96,-28.70,15.92,212.18,-0.50,Fwd,3.75
1748746283.96,-28.70,15.92,212.18,-0.50,Fwd,3.75
1748746284.05,-28.70,15.92,212.18,-0.50,Fwd,3.75
1748746284.05,-33.23,15.92,212.18,-0.50,Fwd,3.75
1748746284.05,-33.23,18.33,212.18,-0.50,Fwd,3.75
1748746284.05,-33.23,18.33,177.50,-0.50,Fwd,3.75
1748746284.06,-33.23,18.33,177.50,-0.39,Fwd,3.75
1748746284.06,-33.23,18.33,177.50,-0.39,Fwd,3.75
1748746284.06,-33.23,18.33,177.50,-0.39,Fwd,3.75
1748746284.06,-33.23,18.33,177.50,-0.39,Fwd,3.75
1748746284.18,-33.23,18.33,177.50,-0.39,Fwd,0.00
1748746284.18,-39.02,18.33,177.50,-0.39,Fwd,0.00
1748746284.18,-39.02,16.90,177.50,-0.39,Fwd,0.00
1748746284.18,-39.02,16.90,149.75,-0.39,Fwd,0.00
1748746284.19,-39.02,16.90,149.75,-0.47,Fwd,0.00
1748746284.19,-39.02,16.90,149.75,-0.47,Fwd,0.00
1748746284.19,-39.02,16.90,149.75,-0.47,Fwd,0.00
1748746284.19,-39.02,16.90,149.75,-0.47,Fwd,0.00
1748746284.25,-39.02,16.90,149.75,-0.47,Fwd,0.00
1748746284.26,-29.74,16.90,149.75,-0.47,Fwd,0.00
1748746284.26,-29.74,12.52,149.75,-0.47,Fwd,0.00
1748746284.26,-29.74,12.52,137.16,-0.47,Fwd,0.00
1748746284.27,-29.74,12.52,137.16,-0.12,Fwd,0.00
1748746284.27,-29.74,12.52,137.16,-0.12,Fwd,0.00
1748746284.27,-29.74,12.52,137.16,-0.12,Fwd,0.00
1748746284.27,-29.74,12.52,137.16,-0.12,Fwd,0.00
1748746284.36,-29.74,12.52,137.16,-0.12,Fwd,0.00
1748746284.36,-19.14,12.52,137.16,-0.12,Fwd,0.00
1748746284.37,-19.14,8.66,137.16,-0.12,Fwd,0.00
1748746284.37,-19.14,8.66,135.96,-0.12,Fwd,0.00
1748746284.37,-19.14,8.66,135.96,1.14,Fwd,0.00
1748746284.37,-19.14,8.66,135.96,1.14,Fwd,0.00
1748746284.39,-19.14,8.66,135.96,1.14,Fwd,0.00
1748746284.43,-19.14,8.66,135.96,1.14,Fwd,0.00
1748746284.43,-19.14,8.66,135.96,1.14,Fwd,0.00
1748746284.43,-12.51,8.66,135.96,1.14,Fwd,0.00
1748746284.43,-12.51,7.34,135.96,1.14,Fwd,0.00
1748746284.44,-12.51,7.34,133.31,1.14,Fwd,0.00
1748746284.44,-12.51,7.34,133.31,-0.01,Fwd,0.00
1748746284.44,-12.51,7.34,133.31,-0.01,Fwd,0.00
1748746284.44,-12.51,7.34,133.31,-0.01,Fwd,0.00
1748746284.44,-12.51,7.34,133.31,-0.01,Fwd,0.00
1748746284.53,-12.51,7.34,133.31,-0.01,Fwd,8.91
1748746284.53,-14.63,7.34,133.31,-0.01,Fwd,8.91
1748746284.53,-14.63,6.91,133.31,-0.01,Fwd,8.91
1748746284.53,-14.63,6.91,130.54,-0.01,Fwd,8.91
1748746284.54,-14.63,6.91,130.54,0.95,Fwd,8.91
1748746284.54,-14.63,6.91,130.54,0.95,Fwd,8.91
1748746284.54,-14.63,6.91,130.54,0.95,Fwd,8.91
1748746284.54,-14.63,6.91,130.54,0.95,Fwd,8.91
1748746284.63,-14.63,6.91,130.54,0.95,Fwd,8.91
1748746284.63,-13.98,6.91,130.54,0.95,Fwd,8.91
1748746284.64,-13.98,7.10,130.54,0.95,Fwd,8.91
1748746284.64,-13.98,7.10,124.81,0.95,Fwd,8.91
1748746284.64,-13.98,7.10,124.81,0.82,Fwd,8.91
1748746284.64,-13.98,7.10,124.81,0.82,Fwd,8.91
1748746284.64,-13.98,7.10,124.81,0.82,Fwd,8.91
1748746284.64,-13.98,7.10,124.81,0.82,Fwd,8.91
1748746284.74,-13.98,7.10,124.81,0.82,Fwd,8.91
1748746284.75,-12.94,7.10,124.81,0.82,Fwd,8.91
1748746284.75,-12.94,5.54,124.81,0.82,Fwd,8.91
1748746284.75,-12.94,5.54,118.66,0.82,Fwd,8.91
1748746284.75,-12.94,5.54,118.66,0.94,Fwd,8.91
1748746284.75,-12.94,5.54,118.66,0.94,Fwd,8.91
1748746284.76,-12.94,5.54,118.66,0.94,Fwd,8.91
1748746284.76,-12.94,5.54,118.66,0.94,Fwd,8.91
1748746284.85,-12.94,5.54,118.66,0.94,Fwd,8.91
1748746284.88,-12.14,5.54,118.66,0.94,Fwd,8.91
1748746284.92,-12.14,4.58,118.66,0.94,Fwd,8.91
1748746284.95,-12.14,4.58,114.36,0.94,Fwd,8.91
1748746284.95,-12.14,4.58,114.36,0.93,Fwd,8.91
1748746284.95,-12.14,4.58,114.36,0.93,Fwd,8.91
1748746284.99,-12.14,4.58,114.36,0.93,Fwd,8.91
1748746284.99,-12.14,4.58,114.36,0.93,Fwd,8.91
1748746284.99,-12.14,4.58,114.36,0.93,Fwd,8.91
1748746284.99,-10.96,4.58,114.36,0.93,Fwd,8.91
1748746284.99,-10.96,4.84,114.36,0.93,Fwd,8.91
1748746284.99,-10.96,4.84,110.89,0.93,Fwd,8.91
1748746285.00,-10.96,4.84,110.89,0.98,Fwd,8.91
1748746285.00,-10.96,4.84,110.89,0.98,Fwd,8.91
1748746285.00,-10.96,4.84,110.89,0.98,Fwd,8.91
1748746285.00,-10.96,4.84,110.89,0.98,Fwd,8.91
1748746285.09,-10.96,4.84,110.89,0.98,Fwd,8.91
1748746285.10,-9.82,4.84,110.89,0.98,Fwd,8.91
1748746285.10,-9.82,6.03,110.89,0.98,Fwd,8.91
1748746285.12,-9.82,6.03,107.71,0.98,Fwd,8.91
1748746285.16,-9.82,6.03,107.71,0.92,Fwd,8.91
1748746285.16,-9.82,6.03,107.71,0.92,Fwd,8.91
1748746285.17,-9.82,6.03,107.71,0.92,Fwd,8.91
1748746285.17,-9.82,6.03,107.71,0.92,Fwd,8.91
1748746285.17,-9.82,6.03,107.71,0.92,Fwd,8.91
1748746285.17,-8.45,6.03,107.71,0.92,Fwd,8.91
1748746285.17,-8.45,5.75,107.71,0.92,Fwd,8.91
1748746285.17,-8.45,5.75,105.81,0.92,Fwd,8.91
1748746285.17,-8.45,5.75,105.81,0.97,Fwd,8.91
1748746285.18,-8.45,5.75,105.81,0.97,Fwd,8.91
1748746285.18,-8.45,5.75,105.81,0.97,Fwd,8.91
1748746285.18,-8.45,5.75,105.81,0.97,Fwd,8.91
1748746285.23,-8.45,5.75,105.81,0.97,Fwd,8.91
1748746285.34,-7.18,5.75,105.81,0.97,Fwd,8.91
1748746285.37,-7.18,4.25,105.81,0.97,Fwd,8.91
1748746285.40,-7.18,4.25,105.16,0.97,Fwd,8.91
1748746285.40,-7.18,4.25,105.16,0.98,Fwd,8.91
1748746285.40,-7.18,4.25,105.16,0.98,Fwd,8.91
1748746285.41,-7.18,4.25,105.16,0.98,Fwd,8.91
1748746285.41,-7.18,4.25,105.16,0.98,Fwd,8.91
1748746285.41,-7.18,4.25,105.16,0.98,Fwd,8.91
1748746285.41,-6.64,4.25,105.16,0.98,Fwd,8.91
1748746285.41,-6.64,3.12,105.16,0.98,Fwd,8.91
1748746285.41,-6.64,3.12,105.41,0.98,Fwd,8.91
1748746285.41,-6.64,3.12,105.41,1.02,Fwd,8.91
1748746285.44,-6.64,3.12,105.41,1.02,Fwd,8.91
1748746285.44,-6.64,3.12,105.41,1.02,Fwd,8.91
1748746285.44,-6.64,3.12,105.41,1.02,Fwd,8.91
1748746285.44,-6.64,3.12,105.41,1.02,Fwd,4.36
1748746285.44,-6.28,3.12,105.41,1.02,Fwd,4.36
1748746285.44,-6.28,2.38,105.41,1.02,Fwd,4.36
1748746285.44,-6.28,2.38,106.54,1.02,Fwd,4.36
1748746285.44,-6.28,2.38,106.54,1.02,Fwd,4.36
1748746285.44,-6.28,2.38,106.54,1.02,Fwd,4.36
1748746285.44,-6.28,2.38,106.54,1.02,Fwd,4.36
1748746285.44,-6.28,2.38,106.54,1.02,Fwd,4.36
1748746285.54,-6.28,2.38,106.54,1.02,Fwd,4.36
1748746285.61,-5.70,2.38,106.54,1.02,Fwd,4.36
1748746285.65,-5.70,1.37,106.54,1.02,Fwd,4.36
1748746285.68,-5.70,1.37,108.51,1.02,Fwd,4.36
1748746285.72,-5.70,1.37,108.51,1.00,Fwd,4.36
1748746285.75,-5.70,1.37,108.51,1.00,Fwd,4.36
1748746285.76,-5.70,1.37,108.51,1.00,Fwd,4.36
1748746285.76,-5.70,1.37,108.51,1.00,Fwd,4.36
1748746285.79,-5.70,1.37,108.51,1.00,Fwd,4.36
1748746285.82,-5.16,1.37,108.51,1.00,Fwd,4.36
1748746285.86,-5.16,0.19,108.51,1.00,Fwd,4.36
1748746285.86,-5.16,0.19,111.22,1.00,Fwd,4.36
1748746285.86,-5.16,0.19,111.22,0.95,Fwd,4.36
1748746285.86,-5.16,0.19,111.22,0.95,Fwd,4.36
1748746285.86,-5.16,0.19,111.22,0.95,Fwd,4.36
1748746285.86,-5.16,0.19,111.22,0.95,Fwd,4.36
1748746285.89,-5.16,0.19,111.22,0.95,Fwd,4.36
1748746285.97,-4.71,0.19,111.22,0.95,Fwd,4.36
1748746285.97,-4.71,-0.56,111.22,0.95,Fwd,4.36
1748746285.97,-4.71,-0.56,114.40,0.95,Fwd,4.36
1748746285.98,-4.71,-0.56,114.40,1.01,Fwd,4.36
1748746285.98,-4.71,-0.56,114.40,1.01,Fwd,4.36
1748746286.00,-4.71,-0.56,114.40,1.01,Fwd,4.36
1748746286.00,-4.71,-0.56,114.40,1.01,Fwd,4.36
1748746286.00,-4.71,-0.56,114.40,1.01,Fwd,4.36
1748746286.01,-4.14,-0.56,114.40,1.01,Fwd,4.36
1748746286.01,-4.14,-0.91,114.40,1.01,Fwd,4.36
1748746286.01,-4.14,-0.91,117.77,1.01,Fwd,4.36
1748746286.03,-4.14,-0.91,117.77,1.00,Fwd,4.36
1748746286.07,-4.14,-0.91,117.77,1.00,Fwd,4.36
1748746286.11,-4.14,-0.91,117.77,1.00,Fwd,4.36
1748746286.14,-4.14,-0.91,117.77,1.00,Fwd,4.36
1748746286.17,-4.14,-0.91,117.77,1.00,Fwd,4.36
1748746286.22,-3.46,-0.91,117.77,1.00,Fwd,4.36
1748746286.25,-3.46,-1.21,117.77,1.00,Fwd,4.36
1748746286.25,-3.46,-1.21,120.96,1.00,Fwd,4.36
1748746286.25,-3.46,-1.21,120.96,0.96,Fwd,4.36
1748746286.25,-3.46,-1.21,120.96,0.96,Fwd,4.36
1748746286.26,-3.46,-1.21,120.96,0.96,Fwd,4.36
1748746286.26,-3.46,-1.21,120.96,0.96,Fwd,4.36
1748746286.28,-3.46,-1.21,120.96,0.96,Fwd,4.36
1748746286.31,-2.77,-1.21,120.96,0.96,Fwd,4.36
1748746286.35,-2.77,-0.72,120.96,0.96,Fwd,4.36
1748746286.38,-2.77,-0.72,123.65,0.96,Fwd,4.36
1748746286.42,-2.77,-0.72,123.65,1.03,Fwd,4.36
1748746286.45,-2.77,-0.72,123.65,1.03,Fwd,4.36
1748746286.49,-2.77,-0.72,123.65,1.03,Fwd,4.36
1748746286.52,-2.77,-0.72,123.65,1.03,Fwd,4.36
1748746286.56,-2.77,-0.72,123.65,1.03,Fwd,4.36
1748746286.56,-1.96,-0.72,123.65,1.03,Fwd,4.36
1748746286.56,-1.96,0.12,123.65,1.03,Fwd,4.36
1748746286.56,-1.96,0.12,125.84,1.03,Fwd,4.36
1748746286.56,-1.96,0.12,125.84,0.99,Fwd,4.36
1748746286.56,-1.96,0.12,125.84,0.99,Fwd,4.36
1748746286.57,-1.96,0.12,125.84,0.99,Fwd,4.36
1748746286.57,-1.96,0.12,125.84,0.99,Fwd,4.36
1748746286.57,-1.96,0.12,125.84,0.99,Fwd,4.36
1748746286.57,-0.59,0.12,125.84,0.99,Fwd,4.36
1748746286.57,-0.59,1.30,125.84,0.99,Fwd,4.36
1748746286.57,-0.59,1.30,130.83,0.99,Fwd,4.36
1748746286.57,-0.59,1.30,130.83,0.97,Fwd,4.36
1748746286.57,-0.59,1.30,130.83,0.97,Fwd,4.36
1748746286.57,-0.59,1.30,130.83,0.97,Fwd,4.36
1748746286.57,-0.59,1.30,130.83,0.97,Fwd,4.36
1748746286.58,-0.59,1.30,130.83,0.97,Fwd,4.36
1748746286.58,-1.38,1.30,130.83,0.97,Fwd,4.36
1748746286.58,-1.38,0.74,130.83,0.97,Fwd,4.36
1748746286.63,-1.38,0.74,130.83,0.97,Fwd,3.38
1748746286.63,-3.32,0.74,130.83,0.97,Fwd,3.38
1748746286.63,-3.32,-0.37,130.83,0.97,Fwd,3.38
1748746286.63,-3.32,-0.37,135.27,0.97,Fwd,3.38
1748746286.63,-3.32,-0.37,135.27,0.95,Fwd,3.38
1748746286.63,-3.32,-0.37,135.27,0.95,Fwd,3.38
1748746286.66,-3.32,-0.37,135.27,0.95,Fwd,3.38
1748746286.66,-3.32,-0.37,135.27,0.95,Fwd,3.38
1748746286.73,-3.32,-0.37,135.27,0.95,Fwd,3.38
1748746286.73,-4.20,-0.37,135.27,0.95,Fwd,3.38
1748746286.74,-4.20,-2.10,135.27,0.95,Fwd,3.38
1748746286.74,-4.20,-2.10,138.54,0.95,Fwd,3.38
1748746286.74,-4.20,-2.10,138.54,0.94,Fwd,3.38
1748746286.74,-4.20,-2.10,138.54,0.94,Fwd,3.38
1748746286.74,-4.20,-2.10,138.54,0.94,Fwd,3.38
1748746286.74,-4.20,-2.10,138.54,0.94,Fwd,3.38
1748746286.85,-4.20,-2.10,138.54,0.94,Fwd,3.38
1748746286.85,-5.42,-2.10,138.54,0.94,Fwd,3.38
1748746286.86,-5.42,-3.37,138.54,0.94,Fwd,3.38
1748746286.86,-5.42,-3.37,142.54,0.94,Fwd,3.38
1748746286.86,-5.42,-3.37,142.54,0.99,Fwd,3.38
1748746286.86,-5.42,-3.37,142.54,0.99,Fwd,3.38
1748746286.86,-5.42,-3.37,142.54,0.99,Fwd,3.38
1748746286.86,-5.42,-3.37,142.54,0.99,Fwd,3.38
1748746286.95,-5.42,-3.37,142.54,0.99,Fwd,3.38
1748746286.95,-5.87,-3.37,142.54,0.99,Fwd,3.38
1748746286.96,-5.87,-4.14,142.54,0.99,Fwd,3.38
1748746286.96,-5.87,-4.14,146.99,0.99,Fwd,3.38
1748746286.96,-5.87,-4.14,146.99,0.99,Fwd,3.38
1748746286.96,-5.87,-4.14,146.99,0.99,Fwd,3.38
1748746286.96,-5.87,-4.14,146.99,0.99,Fwd,3.38
1748746286.96,-5.87,-4.14,146.99,0.99,Fwd,3.38
1748746287.06,-5.87,-4.14,146.99,0.99,Fwd,3.38
1748746287.06,-4.90,-4.14,146.99,0.99,Fwd,3.38
1748746287.06,-4.90,-4.29,146.99,0.99,Fwd,3.38
1748746287.06,-4.90,-4.29,151.38,0.99,Fwd,3.38
1748746287.06,-4.90,-4.29,151.38,0.97,Fwd,3.38
1748746287.07,-4.90,-4.29,151.38,0.97,Fwd,3.38
1748746287.07,-4.90,-4.29,151.38,0.97,Fwd,3.38
1748746287.07,-4.90,-4.29,151.38,0.97,Fwd,3.38
1748746287.16,-4.90,-4.29,151.38,0.97,Fwd,3.38
1748746287.20,-3.98,-4.29,151.38,0.97,Fwd,3.38
1748746287.23,-3.98,-4.31,151.38,0.97,Fwd,3.38
1748746287.27,-3.98,-4.31,155.29,0.97,Fwd,3.38
1748746287.27,-3.98,-4.31,155.29,0.98,Fwd,3.38
1748746287.27,-3.98,-4.31,155.29,0.98,Fwd,3.38
1748746287.28,-3.98,-4.31,155.29,0.98,Fwd,3.38
1748746287.28,-3.98,-4.31,155.29,0.98,Fwd,3.38
1748746287.28,-3.98,-4.31,155.29,0.98,Fwd,3.38
1748746287.28,-2.71,-4.31,155.29,0.98,Fwd,3.38
1748746287.28,-2.71,-4.59,155.29,0.98,Fwd,3.38
1748746287.28,-2.71,-4.59,158.37,0.98,Fwd,3.38
1748746287.28,-2.71,-4.59,158.37,0.96,Fwd,3.38
1748746287.33,-2.71,-4.59,158.37,0.96,Fwd,4.82
1748746287.34,-1.38,-4.59,158.37,0.96,Fwd,4.82
1748746287.34,-1.38,-4.48,158.37,0.96,Fwd,4.82
1748746287.34,-1.38,-4.48,160.61,0.96,Fwd,4.82
1748746287.34,-1.38,-4.48,160.61,0.99,Fwd,4.82
1748746287.35,-1.38,-4.48,160.61,0.99,Fwd,4.82
1748746287.35,-1.38,-4.48,160.61,0.99,Fwd,4.82
1748746287.35,-1.38,-4.48,160.61,0.99,Fwd,4.82
1748746287.44,-1.38,-4.48,160.61,0.99,Fwd,4.82
1748746287.44,0.15,-4.48,160.61,0.99,Fwd,4.82
1748746287.44,0.15,-3.40,160.61,0.99,Fwd,4.82
1748746287.47,0.15,-3.40,162.07,0.99,Fwd,4.82
1748746287.51,0.15,-3.40,162.07,0.95,Fwd,4.82
1748746287.51,0.15,-3.40,162.07,0.95,Fwd,4.82
1748746287.51,0.15,-3.40,162.07,0.95,Fwd,4.82
1748746287.51,0.15,-3.40,162.07,0.95,Fwd,4.82
1748746287.54,0.15,-3.40,162.07,0.95,Fwd,4.82
1748746287.55,-0.31,-3.40,162.07,0.95,Fwd,4.82
1748746287.55,-0.31,-1.56,162.07,0.95,Fwd,4.82
1748746287.55,-0.31,-1.56,163.37,0.95,Fwd,4.82
1748746287.55,-0.31,-1.56,163.37,1.00,Fwd,4.82
1748746287.56,-0.31,-1.56,163.37,1.00,Fwd,4.82
1748746287.56,-0.31,-1.56,163.37,1.00,Fwd,4.82
1748746287.56,-0.31,-1.56,163.37,1.00,Fwd,4.82
1748746287.65,-0.31,-1.56,163.37,1.00,Fwd,4.82
1748746287.68,-1.99,-1.56,163.37,1.00,Fwd,4.82
1748746287.72,-1.99,-0.02,163.37,1.00,Fwd,4.82
1748746287.72,-1.99,-0.02,164.48,1.00,Fwd,4.82
1748746287.72,-1.99,-0.02,164.48,0.99,Fwd,4.82
1748746287.73,-1.99,-0.02,164.48,0.99,Fwd,4.82
1748746287.73,-1.99,-0.02,164.48,0.99,Fwd,4.82
1748746287.73,-1.99,-0.02,164.48,0.99,Fwd,4.82
1748746287.75,-1.99,-0.02,164.48,0.99,Fwd,4.82
1748746287.75,-2.85,-0.02,164.48,0.99,Fwd,4.82
1748746287.75,-2.85,1.55,164.48,0.99,Fwd,4.82
1748746287.75,-2.85,1.55,165.40,0.99,Fwd,4.82
1748746287.76,-2.85,1.55,165.40,1.02,Fwd,4.82
1748746287.76,-2.85,1.55,165.40,1.02,Fwd,4.82
1748746287.76,-2.85,1.55,165.40,1.02,Fwd,4.82
1748746287.76,-2.85,1.55,165.40,1.02,Fwd,4.82
1748746287.86,-2.85,1.55,165.40,1.02,Fwd,4.82
1748746287.89,-4.20,1.55,165.40,1.02,Fwd,4.82
1748746287.89,-4.20,3.17,165.40,1.02,Fwd,4.82
1748746287.90,-4.20,3.17,166.28,1.02,Fwd,4.82
1748746287.90,-4.20,3.17,166.28,1.00,Fwd,4.82
1748746287.90,-4.20,3.17,166.28,1.00,Fwd,4.82
1748746287.90,-4.20,3.17,166.28,1.00,Fwd,4.82
1748746287.90,-4.20,3.17,166.28,1.00,Fwd,4.82
1748746287.96,-4.20,3.17,166.28,1.00,Fwd,4.82
1748746287.97,-5.31,3.17,166.28,1.00,Fwd,4.82
1748746287.97,-5.31,4.38,166.28,1.00,Fwd,4.82
1748746287.97,-5.31,4.38,167.33,1.00,Fwd,4.82
1748746287.97,-5.31,4.38,167.33,1.04,Fwd,4.82
1748746287.98,-5.31,4.38,167.33,1.04,Fwd,4.82
1748746287.99,-5.31,4.38,167.33,1.04,Fwd,4.82
1748746288.00,-5.31,4.38,167.33,1.04,Fwd,4.82
1748746288.03,-5.31,4.38,167.33,1.04,Fwd,4.73
1748746288.07,-5.55,4.38,167.33,1.04,Fwd,4.73
1748746288.07,-5.55,4.84,167.33,1.04,Fwd,4.73
1748746288.07,-5.55,4.84,168.98,1.04,Fwd,4.73
1748746288.07,-5.55,4.84,168.98,1.00,Fwd,4.73
1748746288.07,-5.55,4.84,168.98,1.00,Fwd,4.73
1748746288.08,-5.55,4.84,168.98,1.00,Fwd,4.73
1748746288.08,-5.55,4.84,168.98,1.00,Fwd,4.73
1748746288.14,-5.55,4.84,168.98,1.00,Fwd,4.73
1748746288.14,-4.31,4.84,168.98,1.00,Fwd,4.73
1748746288.14,-4.31,3.87,168.98,1.00,Fwd,4.73
1748746288.15,-4.31,3.87,171.45,1.00,Fwd,4.73
1748746288.15,-4.31,3.87,171.45,1.06,Fwd,4.73
1748746288.15,-4.31,3.87,171.45,1.06,Fwd,4.73
1748746288.15,-4.31,3.87,171.45,1.06,Fwd,4.73
1748746288.15,-4.31,3.87,171.45,1.06,Fwd,4.73
1748746288.24,-4.31,3.87,171.45,1.06,Fwd,4.73
1748746288.27,-3.73,3.87,171.45,1.06,Fwd,4.73
1748746288.28,-3.73,2.82,171.45,1.06,Fwd,4.73
1748746288.28,-3.73,2.82,174.26,1.06,Fwd,4.73
1748746288.28,-3.73,2.82,174.26,0.99,Fwd,4.73
1748746288.28,-3.73,2.82,174.26,0.99,Fwd,4.73
1748746288.28,-3.73,2.82,174.26,0.99,Fwd,4.73
1748746288.28,-3.73,2.82,174.26,0.99,Fwd,4.73
1748746288.35,-3.73,2.82,174.26,0.99,Fwd,4.73
1748746288.35,-3.48,2.82,174.26,0.99,Fwd,4.73
1748746288.35,-3.48,2.16,174.26,0.99,Fwd,4.73
1748746288.35,-3.48,2.16,177.19,0.99,Fwd,4.73
1748746288.35,-3.48,2.16,177.19,1.02,Fwd,4.73
1748746288.36,-3.48,2.16,177.19,1.02,Fwd,4.73
1748746288.36,-3.48,2.16,177.19,1.02,Fwd,4.73
1748746288.36,-3.48,2.16,177.19,1.02,Fwd,4.73
1748746288.46,-3.48,2.16,177.19,1.02,Fwd,4.73
1748746288.46,-3.36,2.16,177.19,1.02,Fwd,4.73
1748746288.46,-3.36,1.55,177.19,1.02,Fwd,4.73
1748746288.47,-3.36,1.55,180.18,1.02,Fwd,4.73
1748746288.47,-3.36,1.55,180.18,0.91,Fwd,4.73
1748746288.47,-3.36,1.55,180.18,0.91,Fwd,4.73
1748746288.47,-3.36,1.55,180.18,0.91,Fwd,4.73
1748746288.48,-3.36,1.55,180.18,0.91,Fwd,4.73
1748746288.56,-3.36,1.55,180.18,0.91,Fwd,4.73
1748746288.56,-2.77,1.55,180.18,0.91,Fwd,4.73
1748746288.57,-2.77,0.79,180.18,0.91,Fwd,4.73
1748746288.57,-2.77,0.79,183.27,0.91,Fwd,4.73
1748746288.57,-2.77,0.79,183.27,1.04,Fwd,4.73
1748746288.57,-2.77,0.79,183.27,1.04,Fwd,4.73
1748746288.59,-2.77,0.79,183.27,1.04,Fwd,4.73
1748746288.59,-2.77,0.79,183.27,1.04,Fwd,4.73
1748746288.62,-2.77,0.79,183.27,1.04,Fwd,6.93
1748746288.62,-2.14,0.79,183.27,1.04,Fwd,6.93
1748746288.62,-2.14,0.43,183.27,1.04,Fwd,6.93
1748746288.63,-2.14,0.43,186.04,1.04,Fwd,6.93
1748746288.63,-2.14,0.43,186.04,0.94,Fwd,6.93
1748746288.63,-2.14,0.43,186.04,0.94,Fwd,6.93
1748746288.63,-2.14,0.43,186.04,0.94,Fwd,6.93
1748746288.63,-2.14,0.43,186.04,0.94,Fwd,6.93
1748746288.73,-2.14,0.43,186.04,0.94,Fwd,6.93
1748746288.74,-1.45,0.43,186.04,0.94,Fwd,6.93
1748746288.74,-1.45,0.99,186.04,0.94,Fwd,6.93
1748746288.74,-1.45,0.99,188.07,0.94,Fwd,6.93
1748746288.74,-1.45,0.99,188.07,1.06,Fwd,6.93
1748746288.74,-1.45,0.99,188.07,1.06,Fwd,6.93
1748746288.75,-1.45,0.99,188.07,1.06,Fwd,6.93
1748746288.75,-1.45,0.99,188.07,1.06,Fwd,6.93
1748746288.84,-1.45,0.99,188.07,1.06,Fwd,6.93
1748746288.84,-0.60,0.99,188.07,1.06,Fwd,6.93
1748746288.84,-0.60,1.80,188.07,1.06,Fwd,6.93
1748746288.84,-0.60,1.80,189.21,1.06,Fwd,6.93
1748746288.85,-0.60,1.80,189.21,0.95,Fwd,6.93
1748746288.85,-0.60,1.80,189.21,0.95,Fwd,6.93
1748746288.85,-0.60,1.80,189.21,0.95,Fwd,6.93
1748746288.85,-0.60,1.80,189.21,0.95,Fwd,6.93
1748746288.94,-0.60,1.80,189.21,0.95,Fwd,6.93
1748746288.95,-0.84,1.80,189.21,0.95,Fwd,6.93
1748746288.95,-0.84,1.90,189.21,0.95,Fwd,6.93
1748746288.95,-0.84,1.90,189.77,0.95,Fwd,6.93
1748746288.96,-0.84,1.90,189.77,0.96,Fwd,6.93
1748746288.96,-0.84,1.90,189.77,0.96,Fwd,6.93
1748746288.96,-0.84,1.90,189.77,0.96,Fwd,6.93
1748746288.96,-0.84,1.90,189.77,0.96,Fwd,6.93
1748746289.05,-0.84,1.90,189.77,0.96,Fwd,6.93
1748746289.05,-0.72,1.90,189.77,0.96,Fwd,6.93
1748746289.05,-0.72,1.98,189.77,0.96,Fwd,6.93
1748746289.06,-0.72,1.98,190.47,0.96,Fwd,6.93
1748746289.06,-0.72,1.98,190.47,0.89,Fwd,6.93
1748746289.06,-0.72,1.98,190.47,0.89,Fwd,6.93
1748746289.08,-0.72,1.98,190.47,0.89,Fwd,6.93
1748746289.12,-0.72,1.98,190.47,0.89,Fwd,6.93
1748746289.16,-0.72,1.98,190.47,0.89,Fwd,6.93
1748746289.16,-0.49,1.98,190.47,0.89,Fwd,6.93
1748746289.16,-0.49,1.88,190.47,0.89,Fwd,6.93
1748746289.16,-0.49,1.88,191.48,0.89,Fwd,6.93
1748746289.17,-0.49,1.88,191.48,0.94,Fwd,6.93
1748746289.17,-0.49,1.88,191.48,0.94,Fwd,6.93
1748746289.17,-0.49,1.88,191.48,0.94,Fwd,6.93
1748746289.17,-0.49,1.88,191.48,0.94,Fwd,6.93
1748746289.26,-0.49,1.88,191.48,0.94,Fwd,5.69
1748746289.26,0.01,1.88,191.48,0.94,Fwd,5.69
1748746289.27,0.01,1.12,191.48,0.94,Fwd,5.69
1748746289.29,0.01,1.12,192.93,0.94,Fwd,5.69
1748746289.33,0.01,1.12,192.93,1.06,Fwd,5.69
1748746289.33,0.01,1.12,192.93,1.06,Fwd,5.69
1748746289.33,0.01,1.12,192.93,1.06,Fwd,5.69
1748746289.33,0.01,1.12,192.93,1.06,Fwd,5.69
1748746289.34,0.01,1.12,192.93,1.06,Fwd,5.69
1748746289.34,1.11,1.12,192.93,1.06,Fwd,5.69
1748746289.34,1.11,0.28,192.93,1.06,Fwd,5.69
1748746289.34,1.11,0.28,194.55,1.06,Fwd,5.69
1748746289.34,1.11,0.28,194.55,0.93,Fwd,5.69
1748746289.34,1.11,0.28,194.55,0.93,Fwd,5.69
1748746289.36,1.11,0.28,194.55,0.93,Fwd,5.69
1748746289.40,1.11,0.28,194.55,0.93,Fwd,5.69
1748746289.47,1.11,0.28,194.55,0.93,Fwd,5.69
1748746289.50,0.82,0.28,194.55,0.93,Fwd,5.69
1748746289.50,0.82,-1.15,194.55,0.93,Fwd,5.69
1748746289.50,0.82,-1.15,195.88,0.93,Fwd,5.69
1748746289.50,0.82,-1.15,195.88,0.74,Fwd,5.69
1748746289.51,0.82,-1.15,195.88,0.74,Fwd,5.69
1748746289.51,0.82,-1.15,195.88,0.74,Fwd,5.69
1748746289.51,0.82,-1.15,195.88,0.74,Fwd,5.69
1748746289.54,0.82,-1.15,195.88,0.74,Fwd,5.69
1748746289.54,-2.95,-1.15,195.88,0.74,Fwd,5.69
1748746289.54,-2.95,-1.24,195.88,0.74,Fwd,5.69
1748746289.54,-2.95,-1.24,198.10,0.74,Fwd,5.69
1748746289.54,-2.95,-1.24,198.10,1.09,Fwd,5.69
1748746289.54,-2.95,-1.24,198.10,1.09,Fwd,5.69
1748746289.54,-2.95,-1.24,198.10,1.09,Fwd,5.69
1748746289.54,-2.95,-1.24,198.10,1.09,Fwd,5.69