1748746418.09,-0.96,5.74,52.60,1.00,Fwd,1.40
1748746418.13,-0.96,6.05,52.60,1.00,Fwd,1.40
1748746418.13,-0.96,6.05,53.80,1.00,Fwd,1.40
1748746418.13,-0.96,6.05,53.80,1.03,Fwd,1.40
1748746418.13,-0.96,6.05,53.80,1.03,Fwd,1.40
1748746418.14,-0.96,6.05,53.80,1.03,Fwd,1.40
1748746418.14,-0.96,6.05,53.80,1.03,Fwd,1.40
1748746418.14,-0.96,6.05,53.80,1.03,Fwd,1.40
1748746418.14,0.19,6.05,53.80,1.03,Fwd,1.40
1748746418.14,0.19,6.30,53.80,1.03,Fwd,1.40
1748746418.16,0.19,6.30,53.80,1.11,Fwd,1.40
1748746418.16,0.19,6.30,53.80,1.11,Fwd,1.40
1748746418.16,0.19,6.30,53.80,1.11,Fwd,1.40
1748746418.16,0.19,6.30,53.80,1.11,Fwd,1.40
1748746418.23,0.19,6.30,53.80,1.11,Fwd,1.40
1748746418.23,-5.58,6.30,53.80,1.11,Fwd,1.40
1748746418.24,-5.58,11.67,53.80,1.11,Fwd,1.40
1748746418.24,-5.58,11.67,52.55,1.11,Fwd,1.40
1748746418.24,-5.58,11.67,52.55,1.35,Fwd,1.40
1748746418.25,-5.58,11.67,52.55,1.35,Fwd,1.40
1748746418.25,-5.58,11.67,52.55,1.35,Fwd,1.40
1748746418.25,-5.58,11.67,52.55,1.35,Fwd,1.40
1748746418.34,-5.58,11.67,52.55,1.35,Fwd,0.00
1748746418.34,-24.70,11.67,52.55,1.35,Fwd,0.00
1748746418.35,-24.70,23.75,52.55,1.35,Fwd,0.00
1748746418.35,-24.70,23.75,26.48,1.35,Fwd,0.00
1748746418.35,-24.70,23.75,26.48,0.15,Fwd,0.00
1748746418.35,-24.70,23.75,26.48,0.15,Fwd,0.00
1748746418.37,-24.70,23.75,26.48,0.15,Fwd,0.00
1748746418.41,-24.70,23.75,26.48,0.15,Fwd,0.00
1748746418.44,-24.70,23.75,26.48,0.15,Fwd,0.00
1748746418.44,-31.49,23.75,26.48,0.15,Fwd,0.00
1748746418.44,-31.49,21.63,26.48,0.15,Fwd,0.00
1748746418.44,-31.49,21.63,346.72,0.15,Fwd,0.00
1748746418.45,-31.49,21.63,346.72,-0.08,Fwd,0.00
1748746418.45,-31.49,21.63,346.72,-0.08,Fwd,0.00
1748746418.45,-31.49,21.63,346.72,-0.08,Fwd,0.00
1748746418.45,-31.49,21.63,346.72,-0.08,Fwd,0.00
1748746418.58,-31.49,21.63,346.72,-0.08,Fwd,0.00
1748746418.59,-29.82,21.63,346.72,-0.08,Fwd,0.00
1748746418.59,-29.82,26.02,346.72,-0.08,Fwd,0.00
1748746418.59,-29.82,26.02,309.92,-0.08,Fwd,0.00
1748746418.60,-29.82,26.02,309.92,-0.52,Fwd,0.00
1748746418.60,-29.82,26.02,309.92,-0.52,Fwd,0.00
1748746418.60,-29.82,26.02,309.92,-0.52,Fwd,0.00
1748746418.60,-29.82,26.02,309.92,-0.52,Fwd,0.00
1748746418.65,-29.82,26.02,309.92,-0.52,Fwd,0.00
1748746418.65,-42.23,26.02,309.92,-0.52,Fwd,0.00
1748746418.65,-42.23,28.03,309.92,-0.52,Fwd,0.00
1748746418.66,-42.23,28.03,274.81,-0.52,Fwd,0.00
1748746418.66,-42.23,28.03,274.81,-0.72,Fwd,0.00
1748746418.66,-42.23,28.03,274.81,-0.72,Fwd,0.00
1748746418.66,-42.23,28.03,274.81,-0.72,Fwd,0.00
1748746418.66,-42.23,28.03,274.81,-0.72,Fwd,0.00
1748746418.76,-42.23,28.03,274.81,-0.72,Fwd,0.00
1748746418.76,-39.05,28.03,274.81,-0.72,Fwd,0.00
1748746418.76,-39.05,20.11,274.81,-0.72,Fwd,0.00
1748746418.77,-39.05,20.11,253.62,-0.72,Fwd,0.00
1748746418.77,-39.05,20.11,253.62,-2.28,Fwd,0.00
1748746418.77,-39.05,20.11,253.62,-2.28,Fwd,0.00
1748746418.77,-39.05,20.11,253.62,-2.28,Fwd,0.00
1748746418.77,-39.05,20.11,253.62,-2.28,Fwd,0.00
1748746418.83,-39.05,20.11,253.62,-2.28,Fwd,0.00
1748746418.83,-31.48,20.11,253.62,-2.28,Fwd,0.00
1748746418.83,-31.48,13.11,253.62,-2.28,Fwd,0.00
1748746418.83,-31.48,13.11,249.73,-2.28,Fwd,0.00
1748746418.84,-31.48,13.11,249.73,1.50,Fwd,0.00
1748746418.84,-31.48,13.11,249.73,1.50,Fwd,0.00
1748746418.84,-31.48,13.11,249.73,1.50,Fwd,0.00
1748746418.84,-31.48,13.11,249.73,1.50,Fwd,0.00
1748746418.93,-31.48,13.11,249.73,1.50,Fwd,0.00
1748746418.97,-27.49,13.11,249.73,1.50,Fwd,0.00
1748746418.97,-27.49,7.52,249.73,1.50,Fwd,0.00
1748746418.97,-27.49,7.52,244.64,1.50,Fwd,0.00
1748746418.97,-27.49,7.52,244.64,0.96,Fwd,0.00
1748746418.97,-27.49,7.52,244.64,0.96,Fwd,0.00
1748746418.97,-27.49,7.52,244.64,0.96,Fwd,0.00
1748746418.98,-27.49,7.52,244.64,0.96,Fwd,0.00
1748746419.04,-27.49,7.52,244.64,0.96,Fwd,0.00
1748746419.04,-25.51,7.52,244.64,0.96,Fwd,0.00
1748746419.05,-25.51,0.90,244.64,0.96,Fwd,0.00
1748746419.05,-25.51,0.90,241.49,0.96,Fwd,0.00
1748746419.05,-25.51,0.90,241.49,0.73,Fwd,0.00
1748746419.05,-25.51,0.90,241.49,0.73,Fwd,0.00
1748746419.05,-25.51,0.90,241.49,0.73,Fwd,0.00
1748746419.05,-25.51,0.90,241.49,0.73,Fwd,0.00
1748746419.14,-25.51,0.90,241.49,0.73,Fwd,0.00
1748746419.15,-23.69,0.90,241.49,0.73,Fwd,0.00
1748746419.15,-23.69,-2.83,241.49,0.73,Fwd,0.00
1748746419.15,-23.69,-2.83,238.38,0.73,Fwd,0.00
1748746419.16,-23.69,-2.83,238.38,0.61,Fwd,0.00
1748746419.16,-23.69,-2.83,238.38,0.61,Fwd,0.00
1748746419.17,-23.69,-2.83,238.38,0.61,Fwd,0.00
1748746419.17,-23.69,-2.83,238.38,0.61,Fwd,0.00
1748746419.25,-23.69,-2.83,238.38,0.61,Fwd,0.00
1748746419.25,-20.52,-2.83,238.38,0.61,Fwd,0.00
1748746419.25,-20.52,-0.37,238.38,0.61,Fwd,0.00
1748746419.25,-20.52,-0.37,228.77,0.61,Fwd,0.00
1748746419.26,-20.52,-0.37,228.77,0.67,Fwd,0.00
1748746419.26,-20.52,-0.37,228.77,0.67,Fwd,0.00
1748746419.26,-20.52,-0.37,228.77,0.67,Fwd,0.00
1748746419.26,-20.52,-0.37,228.77,0.67,Fwd,0.00
1748746419.35,-20.52,-0.37,228.77,0.67,Fwd,0.00
1748746419.36,-13.05,-0.37,228.77,0.67,Fwd,0.00
1748746419.36,-13.05,2.86,228.77,0.67,Fwd,0.00
1748746419.36,-13.05,2.86,222.92,0.67,Fwd,0.00
1748746419.36,-13.05,2.86,222.92,0.84,Fwd,0.00
1748746419.36,-13.05,2.86,222.92,0.84,Fwd,0.00
1748746419.37,-13.05,2.86,222.92,0.84,Fwd,0.00
1748746419.37,-13.05,2.86,222.92,0.84,Fwd,0.00
1748746419.46,-13.05,2.86,222.92,0.84,Fwd,0.00
1748746419.49,-13.01,2.86,222.92,0.84,Fwd,0.00
1748746419.49,-13.01,-0.52,222.92,0.84,Fwd,0.00
1748746419.50,-13.01,-0.52,223.83,0.84,Fwd,0.00
1748746419.50,-13.01,-0.52,223.83,0.47,Fwd,0.00
1748746419.50,-13.01,-0.52,223.83,0.47,Fwd,0.00
1748746419.50,-13.01,-0.52,223.83,0.47,Fwd,0.00
1748746419.51,-13.01,-0.52,223.83,0.47,Fwd,0.00
1748746419.52,-13.01,-0.52,223.83,0.47,Fwd,0.00
1748746419.56,-16.63,-0.52,223.83,0.47,Fwd,0.00
1748746419.60,-16.63,-5.00,223.83,0.47,Fwd,0.00
1748746419.60,-16.63,-5.00,223.15,0.47,Fwd,0.00
1748746419.60,-16.63,-5.00,223.15,1.21,Fwd,0.00
1748746419.61,-16.63,-5.00,223.15,1.21,Fwd,0.00
1748746419.61,-16.63,-5.00,223.15,1.21,Fwd,0.00
1748746419.61,-16.63,-5.00,223.15,1.21,Fwd,0.00
1748746419.63,-16.63,-5.00,223.15,1.21,Fwd,0.00
1748746419.63,-19.10,-5.00,223.15,1.21,Fwd,0.00
1748746419.63,-19.10,-7.39,223.15,1.21,Fwd,0.00
1748746419.63,-19.10,-7.39,217.52,1.21,Fwd,0.00
1748746419.64,-19.10,-7.39,217.52,1.22,Fwd,0.00
1748746419.64,-19.10,-7.39,217.52,1.22,Fwd,0.00
1748746419.64,-19.10,-7.39,217.52,1.22,Fwd,0.00
1748746419.64,-19.10,-7.39,217.52,1.22,Fwd,0.00
1748746419.74,-19.10,-7.39,217.52,1.22,Fwd,2.62
1748746419.78,-19.88,-7.39,217.52,1.22,Fwd,2.62
1748746419.78,-19.88,-5.13,217.52,1.22,Fwd,2.62
1748746419.78,-19.88,-5.13,207.02,1.22,Fwd,2.62
1748746419.79,-19.88,-5.13,207.02,0.91,Fwd,2.62
1748746419.79,-19.88,-5.13,207.02,0.91,Fwd,2.62
1748746419.79,-19.88,-5.13,207.02,0.91,Fwd,2.62
1748746419.79,-19.88,-5.13,207.02,0.91,Fwd,2.62
1748746419.84,-19.88,-5.13,207.02,0.91,Fwd,2.62
1748746419.84,-17.44,-5.13,207.02,0.91,Fwd,2.62
1748746419.84,-17.44,-4.65,207.02,0.91,Fwd,2.62
1748746419.85,-17.44,-4.65,195.29,0.91,Fwd,2.62
1748746419.85,-17.44,-4.65,195.29,0.95,Fwd,2.62
1748746419.85,-17.44,-4.65,195.29,0.95,Fwd,2.62
1748746419.85,-17.44,-4.65,195.29,0.95,Fwd,2.62
1748746419.85,-17.44,-4.65,195.29,0.95,Fwd,2.62
1748746419.95,-17.44,-4.65,195.29,0.95,Fwd,2.62
1748746419.98,-15.40,-4.65,195.29,0.95,Fwd,2.62
1748746419.98,-15.40,-2.86,195.29,0.95,Fwd,2.62
1748746419.99,-15.40,-2.86,185.60,0.95,Fwd,2.62
1748746420.01,-15.40,-2.86,185.60,1.04,Fwd,2.62
1748746420.06,-15.40,-2.86,185.60,1.04,Fwd,2.62
1748746420.06,-15.40,-2.86,185.60,1.04,Fwd,2.62
1748746420.06,-15.40,-2.86,185.60,1.04,Fwd,2.62
1748746420.06,-15.40,-2.86,185.60,1.04,Fwd,2.62
1748746420.07,-13.03,-2.86,185.60,1.04,Fwd,2.62
1748746420.07,-13.03,-0.39,185.60,1.04,Fwd,2.62
1748746420.07,-13.03,-0.39,179.47,1.04,Fwd,2.62
1748746420.07,-13.03,-0.39,179.47,0.88,Fwd,2.62
1748746420.07,-13.03,-0.39,179.47,0.88,Fwd,2.62
1748746420.16,-13.03,-0.39,179.47,0.88,Fwd,2.62
1748746420.16,-11.07,-0.39,179.47,0.88,Fwd,2.62
1748746420.16,-11.07,1.58,179.47,0.88,Fwd,2.62
1748746420.16,-11.07,1.58,176.90,0.88,Fwd,2.62
1748746420.16,-11.07,1.58,176.90,0.93,Fwd,2.62
1748746420.16,-11.07,1.58,176.90,0.93,Fwd,2.62
1748746420.17,-11.07,1.58,176.90,0.93,Fwd,2.62
1748746420.17,-11.07,1.58,176.90,0.93,Fwd,2.62
1748746420.23,-11.07,1.58,176.90,0.93,Fwd,9.00
1748746420.23,-9.72,1.58,176.90,0.93,Fwd,9.00
1748746420.23,-9.72,2.80,176.90,0.93,Fwd,9.00
1748746420.23,-9.72,2.80,176.68,0.93,Fwd,9.00
1748746420.23,-9.72,2.80,176.68,0.83,Fwd,9.00
1748746420.24,-9.72,2.80,176.68,0.83,Fwd,9.00
1748746420.24,-9.72,2.80,176.68,0.83,Fwd,9.00
1748746420.24,-9.72,2.80,176.68,0.83,Fwd,9.00
1748746420.33,-9.72,2.80,176.68,0.83,Fwd,9.00
1748746420.33,-8.67,2.80,176.68,0.83,Fwd,9.00
1748746420.33,-8.67,3.96,176.68,0.83,Fwd,9.00
1748746420.33,-8.67,3.96,178.51,0.83,Fwd,9.00
1748746420.33,-8.67,3.96,178.51,0.93,Fwd,9.00
1748746420.34,-8.67,3.96,178.51,0.93,Fwd,9.00
1748746420.34,-8.67,3.96,178.51,0.93,Fwd,9.00
1748746420.34,-8.67,3.96,178.51,0.93,Fwd,9.00
1748746420.44,-8.67,3.96,178.51,0.93,Fwd,9.00
1748746420.44,-7.62,3.96,178.51,0.93,Fwd,9.00
1748746420.44,-7.62,4.70,178.51,0.93,Fwd,9.00
1748746420.45,-7.62,4.70,181.87,0.93,Fwd,9.00
1748746420.45,-7.62,4.70,181.87,0.85,Fwd,9.00
1748746420.45,-7.62,4.70,181.87,0.85,Fwd,9.00
1748746420.47,-7.62,4.70,181.87,0.85,Fwd,9.00
1748746420.50,-7.62,4.70,181.87,0.85,Fwd,9.00
1748746420.55,-7.62,4.70,181.87,0.85,Fwd,9.00
1748746420.56,-6.78,4.70,181.87,0.85,Fwd,9.00
1748746420.56,-6.78,5.05,181.87,0.85,Fwd,9.00
1748746420.56,-6.78,5.05,186.44,0.85,Fwd,9.00
1748746420.56,-6.78,5.05,186.44,1.02,Fwd,9.00
1748746420.56,-6.78,5.05,186.44,1.02,Fwd,9.00
1748746420.56,-6.78,5.05,186.44,1.02,Fwd,9.00
1748746420.56,-6.78,5.05,186.44,1.02,Fwd,9.00
1748746420.64,-6.78,5.05,186.44,1.02,Fwd,7.86
1748746420.68,-6.10,5.05,186.44,1.02,Fwd,7.86
1748746420.71,-6.10,5.26,186.44,1.02,Fwd,7.86
1748746420.71,-6.10,5.26,191.97,1.02,Fwd,7.86
1748746420.71,-6.10,5.26,191.97,1.06,Fwd,7.86
1748746420.72,-6.10,5.26,191.97,1.06,Fwd,7.86
1748746420.72,-6.10,5.26,191.97,1.06,Fwd,7.86
1748746420.72,-6.10,5.26,191.97,1.06,Fwd,7.86
1748746420.75,-6.10,5.26,191.97,1.06,Fwd,7.86
1748746420.75,-5.64,5.26,191.97,1.06,Fwd,7.86
1748746420.75,-5.64,4.71,191.97,1.06,Fwd,7.86
1748746420.76,-5.64,4.71,198.27,1.06,Fwd,7.86
1748746420.76,-5.64,4.71,198.27,0.89,Fwd,7.86
1748746420.76,-5.64,4.71,198.27,0.89,Fwd,7.86
1748746420.76,-5.64,4.71,198.27,0.89,Fwd,7.86
1748746420.76,-5.64,4.71,198.27,0.89,Fwd,7.86
1748746420.85,-5.64,4.71,198.27,0.89,Fwd,7.86
1748746420.89,-5.52,4.71,198.27,0.89,Fwd,7.86
1748746420.89,-5.52,3.73,198.27,0.89,Fwd,7.86
1748746420.90,-5.52,3.73,204.75,0.89,Fwd,7.86
1748746420.90,-5.52,3.73,204.75,1.01,Fwd,7.86
1748746420.90,-5.52,3.73,204.75,1.01,Fwd,7.86
1748746420.90,-5.52,3.73,204.75,1.01,Fwd,7.86
1748746420.90,-5.52,3.73,204.75,1.01,Fwd,7.86
1748746420.92,-5.52,3.73,204.75,1.01,Fwd,7.86
1748746420.92,-5.40,3.73,204.75,1.01,Fwd,7.86
1748746420.93,-5.40,2.69,204.75,1.01,Fwd,7.86
1748746420.93,-5.40,2.69,211.24,1.01,Fwd,7.86
1748746420.93,-5.40,2.69,211.24,1.00,Fwd,7.86
1748746420.93,-5.40,2.69,211.24,1.00,Fwd,7.86
1748746420.93,-5.40,2.69,211.24,1.00,Fwd,7.86
1748746420.93,-5.40,2.69,211.24,1.00,Fwd,7.86
1748746421.03,-5.40,2.69,211.24,1.00,Fwd,7.86
1748746421.03,-5.25,2.69,211.24,1.00,Fwd,7.86
1748746421.04,-5.25,1.97,211.24,1.00,Fwd,7.86
1748746421.04,-5.25,1.97,217.75,1.00,Fwd,7.86
1748746421.04,-5.25,1.97,217.75,1.00,Fwd,7.86
1748746421.04,-5.25,1.97,217.75,1.00,Fwd,7.86
1748746421.06,-5.25,1.97,217.75,1.00,Fwd,7.86
1748746421.10,-5.25,1.97,217.75,1.00,Fwd,7.86
1748746421.14,-5.25,1.97,217.75,1.00,Fwd,8.03
1748746421.14,-4.87,1.97,217.75,1.00,Fwd,8.03
1748746421.14,-4.87,1.25,217.75,1.00,Fwd,8.03
1748746421.15,-4.87,1.25,223.94,1.00,Fwd,8.03
1748746421.15,-4.87,1.25,223.94,1.04,Fwd,8.03
1748746421.15,-4.87,1.25,223.94,1.04,Fwd,8.03
1748746421.15,-4.87,1.25,223.94,1.04,Fwd,8.03
1748746421.15,-4.87,1.25,223.94,1.04,Fwd,8.03
1748746421.24,-4.87,1.25,223.94,1.04,Fwd,8.03
1748746421.27,-4.01,1.25,223.94,1.04,Fwd,8.03
1748746421.31,-4.01,0.78,223.94,1.04,Fwd,8.03
1748746421.31,-4.01,0.78,229.40,1.04,Fwd,8.03
1748746421.31,-4.01,0.78,229.40,1.19,Fwd,8.03
1748746421.32,-4.01,0.78,229.40,1.19,Fwd,8.03
1748746421.32,-4.01,0.78,229.40,1.19,Fwd,8.03
1748746421.32,-4.01,0.78,229.40,1.19,Fwd,8.03
1748746421.35,-4.01,0.78,229.40,1.19,Fwd,8.03
1748746421.35,-3.62,0.78,229.40,1.19,Fwd,8.03
1748746421.35,-3.62,0.60,229.40,1.19,Fwd,8.03
1748746421.35,-3.62,0.60,234.52,1.19,Fwd,8.03
1748746421.35,-3.62,0.60,234.52,1.10,Fwd,8.03
1748746421.36,-3.62,0.60,234.52,1.10,Fwd,8.03
1748746421.36,-3.62,0.60,234.52,1.10,Fwd,8.03
1748746421.36,-3.62,0.60,234.52,1.10,Fwd,8.03
1748746421.45,-3.62,0.60,234.52,1.10,Fwd,8.03
1748746421.48,-3.13,0.60,234.52,1.10,Fwd,8.03
1748746421.52,-3.13,0.04,234.52,1.10,Fwd,8.03
1748746421.53,-3.13,0.04,239.59,1.10,Fwd,8.03
1748746421.53,-3.13,0.04,239.59,0.89,Fwd,8.03
1748746421.53,-3.13,0.04,239.59,0.89,Fwd,8.03
1748746421.53,-3.13,0.04,239.59,0.89,Fwd,8.03
1748746421.54,-3.13,0.04,239.59,0.89,Fwd,8.03
1748746421.54,-3.13,0.04,239.59,0.89,Fwd,8.03
1748746421.54,-2.96,0.04,239.59,0.89,Fwd,8.03
1748746421.54,-2.96,-0.29,239.59,0.89,Fwd,8.03
1748746421.55,-2.96,-0.29,244.61,0.89,Fwd,8.03
1748746421.55,-2.96,-0.29,244.61,1.01,Fwd,8.03
1748746421.55,-2.96,-0.29,244.61,1.01,Fwd,8.03
1748746421.55,-2.96,-0.29,244.61,1.01,Fwd,8.03
1748746421.56,-2.96,-0.29,244.61,1.01,Fwd,8.03
1748746421.63,-2.96,-0.29,244.61,1.01,Fwd,7.05
1748746421.63,-2.76,-0.29,244.61,1.01,Fwd,7.05
1748746421.63,-2.76,-0.45,244.61,1.01,Fwd,7.05
1748746421.63,-2.76,-0.45,249.34,1.01,Fwd,7.05
1748746421.63,-2.76,-0.45,249.34,0.96,Fwd,7.05
1748746421.64,-2.76,-0.45,249.34,0.96,Fwd,7.05
1748746421.64,-2.76,-0.45,249.34,0.96,Fwd,7.05
1748746421.64,-2.76,-0.45,249.34,0.96,Fwd,7.05
1748746421.73,-2.76,-0.45,249.34,0.96,Fwd,7.05
1748746421.77,-2.43,-0.45,249.34,0.96,Fwd,7.05
1748746421.80,-2.43,-0.88,249.34,0.96,Fwd,7.05
1748746421.80,-2.43,-0.88,254.01,0.96,Fwd,7.05
1748746421.81,-2.43,-0.88,254.01,0.96,Fwd,7.05
1748746421.81,-2.43,-0.88,254.01,0.96,Fwd,7.05
1748746421.81,-2.43,-0.88,254.01,0.96,Fwd,7.05
1748746421.81,-2.43,-0.88,254.01,0.96,Fwd,7.05
1748746421.83,-2.43,-0.88,254.01,0.96,Fwd,7.05
1748746421.83,-1.74,-0.88,254.01,0.96,Fwd,7.05
1748746421.83,-1.74,-1.53,254.01,0.96,Fwd,7.05
1748746421.83,-1.74,-1.53,258.84,0.96,Fwd,7.05
1748746421.84,-1.74,-1.53,258.84,0.92,Fwd,7.05
1748746421.84,-1.74,-1.53,258.84,0.92,Fwd,7.05
1748746421.84,-1.74,-1.53,258.84,0.92,Fwd,7.05
1748746421.84,-1.74,-1.53,258.84,0.92,Fwd,7.05
1748746421.94,-1.74,-1.53,258.84,0.92,Fwd,7.05
1748746421.97,-1.35,-1.53,258.84,0.92,Fwd,7.05
1748746421.97,-1.35,-1.73,258.84,0.92,Fwd,7.05
1748746421.97,-1.35,-1.73,263.66,0.92,Fwd,7.05
1748746421.98,-1.35,-1.73,263.66,0.97,Fwd,7.05
1748746421.98,-1.35,-1.73,263.66,0.97,Fwd,7.05
1748746421.98,-1.35,-1.73,263.66,0.97,Fwd,7.05
1748746421.98,-1.35,-1.73,263.66,0.97,Fwd,7.05
1748746422.04,-1.35,-1.73,263.66,0.97,Fwd,7.05
1748746422.04,-1.13,-1.73,263.66,0.97,Fwd,7.05
1748746422.05,-1.13,-2.02,263.66,0.97,Fwd,7.05
1748746422.05,-1.13,-2.02,268.36,0.97,Fwd,7.05
1748746422.05,-1.13,-2.02,268.36,0.97,Fwd,7.05
1748746422.05,-1.13,-2.02,268.36,0.97,Fwd,7.05
1748746422.05,-1.13,-2.02,268.36,0.97,Fwd,7.05
1748746422.05,-1.13,-2.02,268.36,0.97,Fwd,7.05
1748746422.15,-1.13,-2.02,268.36,0.97,Fwd,7.05
1748746422.15,-1.22,-2.02,268.36,0.97,Fwd,7.05
1748746422.15,-1.22,-2.39,268.36,0.97,Fwd,7.05
1748746422.15,-1.22,-2.39,272.84,0.97,Fwd,7.05
1748746422.15,-1.22,-2.39,272.84,0.95,Fwd,7.05
1748746422.15,-1.22,-2.39,272.84,0.95,Fwd,7.05
1748746422.15,-1.22,-2.39,272.84,0.95,Fwd,7.05
1748746422.16,-1.22,-2.39,272.84,0.95,Fwd,7.05
1748746422.25,-1.22,-2.39,272.84,0.95,Fwd,7.05
1748746422.25,-0.95,-2.39,272.84,0.95,Fwd,7.05
1748746422.25,-0.95,-3.37,272.84,0.95,Fwd,7.05
1748746422.26,-0.95,-3.37,277.45,0.95,Fwd,7.05
1748746422.26,-0.95,-3.37,277.45,1.00,Fwd,7.05
1748746422.26,-0.95,-3.37,277.45,1.00,Fwd,7.05
1748746422.29,-0.95,-3.37,277.45,1.00,Fwd,7.05
1748746422.29,-0.95,-3.37,277.45,1.00,Fwd,7.05
1748746422.32,-0.95,-3.37,277.45,1.00,Fwd,5.79
1748746422.33,-0.89,-3.37,277.45,1.00,Fwd,5.79
1748746422.33,-0.89,-4.25,277.45,1.00,Fwd,5.79
1748746422.33,-0.89,-4.25,282.14,1.00,Fwd,5.79
1748746422.33,-0.89,-4.25,282.14,1.00,Fwd,5.79
1748746422.33,-0.89,-4.25,282.14,1.00,Fwd,5.79
1748746422.33,-0.89,-4.25,282.14,1.00,Fwd,5.79
1748746422.33,-0.89,-4.25,282.14,1.00,Fwd,5.79
1748746422.43,-0.89,-4.25,282.14,1.00,Fwd,5.79
1748746422.43,-1.38,-4.25,282.14,1.00,Fwd,5.79
1748746422.43,-1.38,-4.27,282.14,1.00,Fwd,5.79
1748746422.46,-1.38,-4.27,286.75,1.00,Fwd,5.79
1748746422.50,-1.38,-4.27,286.75,0.99,Fwd,5.79
1748746422.50,-1.38,-4.27,286.75,0.99,Fwd,5.79
1748746422.50,-1.38,-4.27,286.75,0.99,Fwd,5.79
1748746422.50,-1.38,-4.27,286.75,0.99,Fwd,5.79
1748746422.53,-1.38,-4.27,286.75,0.99,Fwd,5.79
1748746422.53,-1.59,-4.27,286.75,0.99,Fwd,5.79
1748746422.53,-1.59,-4.35,286.75,0.99,Fwd,5.79
1748746422.53,-1.59,-4.35,290.97,0.99,Fwd,5.79
1748746422.54,-1.59,-4.35,290.97,0.99,Fwd,5.79
1748746422.54,-1.59,-4.35,290.97,0.99,Fwd,5.79
1748746422.54,-1.59,-4.35,290.97,0.99,Fwd,5.79
1748746422.54,-1.59,-4.35,290.97,0.99,Fwd,5.79
1748746422.64,-1.59,-4.35,290.97,0.99,Fwd,5.79
1748746422.64,-1.64,-4.35,290.97,0.99,Fwd,5.79
1748746422.64,-1.64,-4.37,290.97,0.99,Fwd,5.79
1748746422.64,-1.64,-4.37,294.76,0.99,Fwd,5.79
1748746422.64,-1.64,-4.37,294.76,0.93,Fwd,5.79
1748746422.64,-1.64,-4.37,294.76,0.93,Fwd,5.79
1748746422.64,-1.64,-4.37,294.76,0.93,Fwd,5.79
1748746422.65,-1.64,-4.37,294.76,0.93,Fwd,5.79
1748746422.75,-1.64,-4.37,294.76,0.93,Fwd,5.79
1748746422.76,-1.72,-4.37,294.76,0.93,Fwd,5.79
1748746422.76,-1.72,-4.06,294.76,0.93,Fwd,5.79
1748746422.76,-1.72,-4.06,298.18,0.93,Fwd,5.79
1748746422.76,-1.72,-4.06,298.18,0.95,Fwd,5.79
1748746422.76,-1.72,-4.06,298.18,0.95,Fwd,5.79
1748746422.76,-1.72,-4.06,298.18,0.95,Fwd,5.79
1748746422.77,-1.72,-4.06,298.18,0.95,Fwd,5.79
1748746422.85,-1.72,-4.06,298.18,0.95,Fwd,5.79
1748746422.85,-1.57,-4.06,298.18,0.95,Fwd,5.79
1748746422.86,-1.57,-3.77,298.18,0.95,Fwd,5.79
1748746422.86,-1.57,-3.77,301.59,0.95,Fwd,5.79
1748746422.86,-1.57,-3.77,301.59,1.00,Fwd,5.79
1748746422.86,-1.57,-3.77,301.59,1.00,Fwd,5.79
1748746422.86,-1.57,-3.77,301.59,1.00,Fwd,5.79
1748746422.86,-1.57,-3.77,301.59,1.00,Fwd,5.79
1748746422.96,-1.57,-3.77,301.59,1.00,Fwd,5.79
1748746422.96,-1.46,-3.77,301.59,1.00,Fwd,5.79
1748746422.96,-1.46,-3.41,301.59,1.00,Fwd,5.79
1748746422.99,-1.46,-3.41,305.10,1.00,Fwd,5.79
1748746423.02,-1.46,-3.41,305.10,0.98,Fwd,5.79
1748746423.06,-1.46,-3.41,305.10,0.98,Fwd,5.79
1748746423.06,-1.46,-3.41,305.10,0.98,Fwd,5.79
1748746423.06,-1.46,-3.41,305.10,0.98,Fwd,5.79
1748746423.07,-1.46,-3.41,305.10,0.98,Fwd,5.12
1748746423.07,-1.45,-3.41,305.10,0.98,Fwd,5.12
1748746423.07,-1.45,-2.97,305.10,0.98,Fwd,5.12
1748746423.07,-1.45,-2.97,308.79,0.98,Fwd,5.12
1748746423.07,-1.45,-2.97,308.79,1.02,Fwd,5.12
1748746423.09,-1.45,-2.97,308.79,1.02,Fwd,5.12
1748746423.10,-1.45,-2.97,308.79,1.02,Fwd,5.12
1748746423.10,-1.45,-2.97,308.79,1.02,Fwd,5.12
1748746423.13,-1.45,-2.97,308.79,1.02,Fwd,5.12
1748746423.14,-1.31,-2.97,308.79,1.02,Fwd,5.12
1748746423.14,-1.31,-2.36,308.79,1.02,Fwd,5.12
1748746423.14,-1.31,-2.36,312.61,1.02,Fwd,5.12
1748746423.14,-1.31,-2.36,312.61,1.03,Fwd,5.12
1748746423.15,-1.31,-2.36,312.61,1.03,Fwd,5.12
1748746423.15,-1.31,-2.36,312.61,1.03,Fwd,5.12
1748746423.15,-1.31,-2.36,312.61,1.03,Fwd,5.12
1748746423.24,-1.31,-2.36,312.61,1.03,Fwd,5.12
1748746423.27,-1.00,-2.36,312.61,1.03,Fwd,5.12
1748746423.27,-1.00,-1.97,312.61,1.03,Fwd,5.12
1748746423.28,-1.00,-1.97,316.47,1.03,Fwd,5.12
1748746423.28,-1.00,-1.97,316.47,0.98,Fwd,5.12
1748746423.28,-1.00,-1.97,316.47,0.98,Fwd,5.12
1748746423.28,-1.00,-1.97,316.47,0.98,Fwd,5.12
1748746423.28,-1.00,-1.97,316.47,0.98,Fwd,5.12
1748746423.35,-1.00,-1.97,316.47,0.98,Fwd,5.12
1748746423.35,-0.84,-1.97,316.47,0.98,Fwd,5.12
1748746423.35,-0.84,-1.89,316.47,0.98,Fwd,5.12
1748746423.35,-0.84,-1.89,320.41,0.98,Fwd,5.12
1748746423.35,-0.84,-1.89,320.41,0.94,Fwd,5.12
1748746423.35,-0.84,-1.89,320.41,0.94,Fwd,5.12
1748746423.36,-0.84,-1.89,320.41,0.94,Fwd,5.12
1748746423.36,-0.84,-1.89,320.41,0.94,Fwd,5.12
1748746423.45,-0.84,-1.89,320.41,0.94,Fwd,5.12
1748746423.45,-0.42,-1.89,320.41,0.94,Fwd,5.12
1748746423.46,-0.42,-1.85,320.41,0.94,Fwd,5.12
1748746423.46,-0.42,-1.85,324.55,0.94,Fwd,5.12
1748746423.46,-0.42,-1.85,324.55,0.91,Fwd,5.12
1748746423.46,-0.42,-1.85,324.55,0.91,Fwd,5.12
1748746423.47,-0.42,-1.85,324.55,0.91,Fwd,5.12
1748746423.47,-0.42,-1.85,324.55,0.91,Fwd,5.12
1748746423.55,-0.42,-1.85,324.55,0.91,Fwd,5.12
1748746423.56,-0.24,-1.85,324.55,0.91,Fwd,5.12
1748746423.56,-0.24,-1.80,324.55,0.91,Fwd,5.12
1748746423.56,-0.24,-1.80,329.11,0.91,Fwd,5.12
1748746423.56,-0.24,-1.80,329.11,0.98,Fwd,5.12
1748746423.57,-0.24,-1.80,329.11,0.98,Fwd,5.12
1748746423.57,-0.24,-1.80,329.11,0.98,Fwd,5.12
1748746423.57,-0.24,-1.80,329.11,0.98,Fwd,5.12
1748746423.66,-0.24,-1.80,329.11,0.98,Fwd,5.12
1748746423.69,-0.09,-1.80,329.11,0.98,Fwd,5.12
1748746423.73,-0.09,-2.01,329.11,0.98,Fwd,5.12
1748746423.76,-0.09,-2.01,334.09,0.98,Fwd,5.12
1748746423.80,-0.09,-2.01,334.09,1.03,Fwd,5.12
1748746423.83,-0.09,-2.01,334.09,1.03,Fwd,5.12
1748746423.84,-0.09,-2.01,334.09,1.03,Fwd,5.12
1748746423.84,-0.09,-2.01,334.09,1.03,Fwd,5.12
1748746423.84,-0.09,-2.01,334.09,1.03,Fwd,5.12
1748746423.84,-0.07,-2.01,334.09,1.03,Fwd,5.12
1748746423.85,-0.07,-2.39,334.09,1.03,Fwd,5.12
1748746423.85,-0.07,-2.39,345.07,1.03,Fwd,5.12
1748746423.85,-0.07,-2.39,345.07,0.97,Fwd,5.12
1748746423.85,-0.07,-2.39,345.07,0.97,Fwd,5.12
1748746423.85,-0.07,-2.39,345.07,0.97,Fwd,5.12
1748746423.86,-0.11,-2.39,345.07,0.97,Fwd,5.12
1748746423.86,-0.11,-2.87,345.07,0.97,Fwd,5.12
1748746423.86,-0.11,-2.87,345.07,1.01,Fwd,5.12
1748746423.86,-0.11,-2.87,345.07,1.01,Fwd,5.12
1748746423.86,-0.11,-2.87,345.07,1.01,Fwd,5.12
1748746423.86,-0.11,-2.87,345.07,1.01,Fwd,5.12
1748746423.94,-0.11,-2.87,345.07,1.01,Fwd,4.32
1748746423.97,-0.19,-2.87,345.07,1.01,Fwd,4.32
1748746424.00,-0.19,-3.28,345.07,1.01,Fwd,4.32
1748746424.01,-0.19,-3.28,350.70,1.01,Fwd,4.32
1748746424.01,-0.19,-3.28,350.70,0.92,Fwd,4.32
1748746424.04,-0.19,-3.28,350.70,0.92,Fwd,4.32
1748746424.08,-0.19,-3.28,350.70,0.92,Fwd,4.32
1748746424.08,-0.19,-3.28,350.70,0.92,Fwd,4.32
1748746424.08,-0.19,-3.28,350.70,0.92,Fwd,4.32
1748746424.08,-0.31,-3.28,350.70,0.92,Fwd,4.32
1748746424.08,-0.31,-3.88,350.70,0.92,Fwd,4.32
1748746424.09,-0.31,-3.88,356.31,0.92,Fwd,4.32
1748746424.09,-0.31,-3.88,356.31,0.95,Fwd,4.32
1748746424.09,-0.31,-3.88,356.31,0.95,Fwd,4.32
1748746424.09,-0.31,-3.88,356.31,0.95,Fwd,4.32
1748746424.09,-0.31,-3.88,356.31,0.95,Fwd,4.32
1748746424.15,-0.31,-3.88,356.31,0.95,Fwd,4.32
1748746424.15,-0.48,-3.88,356.31,0.95,Fwd,4.32
1748746424.15,-0.48,-4.31,356.31,0.95,Fwd,4.32
1748746424.16,-0.48,-4.31,2.14,0.95,Fwd,4.32
1748746424.16,-0.48,-4.31,2.14,1.07,Fwd,4.32
1748746424.16,-0.48,-4.31,2.14,1.07,Fwd,4.32
1748746424.16,-0.48,-4.31,2.14,1.07,Fwd,4.32
1748746424.16,-0.48,-4.31,2.14,1.07,Fwd,4.32
1748746424.25,-0.48,-4.31,2.14,1.07,Fwd,4.32
1748746424.28,-0.66,-4.31,2.14,1.07,Fwd,4.32
1748746424.28,-0.66,-5.07,2.14,1.07,Fwd,4.32
1748746424.28,-0.66,-5.07,8.19,1.07,Fwd,4.32
1748746424.29,-0.66,-5.07,8.19,0.95,Fwd,4.32
1748746424.29,-0.66,-5.07,8.19,0.95,Fwd,4.32
1748746424.29,-0.66,-5.07,8.19,0.95,Fwd,4.32
1748746424.29,-0.66,-5.07,8.19,0.95,Fwd,4.32
1748746424.36,-0.66,-5.07,8.19,0.95,Fwd,4.32
1748746424.39,-1.08,-5.07,8.19,0.95,Fwd,4.32
1748746424.43,-1.08,-5.76,8.19,0.95,Fwd,4.32
1748746424.43,-1.08,-5.76,14.04,0.95,Fwd,4.32
1748746424.43,-1.08,-5.76,14.04,0.94,Fwd,4.32
1748746424.43,-1.08,-5.76,14.04,0.94,Fwd,4.32
1748746424.44,-1.08,-5.76,14.04,0.94,Fwd,4.32
1748746424.44,-1.08,-5.76,14.04,0.94,Fwd,4.32
1748746424.44,-1.08,-5.76,14.04,0.94,Fwd,4.32
1748746424.44,-1.21,-5.76,14.04,0.94,Fwd,4.32
1748746424.44,-1.21,-6.28,14.04,0.94,Fwd,4.32
1748746424.44,-1.21,-6.28,18.94,0.94,Fwd,4.32
1748746424.46,-1.21,-6.28,18.94,0.91,Fwd,4.32
1748746424.46,-1.21,-6.28,18.94,0.91,Fwd,4.32
1748746424.46,-1.21,-6.28,18.94,0.91,Fwd,4.32
1748746424.46,-1.21,-6.28,18.94,0.91,Fwd,4.32
1748746424.53,-1.21,-6.28,18.94,0.91,Fwd,4.32
1748746424.54,-1.06,-6.28,18.94,0.91,Fwd,4.32
1748746424.54,-1.06,-6.24,18.94,0.91,Fwd,4.32
1748746424.54,-1.06,-6.24,22.94,0.91,Fwd,4.32
1748746424.54,-1.06,-6.24,22.94,0.96,Fwd,4.32
1748746424.55,-1.06,-6.24,22.94,0.96,Fwd,4.32
1748746424.55,-1.06,-6.24,22.94,0.96,Fwd,4.32
1748746424.55,-1.06,-6.24,22.94,0.96,Fwd,4.32
1748746424.64,-1.06,-6.24,22.94,0.96,Fwd,4.32
1748746424.64,-1.32,-6.24,22.94,0.96,Fwd,4.32
1748746424.64,-1.32,-5.49,22.94,0.96,Fwd,4.32
1748746424.64,-1.32,-5.49,26.48,0.96,Fwd,4.32
1748746424.65,-1.32,-5.49,26.48,1.00,Fwd,4.32
1748746424.65,-1.32,-5.49,26.48,1.00,Fwd,4.32
1748746424.65,-1.32,-5.49,26.48,1.00,Fwd,4.32
1748746424.65,-1.32,-5.49,26.48,1.00,Fwd,4.32
1748746424.74,-1.32,-5.49,26.48,1.00,Fwd,4.32
1748746424.75,-1.15,-5.49,26.48,1.00,Fwd,4.32
1748746424.75,-1.15,-4.73,26.48,1.00,Fwd,4.32
1748746424.75,-1.15,-4.73,30.08,1.00,Fwd,4.32
1748746424.76,-1.15,-4.73,30.08,0.90,Fwd,4.32
1748746424.76,-1.15,-4.73,30.08,0.90,Fwd,4.32
1748746424.76,-1.15,-4.73,30.08,0.90,Fwd,4.32
1748746424.76,-1.15,-4.73,30.08,0.90,Fwd,4.32
1748746424.85,-1.15,-4.73,30.08,0.90,Fwd,3.85
1748746424.88,-0.79,-4.73,30.08,0.90,Fwd,3.85
1748746424.92,-0.79,-3.90,30.08,0.90,Fwd,3.85
1748746424.92,-0.79,-3.90,33.76,0.90,Fwd,3.85
1748746424.92,-0.79,-3.90,33.76,1.01,Fwd,3.85
1748746424.92,-0.79,-3.90,33.76,1.01,Fwd,3.85
1748746424.93,-0.79,-3.90,33.76,1.01,Fwd,3.85
1748746424.93,-0.79,-3.90,33.76,1.01,Fwd,3.85
1748746424.95,-0.79,-3.90,33.76,1.01,Fwd,3.85
1748746424.95,-0.67,-3.90,33.76,1.01,Fwd,3.85
1748746424.95,-0.67,-2.73,33.76,1.01,Fwd,3.85
1748746424.95,-0.67,-2.73,37.44,1.01,Fwd,3.85
1748746424.95,-0.67,-2.73,37.44,0.96,Fwd,3.85
1748746424.95,-0.67,-2.73,37.44,0.96,Fwd,3.85
1748746424.96,-0.67,-2.73,37.44,0.96,Fwd,3.85
1748746424.96,-0.67,-2.73,37.44,0.96,Fwd,3.85
1748746425.06,-0.67,-2.73,37.44,0.96,Fwd,3.85
1748746425.09,-0.79,-2.73,37.44,0.96,Fwd,3.85
1748746425.13,-0.79,-1.65,37.44,0.96,Fwd,3.85
1748746425.13,-0.79,-1.65,45.36,0.96,Fwd,3.85
1748746425.14,-0.79,-1.65,45.36,0.93,Fwd,3.85
1748746425.14,-0.79,-1.65,45.36,0.93,Fwd,3.85
1748746425.14,-0.79,-1.65,45.36,0.93,Fwd,3.85
1748746425.14,-0.79,-1.65,45.36,0.93,Fwd,3.85
1748746425.14,-0.79,-1.65,45.36,0.93,Fwd,3.85
1748746425.15,-0.99,-1.65,45.36,0.93,Fwd,3.85
1748746425.15,-0.99,-0.33,45.36,0.93,Fwd,3.85
1748746425.17,-0.99,-0.33,45.36,1.02,Fwd,3.85
1748746425.17,-0.99,-0.33,45.36,1.02,Fwd,3.85
1748746425.17,-0.99,-0.33,45.36,1.02,Fwd,3.85
1748746425.17,-0.99,-0.33,45.36,1.02,Fwd,3.85
1748746425.23,-0.99,-0.33,45.36,1.02,Fwd,3.85
1748746425.24,-2.40,-0.33,45.36,1.02,Fwd,3.85
1748746425.24,-2.40,-0.13,45.36,1.02,Fwd,3.85
1748746425.26,-2.40,-0.13,49.98,1.02,Fwd,3.85
1748746425.27,-2.40,-0.13,49.98,0.92,Fwd,3.85
1748746425.27,-2.40,-0.13,49.98,0.92,Fwd,3.85
1748746425.27,-2.40,-0.13,49.98,0.92,Fwd,3.85
1748746425.27,-2.40,-0.13,49.98,0.92,Fwd,3.85
1748746425.34,-2.40,-0.13,49.98,0.92,Fwd,3.85
1748746425.34,-3.04,-0.13,49.98,0.92,Fwd,3.85
1748746425.34,-3.04,-0.17,49.98,0.92,Fwd,3.85
1748746425.34,-3.04,-0.17,55.52,0.92,Fwd,3.85
1748746425.34,-3.04,-0.17,55.52,1.07,Fwd,3.85
1748746425.34,-3.04,-0.17,55.52,1.07,Fwd,3.85
1748746425.35,-3.04,-0.17,55.52,1.07,Fwd,3.85
1748746425.35,-3.04,-0.17,55.52,1.07,Fwd,3.85
1748746425.44,-3.04,-0.17,55.52,1.07,Fwd,3.85
1748746425.51,-2.42,-0.17,55.52,1.07,Fwd,3.85
1748746425.51,-2.42,-0.21,55.52,1.07,Fwd,3.85
1748746425.51,-2.42,-0.21,60.54,1.07,Fwd,3.85
1748746425.51,-2.42,-0.21,60.54,1.00,Fwd,3.85
1748746425.52,-2.42,-0.21,60.54,1.00,Fwd,3.85
1748746425.52,-2.42,-0.21,60.54,1.00,Fwd,3.85
1748746425.52,-2.42,-0.21,60.54,1.00,Fwd,3.85
1748746425.55,-2.42,-0.21,60.54,1.00,Fwd,5.38
1748746425.55,-1.82,-0.21,60.54,1.00,Fwd,5.38
1748746425.55,-1.82,-0.63,60.54,1.00,Fwd,5.38
1748746425.55,-1.82,-0.63,64.72,1.00,Fwd,5.38
1748746425.55,-1.82,-0.63,64.72,0.96,Fwd,5.38
1748746425.55,-1.82,-0.63,64.72,0.96,Fwd,5.38
1748746425.55,-1.82,-0.63,64.72,0.96,Fwd,5.38
1748746425.56,-1.82,-0.63,64.72,0.96,Fwd,5.38
1748746425.65,-1.82,-0.63,64.72,0.96,Fwd,5.38
1748746425.68,-1.74,-0.63,64.72,0.96,Fwd,5.38
1748746425.68,-1.74,-1.48,64.72,0.96,Fwd,5.38
1748746425.68,-1.74,-1.48,68.72,0.96,Fwd,5.38
1748746425.68,-1.74,-1.48,68.72,1.06,Fwd,5.38
1748746425.69,-1.74,-1.48,68.72,1.06,Fwd,5.38
1748746425.69,-1.74,-1.48,68.72,1.06,Fwd,5.38
1748746425.69,-1.74,-1.48,68.72,1.06,Fwd,5.38
1748746425.79,-1.74,-1.48,68.72,1.06,Fwd,5.38
1748746425.79,-1.50,-1.48,68.72,1.06,Fwd,5.38
1748746425.79,-1.50,-1.70,68.72,1.06,Fwd,5.38
1748746425.82,-1.50,-1.70,72.26,1.06,Fwd,5.38
1748746425.86,-1.50,-1.70,72.26,1.00,Fwd,5.38
1748746425.86,-1.50,-1.70,72.26,1.00,Fwd,5.38
1748746425.87,-1.50,-1.70,72.26,1.00,Fwd,5.38
1748746425.87,-1.50,-1.70,72.26,1.00,Fwd,5.38
1748746425.87,-1.50,-1.70,72.26,1.00,Fwd,5.38
1748746425.87,-1.03,-1.70,72.26,1.00,Fwd,5.38
1748746425.87,-1.03,-1.95,72.26,1.00,Fwd,5.38
1748746425.87,-1.03,-1.95,75.32,1.00,Fwd,5.38
1748746425.87,-1.03,-1.95,75.32,0.93,Fwd,5.38
1748746425.87,-1.03,-1.95,75.32,0.93,Fwd,5.38
1748746425.93,-1.03,-1.95,75.32,0.93,Fwd,5.38
1748746425.93,-0.53,-1.95,75.32,0.93,Fwd,5.38
1748746425.93,-0.53,-1.64,75.32,0.93,Fwd,5.38
1748746425.93,-0.53,-1.64,78.01,0.93,Fwd,5.38
1748746425.93,-0.53,-1.64,78.01,1.07,Fwd,5.38
1748746425.93,-0.53,-1.64,78.01,1.07,Fwd,5.38
1748746425.93,-0.53,-1.64,78.01,1.07,Fwd,5.38
1748746425.93,-0.53,-1.64,78.01,1.07,Fwd,5.38
1748746426.03,-0.53,-1.64,78.01,1.07,Fwd,5.38
1748746426.03,-0.30,-1.64,78.01,1.07,Fwd,5.38
1748746426.03,-0.30,-1.27,78.01,1.07,Fwd,5.38
1748746426.04,-0.30,-1.27,80.23,1.07,Fwd,5.38
1748746426.04,-0.30,-1.27,80.23,0.98,Fwd,5.38
1748746426.04,-0.30,-1.27,80.23,0.98,Fwd,5.38
1748746426.04,-0.30,-1.27,80.23,0.98,Fwd,5.38
1748746426.04,-0.30,-1.27,80.23,0.98,Fwd,5.38
1748746426.14,-0.30,-1.27,80.23,0.98,Fwd,6.22
1748746426.14,-0.16,-1.27,80.23,0.98,Fwd,6.22
1748746426.15,-0.16,-1.14,80.23,0.98,Fwd,6.22
1748746426.15,-0.16,-1.14,82.37,0.98,Fwd,6.22
1748746426.15,-0.16,-1.14,82.37,0.98,Fwd,6.22
1748746426.15,-0.16,-1.14,82.37,0.98,Fwd,6.22
1748746426.15,-0.16,-1.14,82.37,0.98,Fwd,6.22
1748746426.15,-0.16,-1.14,82.37,0.98,Fwd,6.22
1748746426.25,-0.16,-1.14,82.37,0.98,Fwd,6.22
1748746426.25,-0.11,-1.14,82.37,0.98,Fwd,6.22
1748746426.25,-0.11,-0.98,82.37,0.98,Fwd,6.22
1748746426.25,-0.11,-0.98,84.72,0.98,Fwd,6.22
1748746426.25,-0.11,-0.98,84.72,0.96,Fwd,6.22
1748746426.26,-0.11,-0.98,84.72,0.96,Fwd,6.22
1748746426.26,-0.11,-0.98,84.72,0.96,Fwd,6.22
1748746426.26,-0.11,-0.98,84.72,0.96,Fwd,6.22
1748746426.39,-0.11,-0.98,84.72,0.96,Fwd,6.22
1748746426.39,-0.22,-0.98,84.72,0.96,Fwd,6.22
1748746426.39,-0.22,-0.79,84.72,0.96,Fwd,6.22
1748746426.39,-0.22,-0.79,87.24,0.96,Fwd,6.22
1748746426.39,-0.22,-0.79,87.24,0.99,Fwd,6.22
1748746426.39,-0.22,-0.79,87.24,0.99,Fwd,6.22
1748746426.40,-0.22,-0.79,87.24,0.99,Fwd,6.22
1748746426.40,-0.22,-0.79,87.24,0.99,Fwd,6.22
1748746426.45,-0.22,-0.79,87.24,0.99,Fwd,6.22
1748746426.46,-0.25,-0.79,87.24,0.99,Fwd,6.22
1748746426.46,-0.25,-0.99,87.24,0.99,Fwd,6.22
1748746426.49,-0.25,-0.99,89.95,0.99,Fwd,6.22
1748746426.49,-0.25,-0.99,89.95,0.96,Fwd,6.22
1748746426.49,-0.25,-0.99,89.95,0.96,Fwd,6.22
1748746426.49,-0.25,-0.99,89.95,0.96,Fwd,6.22
1748746426.50,-0.25,-0.99,89.95,0.96,Fwd,6.22
1748746426.53,-0.25,-0.99,89.95,0.96,Fwd,6.22
1748746426.53,-0.19,-0.99,89.95,0.96,Fwd,6.22
1748746426.53,-0.19,-1.51,89.95,0.96,Fwd,6.22
1748746426.53,-0.19,-1.51,92.66,0.96,Fwd,6.22
1748746426.53,-0.19,-1.51,92.66,0.87,Fwd,6.22
1748746426.53,-0.19,-1.51,92.66,0.87,Fwd,6.22
1748746426.54,-0.19,-1.51,92.66,0.87,Fwd,6.22
1748746426.54,-0.19,-1.51,92.66,0.87,Fwd,6.22
1748746426.63,-0.19,-1.51,92.66,0.87,Fwd,6.22
1748746426.67,-0.58,-1.51,92.66,0.87,Fwd,6.22
1748746426.67,-0.58,-1.69,92.66,0.87,Fwd,6.22
1748746426.68,-0.58,-1.69,95.36,0.87,Fwd,6.22
1748746426.68,-0.58,-1.69,95.36,0.91,Fwd,6.22
1748746426.68,-0.58,-1.69,95.36,0.91,Fwd,6.22
1748746426.68,-0.58,-1.69,95.36,0.91,Fwd,6.22
1748746426.68,-0.58,-1.69,95.36,0.91,Fwd,6.22
1748746426.73,-0.58,-1.69,95.36,0.91,Fwd,6.27
1748746426.77,-0.63,-1.69,95.36,0.91,Fwd,6.27
1748746426.77,-0.63,-1.63,95.36,0.91,Fwd,6.27
1748746426.78,-0.63,-1.63,97.79,0.91,Fwd,6.27
1748746426.78,-0.63,-1.63,97.79,0.98,Fwd,6.27
1748746426.78,-0.63,-1.63,97.79,0.98,Fwd,6.27
1748746426.78,-0.63,-1.63,97.79,0.98,Fwd,6.27
1748746426.78,-0.63,-1.63,97.79,0.98,Fwd,6.27
1748746426.85,-0.63,-1.63,97.79,0.98,Fwd,6.27
1748746426.85,-0.48,-1.63,97.79,0.98,Fwd,6.27
1748746426.85,-0.48,-1.20,97.79,0.98,Fwd,6.27
1748746426.85,-0.48,-1.20,99.39,0.98,Fwd,6.27
1748746426.85,-0.48,-1.20,99.39,0.98,Fwd,6.27
1748746426.86,-0.48,-1.20,99.39,0.98,Fwd,6.27
1748746426.86,-0.48,-1.20,99.39,0.98,Fwd,6.27
1748746426.86,-0.48,-1.20,99.39,0.98,Fwd,6.27
1748746426.95,-0.48,-1.20,99.39,0.98,Fwd,6.27
1748746426.95,-0.76,-1.20,99.39,0.98,Fwd,6.27
1748746426.95,-0.76,-0.59,99.39,0.98,Fwd,6.27
1748746426.95,-0.76,-0.59,100.59,0.98,Fwd,6.27
1748746426.95,-0.76,-0.59,100.59,0.94,Fwd,6.27
1748746426.95,-0.76,-0.59,100.59,0.94,Fwd,6.27
1748746426.96,-0.76,-0.59,100.59,0.94,Fwd,6.27
1748746426.96,-0.76,-0.59,100.59,0.94,Fwd,6.27
1748746427.05,-0.76,-0.59,100.59,0.94,Fwd,6.27
1748746427.08,-0.91,-0.59,100.59,0.94,Fwd,6.27
1748746427.12,-0.91,-0.62,100.59,0.94,Fwd,6.27
1748746427.13,-0.91,-0.62,102.14,0.94,Fwd,6.27
1748746427.13,-0.91,-0.62,102.14,1.08,Fwd,6.27
1748746427.14,-0.91,-0.62,102.14,1.08,Fwd,6.27
1748746427.14,-0.91,-0.62,102.14,1.08,Fwd,6.27
1748746427.14,-0.91,-0.62,102.14,1.08,Fwd,6.27
1748746427.14,-0.91,-0.62,102.14,1.08,Fwd,6.27
1748746427.14,-1.13,-0.62,102.14,1.08,Fwd,6.27
1748746427.14,-1.13,-0.87,102.14,1.08,Fwd,6.27
1748746427.15,-1.13,-0.87,104.14,1.08,Fwd,6.27
1748746427.15,-1.13,-0.87,104.14,0.92,Fwd,6.27
1748746427.16,-1.13,-0.87,104.14,0.92,Fwd,6.27
1748746427.16,-1.13,-0.87,104.14,0.92,Fwd,6.27
1748746427.16,-1.13,-0.87,104.14,0.92,Fwd,6.27
1748746427.23,-1.13,-0.87,104.14,0.92,Fwd,6.27
1748746427.23,-1.17,-0.87,104.14,0.92,Fwd,6.27
1748746427.23,-1.17,-1.74,104.14,0.92,Fwd,6.27
1748746427.24,-1.17,-1.74,106.83,0.92,Fwd,6.27
1748746427.24,-1.17,-1.74,106.83,0.98,Fwd,6.27
1748746427.24,-1.17,-1.74,106.83,0.98,Fwd,6.27
1748746427.24,-1.17,-1.74,106.83,0.98,Fwd,6.27
1748746427.24,-1.17,-1.74,106.83,0.98,Fwd,6.27
1748746427.33,-1.17,-1.74,106.83,0.98,Fwd,6.73
1748746427.34,-0.86,-1.74,106.83,0.98,Fwd,6.73
1748746427.34,-0.86,-2.87,106.83,0.98,Fwd,6.73
1748746427.34,-0.86,-2.87,109.89,0.98,Fwd,6.73
1748746427.34,-0.86,-2.87,109.89,0.97,Fwd,6.73
1748746427.34,-0.86,-2.87,109.89,0.97,Fwd,6.73
1748746427.35,-0.86,-2.87,109.89,0.97,Fwd,6.73
1748746427.35,-0.86,-2.87,109.89,0.97,Fwd,6.73
1748746427.44,-0.86,-2.87,109.89,0.97,Fwd,6.73
1748746427.47,-0.25,-2.87,109.89,0.97,Fwd,6.73
1748746427.47,-0.25,-3.80,109.89,0.97,Fwd,6.73
1748746427.48,-0.25,-3.80,112.64,0.97,Fwd,6.73
1748746427.48,-0.25,-3.80,112.64,0.95,Fwd,6.73
1748746427.48,-0.25,-3.80,112.64,0.95,Fwd,6.73
1748746427.48,-0.25,-3.80,112.64,0.95,Fwd,6.73
1748746427.48,-0.25,-3.80,112.64,0.95,Fwd,6.73
1748746427.54,-0.25,-3.80,112.64,0.95,Fwd,6.73
1748746427.54,0.51,-3.80,112.64,0.95,Fwd,6.73
1748746427.54,0.51,-4.00,112.64,0.95,Fwd,6.73
1748746427.54,0.51,-4.00,114.57,0.95,Fwd,6.73
1748746427.54,0.51,-4.00,114.57,0.95,Fwd,6.73
1748746427.54,0.51,-4.00,114.57,0.95,Fwd,6.73
1748746427.55,0.51,-4.00,114.57,0.95,Fwd,6.73
1748746427.55,0.51,-4.00,114.57,0.95,Fwd,6.73
1748746427.64,0.51,-4.00,114.57,0.95,Fwd,6.73
1748746427.64,1.20,-4.00,114.57,0.95,Fwd,6.73
1748746427.64,1.20,-3.42,114.57,0.95,Fwd,6.73
1748746427.65,1.20,-3.42,115.81,0.95,Fwd,6.73
1748746427.65,1.20,-3.42,115.81,0.90,Fwd,6.73
1748746427.65,1.20,-3.42,115.81,0.90,Fwd,6.73
1748746427.65,1.20,-3.42,115.81,0.90,Fwd,6.73
1748746427.65,1.20,-3.42,115.81,0.90,Fwd,6.73
1748746427.75,1.20,-3.42,115.81,0.90,Fwd,6.73
1748746427.78,1.48,-3.42,115.81,0.90,Fwd,6.73
1748746427.78,1.48,-3.14,115.81,0.90,Fwd,6.73
1748746427.78,1.48,-3.14,116.68,0.90,Fwd,6.73
1748746427.78,1.48,-3.14,116.68,0.90,Fwd,6.73
1748746427.79,1.48,-3.14,116.68,0.90,Fwd,6.73
1748746427.79,1.48,-3.14,116.68,0.90,Fwd,6.73
1748746427.79,1.48,-3.14,116.68,0.90,Fwd,6.73
1748746427.85,1.48,-3.14,116.68,0.90,Fwd,6.73
1748746427.89,1.68,-3.14,116.68,0.90,Fwd,6.73
1748746427.93,1.68,-2.92,116.68,0.90,Fwd,6.73
1748746427.93,1.68,-2.92,118.04,0.90,Fwd,6.73
1748746427.93,1.68,-2.92,118.04,1.00,Fwd,6.73
1748746427.93,1.68,-2.92,118.04,1.00,Fwd,6.73
1748746427.93,1.68,-2.92,118.04,1.00,Fwd,6.73
1748746427.93,1.68,-2.92,118.04,1.00,Fwd,6.73
1748746427.93,1.68,-2.92,118.04,1.00,Fwd,6.22
1748746427.93,1.67,-2.92,118.04,1.00,Fwd,6.22
1748746427.93,1.67,-2.43,118.04,1.00,Fwd,6.22
1748746427.96,1.67,-2.43,118.04,0.98,Fwd,6.22
1748746427.96,1.67,-2.43,118.04,0.98,Fwd,6.22
1748746427.96,1.67,-2.43,118.04,0.98,Fwd,6.22
1748746427.96,1.67,-2.43,118.04,0.98,Fwd,6.22
1748746428.03,1.67,-2.43,118.04,0.98,Fwd,6.22
1748746428.04,1.10,-2.43,118.04,0.98,Fwd,6.22
1748746428.04,1.10,-1.63,118.04,0.98,Fwd,6.22
1748746428.04,1.10,-1.63,118.01,0.98,Fwd,6.22
1748746428.04,1.10,-1.63,118.01,0.99,Fwd,6.22
1748746428.04,1.10,-1.63,118.01,0.99,Fwd,6.22
1748746428.05,1.10,-1.63,118.01,0.99,Fwd,6.22
1748746428.05,1.10,-1.63,118.01,0.99,Fwd,6.22