1748746471.22,-2.74,2.37,79.21,1.09,Fwd,6.67
1748746471.26,-2.74,2.37,79.21,1.09,Fwd,6.67
1748746471.30,-2.61,2.37,79.21,1.09,Fwd,6.67
1748746471.33,-2.61,1.77,79.21,1.09,Fwd,6.67
1748746471.33,-2.61,1.77,86.43,1.09,Fwd,6.67
1748746471.33,-2.61,1.77,86.43,0.94,Fwd,6.67
1748746471.33,-2.61,1.77,86.43,0.94,Fwd,6.67
1748746471.33,-2.61,1.77,86.43,0.94,Fwd,6.67
1748746471.33,-2.61,1.77,86.43,0.94,Fwd,6.67
1748746471.36,-2.61,1.77,86.43,0.94,Fwd,6.67
1748746471.39,-2.22,1.77,86.43,0.94,Fwd,6.67
1748746471.43,-2.22,1.93,86.43,0.94,Fwd,6.67
1748746471.47,-2.22,1.93,93.10,0.94,Fwd,6.67
1748746471.47,-2.22,1.93,93.10,0.92,Fwd,6.67
1748746471.47,-2.22,1.93,93.10,0.92,Fwd,6.67
1748746471.48,-2.22,1.93,93.10,0.92,Fwd,6.67
1748746471.48,-2.22,1.93,93.10,0.92,Fwd,6.67
1748746471.48,-2.22,1.93,93.10,0.92,Fwd,6.67
1748746471.48,-2.13,1.93,93.10,0.92,Fwd,6.67
1748746471.48,-2.13,0.59,93.10,0.92,Fwd,6.67
1748746471.48,-2.13,0.59,99.55,0.92,Fwd,6.67
1748746471.54,-2.13,0.59,99.55,0.92,Fwd,6.67
1748746471.54,-2.13,0.59,99.55,0.92,Fwd,6.67
1748746471.54,-2.13,0.59,99.55,0.92,Fwd,6.67
1748746471.55,-2.13,0.59,99.55,0.92,Fwd,6.44
1748746471.55,-0.96,0.59,99.55,0.92,Fwd,6.44
1748746471.55,-0.96,-1.49,99.55,0.92,Fwd,6.44
1748746471.55,-0.96,-1.49,113.47,0.92,Fwd,6.44
1748746471.55,-0.96,-1.49,113.47,0.97,Fwd,6.44
1748746471.55,-0.96,-1.49,113.47,0.97,Fwd,6.44
1748746471.55,-0.96,-1.49,113.47,0.97,Fwd,6.44
1748746471.55,-0.96,-1.49,113.47,0.97,Fwd,6.44
1748746471.64,-0.96,-1.49,113.47,0.97,Fwd,6.44
1748746471.67,-0.21,-1.49,113.47,0.97,Fwd,6.44
1748746471.71,-0.21,-1.92,113.47,0.97,Fwd,6.44
1748746471.75,-0.21,-1.92,119.17,0.97,Fwd,6.44
1748746471.75,-0.21,-1.92,119.17,0.93,Fwd,6.44
1748746471.75,-0.21,-1.92,119.17,0.93,Fwd,6.44
1748746471.75,-0.21,-1.92,119.17,0.93,Fwd,6.44
1748746471.76,-0.21,-1.92,119.17,0.93,Fwd,6.44
1748746471.76,-0.21,-1.92,119.17,0.93,Fwd,6.44
1748746471.76,-0.80,-1.92,119.17,0.93,Fwd,6.44
1748746471.76,-0.80,-2.13,119.17,0.93,Fwd,6.44
1748746471.77,-0.80,-2.13,124.59,0.93,Fwd,6.44
1748746471.77,-0.80,-2.13,124.59,0.95,Fwd,6.44
1748746471.78,-0.80,-2.13,124.59,0.95,Fwd,6.44
1748746471.78,-0.80,-2.13,124.59,0.95,Fwd,6.44
1748746471.78,-0.80,-2.13,124.59,0.95,Fwd,6.44
1748746471.85,-0.80,-2.13,124.59,0.95,Fwd,6.44
1748746471.88,-1.03,-2.13,124.59,0.95,Fwd,6.44
1748746471.88,-1.03,-2.62,124.59,0.95,Fwd,6.44
1748746471.88,-1.03,-2.62,129.75,0.95,Fwd,6.44
1748746471.88,-1.03,-2.62,129.75,0.99,Fwd,6.44
1748746471.88,-1.03,-2.62,129.75,0.99,Fwd,6.44
1748746471.88,-1.03,-2.62,129.75,0.99,Fwd,6.44
1748746471.88,-1.03,-2.62,129.75,0.99,Fwd,6.44
1748746471.95,-1.03,-2.62,129.75,0.99,Fwd,6.44
1748746471.95,-2.66,-2.62,129.75,0.99,Fwd,6.44
1748746471.95,-2.66,-2.57,129.75,0.99,Fwd,6.44
1748746471.95,-2.66,-2.57,134.58,0.99,Fwd,6.44
1748746471.95,-2.66,-2.57,134.58,0.96,Fwd,6.44
1748746471.95,-2.66,-2.57,134.58,0.96,Fwd,6.44
1748746471.95,-2.66,-2.57,134.58,0.96,Fwd,6.44
1748746471.96,-2.66,-2.57,134.58,0.96,Fwd,6.44
1748746472.02,-2.66,-2.57,134.58,0.96,Fwd,6.44
1748746472.02,-4.54,-2.57,134.58,0.96,Fwd,6.44
1748746472.02,-4.54,-2.18,134.58,0.96,Fwd,6.44
1748746472.02,-4.54,-2.18,139.73,0.96,Fwd,6.44
1748746472.03,-4.54,-2.18,139.73,1.12,Fwd,6.44
1748746472.03,-4.54,-2.18,139.73,1.12,Fwd,6.44
1748746472.03,-4.54,-2.18,139.73,1.12,Fwd,6.44
1748746472.03,-4.54,-2.18,139.73,1.12,Fwd,6.44
1748746472.13,-4.54,-2.18,139.73,1.12,Fwd,6.44
1748746472.13,-6.82,-2.18,139.73,1.12,Fwd,6.44
1748746472.13,-6.82,-2.32,139.73,1.12,Fwd,6.44
1748746472.13,-6.82,-2.32,145.98,1.12,Fwd,6.44
1748746472.13,-6.82,-2.32,145.98,1.41,Fwd,6.44
1748746472.13,-6.82,-2.32,145.98,1.41,Fwd,6.44
1748746472.13,-6.82,-2.32,145.98,1.41,Fwd,6.44
1748746472.13,-6.82,-2.32,145.98,1.41,Fwd,6.44
1748746472.23,-6.82,-2.32,145.98,1.41,Fwd,4.64
1748746472.23,-8.78,-2.32,145.98,1.41,Fwd,4.64
1748746472.23,-8.78,-4.10,145.98,1.41,Fwd,4.64
1748746472.23,-8.78,-4.10,153.30,1.41,Fwd,4.64
1748746472.24,-8.78,-4.10,153.30,0.70,Fwd,4.64
1748746472.24,-8.78,-4.10,153.30,0.70,Fwd,4.64
1748746472.24,-8.78,-4.10,153.30,0.70,Fwd,4.64
1748746472.24,-8.78,-4.10,153.30,0.70,Fwd,4.64
1748746472.37,-8.78,-4.10,153.30,0.70,Fwd,4.64
1748746472.41,-7.59,-4.10,153.30,0.70,Fwd,4.64
1748746472.45,-7.59,-4.15,153.30,0.70,Fwd,4.64
1748746472.45,-7.59,-4.15,163.36,0.70,Fwd,4.64
1748746472.45,-7.59,-4.15,163.36,0.83,Fwd,4.64
1748746472.45,-7.59,-4.15,163.36,0.83,Fwd,4.64
1748746472.45,-7.59,-4.15,163.36,0.83,Fwd,4.64
1748746472.45,-7.59,-4.15,163.36,0.83,Fwd,4.64
1748746472.45,-7.59,-4.15,163.36,0.83,Fwd,4.64
1748746472.45,-6.11,-4.15,163.36,0.83,Fwd,4.64
1748746472.46,-6.11,-2.65,163.36,0.83,Fwd,4.64
1748746472.48,-6.11,-2.65,163.36,0.81,Fwd,4.64
1748746472.48,-6.11,-2.65,163.36,0.81,Fwd,4.64
1748746472.48,-6.11,-2.65,163.36,0.81,Fwd,4.64
1748746472.48,-6.11,-2.65,163.36,0.81,Fwd,4.64
1748746472.55,-6.11,-2.65,163.36,0.81,Fwd,4.64
1748746472.55,-6.08,-2.65,163.36,0.81,Fwd,4.64
1748746472.55,-6.08,-1.26,163.36,0.81,Fwd,4.64
1748746472.55,-6.08,-1.26,166.57,0.81,Fwd,4.64
1748746472.55,-6.08,-1.26,166.57,0.96,Fwd,4.64
1748746472.56,-6.08,-1.26,166.57,0.96,Fwd,4.64
1748746472.56,-6.08,-1.26,166.57,0.96,Fwd,4.64
1748746472.56,-6.08,-1.26,166.57,0.96,Fwd,4.64
1748746472.65,-6.08,-1.26,166.57,0.96,Fwd,4.64
1748746472.66,-4.57,-1.26,166.57,0.96,Fwd,4.64
1748746472.66,-4.57,-0.45,166.57,0.96,Fwd,4.64
1748746472.66,-4.57,-0.45,169.43,0.96,Fwd,4.64
1748746472.66,-4.57,-0.45,169.43,0.58,Fwd,4.64
1748746472.66,-4.57,-0.45,169.43,0.58,Fwd,4.64
1748746472.66,-4.57,-0.45,169.43,0.58,Fwd,4.64
1748746472.66,-4.57,-0.45,169.43,0.58,Fwd,4.64
1748746472.72,-4.57,-0.45,169.43,0.58,Fwd,6.92
1748746472.73,-3.78,-0.45,169.43,0.58,Fwd,6.92
1748746472.73,-3.78,0.34,169.43,0.58,Fwd,6.92
1748746472.73,-3.78,0.34,172.71,0.58,Fwd,6.92
1748746472.73,-3.78,0.34,172.71,0.88,Fwd,6.92
1748746472.73,-3.78,0.34,172.71,0.88,Fwd,6.92
1748746472.74,-3.78,0.34,172.71,0.88,Fwd,6.92
1748746472.74,-3.78,0.34,172.71,0.88,Fwd,6.92
1748746472.83,-3.78,0.34,172.71,0.88,Fwd,6.92
1748746472.86,-3.42,0.34,172.71,0.88,Fwd,6.92
1748746472.87,-3.42,0.66,172.71,0.88,Fwd,6.92
1748746472.87,-3.42,0.66,176.93,0.88,Fwd,6.92
1748746472.87,-3.42,0.66,176.93,0.96,Fwd,6.92
1748746472.87,-3.42,0.66,176.93,0.96,Fwd,6.92
1748746472.87,-3.42,0.66,176.93,0.96,Fwd,6.92
1748746472.87,-3.42,0.66,176.93,0.96,Fwd,6.92
1748746472.93,-3.42,0.66,176.93,0.96,Fwd,6.92
1748746472.94,-3.27,0.66,176.93,0.96,Fwd,6.92
1748746472.94,-3.27,0.00,176.93,0.96,Fwd,6.92
1748746472.94,-3.27,0.00,182.66,0.96,Fwd,6.92
1748746472.94,-3.27,0.00,182.66,1.04,Fwd,6.92
1748746472.94,-3.27,0.00,182.66,1.04,Fwd,6.92
1748746472.94,-3.27,0.00,182.66,1.04,Fwd,6.92
1748746472.94,-3.27,0.00,182.66,1.04,Fwd,6.92
1748746473.05,-3.27,0.00,182.66,1.04,Fwd,6.92
1748746473.05,-2.95,0.00,182.66,1.04,Fwd,6.92
1748746473.05,-2.95,-2.30,182.66,1.04,Fwd,6.92
1748746473.06,-2.95,-2.30,190.20,1.04,Fwd,6.92
1748746473.06,-2.95,-2.30,190.20,0.92,Fwd,6.92
1748746473.06,-2.95,-2.30,190.20,0.92,Fwd,6.92
1748746473.06,-2.95,-2.30,190.20,0.92,Fwd,6.92
1748746473.06,-2.95,-2.30,190.20,0.92,Fwd,6.92
1748746473.14,-2.95,-2.30,190.20,0.92,Fwd,6.92
1748746473.18,-3.06,-2.30,190.20,0.92,Fwd,6.92
1748746473.21,-3.06,-5.62,190.20,0.92,Fwd,6.92
1748746473.25,-3.06,-5.62,199.30,0.92,Fwd,6.92
1748746473.28,-3.06,-5.62,199.30,0.89,Fwd,6.92
1748746473.29,-3.06,-5.62,199.30,0.89,Fwd,6.92
1748746473.29,-3.06,-5.62,199.30,0.89,Fwd,6.92
1748746473.29,-3.06,-5.62,199.30,0.89,Fwd,6.92
1748746473.29,-3.06,-5.62,199.30,0.89,Fwd,6.92
1748746473.29,-3.48,-5.62,199.30,0.89,Fwd,6.92
1748746473.30,-3.48,-8.89,199.30,0.89,Fwd,6.92
1748746473.30,-3.48,-8.89,208.00,0.89,Fwd,6.92
1748746473.30,-3.48,-8.89,208.00,0.92,Fwd,6.92
1748746473.30,-3.48,-8.89,208.00,0.92,Fwd,6.92
1748746473.32,-3.48,-8.89,208.00,0.92,Fwd,6.92
1748746473.32,-3.48,-8.89,208.00,0.92,Fwd,6.92
1748746473.35,-3.48,-8.89,208.00,0.92,Fwd,6.28
1748746473.36,-3.78,-8.89,208.00,0.92,Fwd,6.28
1748746473.36,-3.78,-10.24,208.00,0.92,Fwd,6.28
1748746473.36,-3.78,-10.24,213.97,0.92,Fwd,6.28
1748746473.37,-3.78,-10.24,213.97,0.93,Fwd,6.28
1748746473.37,-3.78,-10.24,213.97,0.93,Fwd,6.28
1748746473.37,-3.78,-10.24,213.97,0.93,Fwd,6.28
1748746473.37,-3.78,-10.24,213.97,0.93,Fwd,6.28
1748746473.43,-3.78,-10.24,213.97,0.93,Fwd,6.28
1748746473.43,-3.92,-10.24,213.97,0.93,Fwd,6.28
1748746473.43,-3.92,-9.55,213.97,0.93,Fwd,6.28
1748746473.43,-3.92,-9.55,216.65,0.93,Fwd,6.28
1748746473.43,-3.92,-9.55,216.65,0.95,Fwd,6.28
1748746473.44,-3.92,-9.55,216.65,0.95,Fwd,6.28
1748746473.44,-3.92,-9.55,216.65,0.95,Fwd,6.28
1748746473.44,-3.92,-9.55,216.65,0.95,Fwd,6.28
1748746473.53,-3.92,-9.55,216.65,0.95,Fwd,6.28
1748746473.54,-3.38,-9.55,216.65,0.95,Fwd,6.28
1748746473.54,-3.38,-7.72,216.65,0.95,Fwd,6.28
1748746473.54,-3.38,-7.72,216.52,0.95,Fwd,6.28
1748746473.54,-3.38,-7.72,216.52,1.02,Fwd,6.28
1748746473.54,-3.38,-7.72,216.52,1.02,Fwd,6.28
1748746473.55,-3.38,-7.72,216.52,1.02,Fwd,6.28
1748746473.55,-3.38,-7.72,216.52,1.02,Fwd,6.28
1748746473.63,-3.38,-7.72,216.52,1.02,Fwd,6.28
1748746473.64,-2.05,-7.72,216.52,1.02,Fwd,6.28
1748746473.64,-2.05,-5.65,216.52,1.02,Fwd,6.28
1748746473.67,-2.05,-5.65,214.41,1.02,Fwd,6.28
1748746473.67,-2.05,-5.65,214.41,1.01,Fwd,6.28
1748746473.67,-2.05,-5.65,214.41,1.01,Fwd,6.28
1748746473.68,-2.05,-5.65,214.41,1.01,Fwd,6.28
1748746473.68,-2.05,-5.65,214.41,1.01,Fwd,6.28
1748746473.74,-2.05,-5.65,214.41,1.01,Fwd,6.28
1748746473.75,-1.03,-5.65,214.41,1.01,Fwd,6.28
1748746473.75,-1.03,-3.48,214.41,1.01,Fwd,6.28
1748746473.75,-1.03,-3.48,211.35,1.01,Fwd,6.28
1748746473.75,-1.03,-3.48,211.35,0.95,Fwd,6.28
1748746473.75,-1.03,-3.48,211.35,0.95,Fwd,6.28
1748746473.75,-1.03,-3.48,211.35,0.95,Fwd,6.28
1748746473.75,-1.03,-3.48,211.35,0.95,Fwd,6.28
1748746473.85,-1.03,-3.48,211.35,0.95,Fwd,6.28
1748746473.85,-0.26,-3.48,211.35,0.95,Fwd,6.28
1748746473.85,-0.26,-1.81,211.35,0.95,Fwd,6.28
1748746473.85,-0.26,-1.81,208.21,0.95,Fwd,6.28
1748746473.86,-0.26,-1.81,208.21,0.97,Fwd,6.28
1748746473.86,-0.26,-1.81,208.21,0.97,Fwd,6.28
1748746473.86,-0.26,-1.81,208.21,0.97,Fwd,6.28
1748746473.86,-0.26,-1.81,208.21,0.97,Fwd,6.28
1748746473.95,-0.26,-1.81,208.21,0.97,Fwd,6.28
1748746473.96,0.25,-1.81,208.21,0.97,Fwd,6.28
1748746473.96,0.25,-1.09,208.21,0.97,Fwd,6.28
1748746473.98,0.25,-1.09,205.81,0.97,Fwd,6.28
1748746473.99,0.25,-1.09,205.81,1.05,Fwd,6.28
1748746473.99,0.25,-1.09,205.81,1.05,Fwd,6.28
1748746473.99,0.25,-1.09,205.81,1.05,Fwd,6.28
1748746473.99,0.25,-1.09,205.81,1.05,Fwd,6.28
1748746474.06,0.25,-1.09,205.81,1.05,Fwd,5.19
1748746474.09,0.27,-1.09,205.81,1.05,Fwd,5.19
1748746474.09,0.27,-0.65,205.81,1.05,Fwd,5.19
1748746474.09,0.27,-0.65,203.59,1.05,Fwd,5.19
1748746474.10,0.27,-0.65,203.59,1.03,Fwd,5.19
1748746474.10,0.27,-0.65,203.59,1.03,Fwd,5.19
1748746474.10,0.27,-0.65,203.59,1.03,Fwd,5.19
1748746474.10,0.27,-0.65,203.59,1.03,Fwd,5.19
1748746474.13,0.27,-0.65,203.59,1.03,Fwd,5.19
1748746474.13,0.45,-0.65,203.59,1.03,Fwd,5.19
1748746474.13,0.45,0.60,203.59,1.03,Fwd,5.19
1748746474.13,0.45,0.60,201.37,1.03,Fwd,5.19
1748746474.13,0.45,0.60,201.37,1.02,Fwd,5.19
1748746474.13,0.45,0.60,201.37,1.02,Fwd,5.19
1748746474.14,0.45,0.60,201.37,1.02,Fwd,5.19
1748746474.14,0.45,0.60,201.37,1.02,Fwd,5.19
1748746474.23,0.45,0.60,201.37,1.02,Fwd,5.19
1748746474.23,0.87,0.60,201.37,1.02,Fwd,5.19
1748746474.23,0.87,0.69,201.37,1.02,Fwd,5.19
1748746474.23,0.87,0.69,200.16,1.02,Fwd,5.19
1748746474.23,0.87,0.69,200.16,1.03,Fwd,5.19
1748746474.24,0.87,0.69,200.16,1.03,Fwd,5.19
1748746474.24,0.87,0.69,200.16,1.03,Fwd,5.19
1748746474.24,0.87,0.69,200.16,1.03,Fwd,5.19
1748746474.33,0.87,0.69,200.16,1.03,Fwd,5.19
1748746474.34,1.21,0.69,200.16,1.03,Fwd,5.19
1748746474.34,1.21,-0.55,200.16,1.03,Fwd,5.19
1748746474.34,1.21,-0.55,200.65,1.03,Fwd,5.19
1748746474.34,1.21,-0.55,200.65,0.97,Fwd,5.19
1748746474.34,1.21,-0.55,200.65,0.97,Fwd,5.19
1748746474.34,1.21,-0.55,200.65,0.97,Fwd,5.19
1748746474.34,1.21,-0.55,200.65,0.97,Fwd,5.19
1748746474.44,1.21,-0.55,200.65,0.97,Fwd,5.19
1748746474.45,2.06,-0.55,200.65,0.97,Fwd,5.19
1748746474.45,2.06,-1.08,200.65,0.97,Fwd,5.19
1748746474.45,2.06,-1.08,201.04,0.97,Fwd,5.19
1748746474.45,2.06,-1.08,201.04,0.92,Fwd,5.19
1748746474.46,2.06,-1.08,201.04,0.92,Fwd,5.19
1748746474.47,2.06,-1.08,201.04,0.92,Fwd,5.19
1748746474.51,2.06,-1.08,201.04,0.92,Fwd,5.19
1748746474.58,2.06,-1.08,201.04,0.92,Fwd,5.19
1748746474.59,2.19,-1.08,201.04,0.92,Fwd,5.19
1748746474.59,2.19,-0.32,201.04,0.92,Fwd,5.19
1748746474.59,2.19,-0.32,201.01,0.92,Fwd,5.19
1748746474.60,2.19,-0.32,201.01,1.42,Fwd,5.19
1748746474.60,2.19,-0.32,201.01,1.42,Fwd,5.19
1748746474.60,2.19,-0.32,201.01,1.42,Fwd,5.19
1748746474.60,2.19,-0.32,201.01,1.42,Fwd,5.19
1748746474.65,2.19,-0.32,201.01,1.42,Fwd,5.19
1748746474.65,3.54,-0.32,201.01,1.42,Fwd,5.19
1748746474.65,3.54,-0.08,201.01,1.42,Fwd,5.19
1748746474.66,3.54,-0.08,201.28,1.42,Fwd,5.19
1748746474.66,3.54,-0.08,201.28,0.79,Fwd,5.19
1748746474.66,3.54,-0.08,201.28,0.79,Fwd,5.19
1748746474.66,3.54,-0.08,201.28,0.79,Fwd,5.19
1748746474.66,3.54,-0.08,201.28,0.79,Fwd,5.19
1748746474.76,3.54,-0.08,201.28,0.79,Fwd,5.19
1748746474.76,3.89,-0.08,201.28,0.79,Fwd,5.19
1748746474.76,3.89,-0.15,201.28,0.79,Fwd,5.19
1748746474.76,3.89,-0.15,201.55,0.79,Fwd,5.19
1748746474.77,3.89,-0.15,201.55,0.54,Fwd,5.19
1748746474.77,3.89,-0.15,201.55,0.54,Fwd,5.19
1748746474.77,3.89,-0.15,201.55,0.54,Fwd,5.19
1748746474.77,3.89,-0.15,201.55,0.54,Fwd,5.19
1748746474.83,3.89,-0.15,201.55,0.54,Fwd,5.19
1748746474.86,2.66,-0.15,201.55,0.54,Fwd,5.19
1748746474.86,2.66,0.06,201.55,0.54,Fwd,5.19
1748746474.87,2.66,0.06,201.44,0.54,Fwd,5.19
1748746474.87,2.66,0.06,201.44,0.97,Fwd,5.19
1748746474.87,2.66,0.06,201.44,0.97,Fwd,5.19
1748746474.87,2.66,0.06,201.44,0.97,Fwd,5.19
1748746474.87,2.66,0.06,201.44,0.97,Fwd,5.19
1748746474.93,2.66,0.06,201.44,0.97,Fwd,5.19
1748746474.94,2.25,0.06,201.44,0.97,Fwd,5.19
1748746474.94,2.25,0.99,201.44,0.97,Fwd,5.19
1748746474.94,2.25,0.99,201.01,0.97,Fwd,5.19
1748746474.94,2.25,0.99,201.01,1.03,Fwd,5.19
1748746474.94,2.25,0.99,201.01,1.03,Fwd,5.19
1748746474.95,2.25,0.99,201.01,1.03,Fwd,5.19
1748746474.95,2.25,0.99,201.01,1.03,Fwd,5.19
1748746475.04,2.25,0.99,201.01,1.03,Fwd,5.19
1748746475.04,3.14,0.99,201.01,1.03,Fwd,5.19
1748746475.04,3.14,1.31,201.01,1.03,Fwd,5.19
1748746475.04,3.14,1.31,201.58,1.03,Fwd,5.19
1748746475.04,3.14,1.31,201.58,1.02,Fwd,5.19
1748746475.04,3.14,1.31,201.58,1.02,Fwd,5.19
1748746475.05,3.14,1.31,201.58,1.02,Fwd,5.19
1748746475.05,3.14,1.31,201.58,1.02,Fwd,5.19
1748746475.14,3.14,1.31,201.58,1.02,Fwd,5.19
1748746475.15,2.80,1.31,201.58,1.02,Fwd,5.19
1748746475.15,2.80,0.43,201.58,1.02,Fwd,5.19
1748746475.15,2.80,0.43,202.93,1.02,Fwd,5.19
1748746475.15,2.80,0.43,202.93,1.00,Fwd,5.19
1748746475.15,2.80,0.43,202.93,1.00,Fwd,5.19
1748746475.16,2.80,0.43,202.93,1.00,Fwd,5.19
1748746475.16,2.80,0.43,202.93,1.00,Fwd,5.19
1748746475.25,2.80,0.43,202.93,1.00,Fwd,5.19
1748746475.25,2.66,0.43,202.93,1.00,Fwd,5.19
1748746475.26,2.66,-0.01,202.93,1.00,Fwd,5.19
1748746475.26,2.66,-0.01,203.90,1.00,Fwd,5.19
1748746475.26,2.66,-0.01,203.90,0.97,Fwd,5.19
1748746475.26,2.66,-0.01,203.90,0.97,Fwd,5.19
1748746475.27,2.66,-0.01,203.90,0.97,Fwd,5.19
1748746475.27,2.66,-0.01,203.90,0.97,Fwd,5.19
1748746475.35,2.66,-0.01,203.90,0.97,Fwd,5.19
1748746475.35,2.37,-0.01,203.90,0.97,Fwd,5.19
1748746475.36,2.37,0.06,203.90,0.97,Fwd,5.19
1748746475.36,2.37,0.06,204.59,0.97,Fwd,5.19
1748746475.36,2.37,0.06,204.59,1.00,Fwd,5.19
1748746475.36,2.37,0.06,204.59,1.00,Fwd,5.19
1748746475.38,2.37,0.06,204.59,1.00,Fwd,5.19
1748746475.42,2.37,0.06,204.59,1.00,Fwd,5.19
1748746475.46,2.37,0.06,204.59,1.00,Fwd,5.19
1748746475.46,2.01,0.06,204.59,1.00,Fwd,5.19
1748746475.46,2.01,0.40,204.59,1.00,Fwd,5.19
1748746475.46,2.01,0.40,205.04,1.00,Fwd,5.19
1748746475.46,2.01,0.40,205.04,0.99,Fwd,5.19
1748746475.46,2.01,0.40,205.04,0.99,Fwd,5.19
1748746475.47,2.01,0.40,205.04,0.99,Fwd,5.19
1748746475.47,2.01,0.40,205.04,0.99,Fwd,5.19
1748746475.53,2.01,0.40,205.04,0.99,Fwd,5.19
1748746475.53,1.85,0.40,205.04,0.99,Fwd,5.19
1748746475.53,1.85,0.47,205.04,0.99,Fwd,5.19
1748746475.54,1.85,0.47,205.59,0.99,Fwd,5.19
1748746475.54,1.85,0.47,205.59,0.99,Fwd,5.19
1748746475.54,1.85,0.47,205.59,0.99,Fwd,5.19
1748746475.54,1.85,0.47,205.59,0.99,Fwd,5.19
1748746475.54,1.85,0.47,205.59,0.99,Fwd,5.19
1748746475.63,1.85,0.47,205.59,0.99,Fwd,5.19
1748746475.67,1.64,0.47,205.59,0.99,Fwd,5.19
1748746475.67,1.64,0.31,205.59,0.99,Fwd,5.19
1748746475.67,1.64,0.31,206.06,0.99,Fwd,5.19
1748746475.74,1.64,0.31,206.06,0.99,Fwd,5.19
1748746475.74,1.64,0.31,206.06,0.99,Fwd,5.19
1748746475.74,1.64,0.31,206.06,0.99,Fwd,5.19
1748746475.74,1.64,0.31,206.06,0.99,Fwd,5.19
1748746475.75,1.64,0.31,206.06,0.99,Fwd,5.19
1748746475.75,1.41,0.31,206.06,0.99,Fwd,5.19
1748746475.75,1.41,-0.06,206.06,0.99,Fwd,5.19
1748746475.75,1.41,-0.06,206.50,0.99,Fwd,5.19
1748746475.75,1.41,-0.06,206.50,0.98,Fwd,5.19
1748746475.84,1.41,-0.06,206.50,0.98,Fwd,5.19
1748746475.84,1.22,-0.06,206.50,0.98,Fwd,5.19
1748746475.85,1.22,-0.18,206.50,0.98,Fwd,5.19
1748746475.85,1.22,-0.18,207.02,0.98,Fwd,5.19
1748746475.85,1.22,-0.18,207.02,0.93,Fwd,5.19
1748746475.85,1.22,-0.18,207.02,0.93,Fwd,5.19
1748746475.85,1.22,-0.18,207.02,0.93,Fwd,5.19
1748746475.85,1.22,-0.18,207.02,0.93,Fwd,5.19
1748746475.95,1.22,-0.18,207.02,0.93,Fwd,5.19
1748746475.98,1.09,-0.18,207.02,0.93,Fwd,5.19
1748746475.98,1.09,-0.28,207.02,0.93,Fwd,5.19
1748746475.99,1.09,-0.28,207.77,0.93,Fwd,5.19
1748746475.99,1.09,-0.28,207.77,0.99,Fwd,5.19
1748746475.99,1.09,-0.28,207.77,0.99,Fwd,5.19
1748746475.99,1.09,-0.28,207.77,0.99,Fwd,5.19
1748746475.99,1.09,-0.28,207.77,0.99,Fwd,5.19
1748746476.05,1.09,-0.28,207.77,0.99,Fwd,5.19
1748746476.05,0.67,-0.28,207.77,0.99,Fwd,5.19
1748746476.05,0.67,-1.85,207.77,0.99,Fwd,5.19
1748746476.05,0.67,-1.85,208.05,0.99,Fwd,5.19
1748746476.05,0.67,-1.85,208.05,0.99,Fwd,5.19
1748746476.06,0.67,-1.85,208.05,0.99,Fwd,5.19
1748746476.06,0.67,-1.85,208.05,0.99,Fwd,5.19
1748746476.06,0.67,-1.85,208.05,0.99,Fwd,5.19
1748746476.16,0.67,-1.85,208.05,0.99,Fwd,5.19
1748746476.16,0.46,-1.85,208.05,0.99,Fwd,5.19
1748746476.16,0.46,-3.42,208.05,0.99,Fwd,5.19
1748746476.17,0.46,-3.42,208.17,0.99,Fwd,5.19
1748746476.17,0.46,-3.42,208.17,1.00,Fwd,5.19
1748746476.17,0.46,-3.42,208.17,1.00,Fwd,5.19
1748746476.17,0.46,-3.42,208.17,1.00,Fwd,5.19
1748746476.17,0.46,-3.42,208.17,1.00,Fwd,5.19
1748746476.22,0.46,-3.42,208.17,1.00,Fwd,5.19
1748746476.23,-0.30,-3.42,208.17,1.00,Fwd,5.19
1748746476.23,-0.30,-3.13,208.17,1.00,Fwd,5.19
1748746476.23,-0.30,-3.13,207.68,1.00,Fwd,5.19
1748746476.23,-0.30,-3.13,207.68,1.86,Fwd,5.19
1748746476.23,-0.30,-3.13,207.68,1.86,Fwd,5.19
1748746476.26,-0.30,-3.13,207.68,1.86,Fwd,5.19
1748746476.26,-0.30,-3.13,207.68,1.86,Fwd,5.19
1748746476.33,-0.30,-3.13,207.68,1.86,Fwd,5.19
1748746476.36,-13.86,-3.13,207.68,1.86,Fwd,5.19
1748746476.40,-13.86,6.43,207.68,1.86,Fwd,5.19
1748746476.44,-13.86,6.43,198.56,1.86,Fwd,5.19
1748746476.47,-13.86,6.43,198.56,1.12,Fwd,5.19
1748746476.47,-13.86,6.43,198.56,1.12,Fwd,5.19
1748746476.47,-13.86,6.43,198.56,1.12,Fwd,5.19
1748746476.48,-13.86,6.43,198.56,1.12,Fwd,5.19
1748746476.48,-13.86,6.43,198.56,1.12,Fwd,5.19
1748746476.48,-30.10,6.43,198.56,1.12,Fwd,5.19
1748746476.48,-30.10,14.78,198.56,1.12,Fwd,5.19
1748746476.48,-30.10,14.78,165.64,1.12,Fwd,5.19
1748746476.48,-30.10,14.78,165.64,0.72,Fwd,5.19
1748746476.48,-30.10,14.78,165.64,0.72,Fwd,5.19
1748746476.58,-30.10,14.78,165.64,0.72,Fwd,5.19
1748746476.58,-30.56,14.78,165.64,0.72,Fwd,5.19
1748746476.58,-30.56,13.70,165.64,0.72,Fwd,5.19
1748746476.58,-30.56,13.70,128.42,0.72,Fwd,5.19
1748746476.59,-30.56,13.70,128.42,-0.32,Fwd,5.19
1748746476.59,-30.56,13.70,128.42,-0.32,Fwd,5.19
1748746476.61,-30.56,13.70,128.42,-0.32,Fwd,5.19
1748746476.61,-30.56,13.70,128.42,-0.32,Fwd,5.19
1748746476.64,-30.56,13.70,128.42,-0.32,Fwd,5.19
1748746476.72,-32.08,13.70,128.42,-0.32,Fwd,5.19
1748746476.75,-32.08,17.19,128.42,-0.32,Fwd,5.19
1748746476.75,-32.08,17.19,93.07,-0.32,Fwd,5.19
1748746476.75,-32.08,17.19,93.07,-0.21,Fwd,5.19
1748746476.76,-32.08,17.19,93.07,-0.21,Fwd,5.19
1748746476.76,-32.08,17.19,93.07,-0.21,Fwd,5.19
1748746476.76,-32.08,17.19,93.07,-0.21,Fwd,5.19
1748746476.76,-32.08,17.19,93.07,-0.21,Fwd,5.19
1748746476.77,-42.10,17.19,93.07,-0.21,Fwd,5.19
1748746476.77,-42.10,16.88,93.07,-0.21,Fwd,5.19
1748746476.77,-42.10,16.88,59.56,-0.21,Fwd,5.19
1748746476.77,-42.10,16.88,59.56,-0.56,Fwd,5.19
1748746476.77,-42.10,16.88,59.56,-0.56,Fwd,5.19
1748746476.77,-42.10,16.88,59.56,-0.56,Fwd,5.19
1748746476.77,-42.10,16.88,59.56,-0.56,Fwd,5.19
1748746476.85,-42.10,16.88,59.56,-0.56,Fwd,5.19
1748746476.86,-29.30,16.88,59.56,-0.56,Fwd,5.19
1748746476.86,-29.30,10.47,59.56,-0.56,Fwd,5.19
1748746476.86,-29.30,10.47,42.80,-0.56,Fwd,5.19
1748746476.86,-29.30,10.47,42.80,-0.61,Fwd,5.19
1748746476.86,-29.30,10.47,42.80,-0.61,Fwd,5.19
1748746476.86,-29.30,10.47,42.80,-0.61,Fwd,5.19
1748746476.86,-29.30,10.47,42.80,-0.61,Fwd,5.19
1748746476.86,-29.30,10.47,42.80,-0.61,Fwd,5.19
1748746476.92,-29.30,10.47,42.80,-0.61,Fwd,5.19
1748746476.96,-15.75,10.47,42.80,-0.61,Fwd,5.19
1748746476.96,-15.75,7.24,42.80,-0.61,Fwd,5.19
1748746476.96,-15.75,7.24,39.26,-0.61,Fwd,5.19
1748746476.96,-15.75,7.24,39.26,2.34,Fwd,5.19
1748746476.97,-15.75,7.24,39.26,2.34,Fwd,5.19
1748746476.97,-15.75,7.24,39.26,2.34,Fwd,5.19
1748746476.97,-15.75,7.24,39.26,2.34,Fwd,5.19
1748746477.03,-15.75,7.24,39.26,2.34,Fwd,0.00
1748746477.06,-17.25,7.24,39.26,2.34,Fwd,0.00
1748746477.06,-17.25,5.25,39.26,2.34,Fwd,0.00
1748746477.06,-17.25,5.25,39.94,2.34,Fwd,0.00
1748746477.07,-17.25,5.25,39.94,1.60,Fwd,0.00
1748746477.07,-17.25,5.25,39.94,1.60,Fwd,0.00
1748746477.07,-17.25,5.25,39.94,1.60,Fwd,0.00
1748746477.07,-17.25,5.25,39.94,1.60,Fwd,0.00
1748746477.13,-17.25,5.25,39.94,1.60,Fwd,0.00
1748746477.13,-15.89,5.25,39.94,1.60,Fwd,0.00
1748746477.14,-15.89,4.61,39.94,1.60,Fwd,0.00
1748746477.14,-15.89,4.61,39.74,1.60,Fwd,0.00
1748746477.14,-15.89,4.61,39.74,0.97,Fwd,0.00
1748746477.14,-15.89,4.61,39.74,0.97,Fwd,0.00
1748746477.14,-15.89,4.61,39.74,0.97,Fwd,0.00
1748746477.14,-15.89,4.61,39.74,0.97,Fwd,0.00
1748746477.24,-15.89,4.61,39.74,0.97,Fwd,0.00
1748746477.27,-15.72,4.61,39.74,0.97,Fwd,0.00
1748746477.31,-15.72,4.78,39.74,0.97,Fwd,0.00
1748746477.31,-15.72,4.78,37.64,0.97,Fwd,0.00
1748746477.31,-15.72,4.78,37.64,0.97,Fwd,0.00
1748746477.31,-15.72,4.78,37.64,0.97,Fwd,0.00
1748746477.31,-15.72,4.78,37.64,0.97,Fwd,0.00
1748746477.31,-15.72,4.78,37.64,0.97,Fwd,0.00
1748746477.34,-15.72,4.78,37.64,0.97,Fwd,0.00
1748746477.34,-14.13,4.78,37.64,0.97,Fwd,0.00
1748746477.35,-14.13,5.51,37.64,0.97,Fwd,0.00
1748746477.35,-14.13,5.51,34.76,0.97,Fwd,0.00
1748746477.35,-14.13,5.51,34.76,0.90,Fwd,0.00
1748746477.35,-14.13,5.51,34.76,0.90,Fwd,0.00
1748746477.35,-14.13,5.51,34.76,0.90,Fwd,0.00
1748746477.35,-14.13,5.51,34.76,0.90,Fwd,0.00
1748746477.45,-14.13,5.51,34.76,0.90,Fwd,0.00
1748746477.45,-11.89,5.51,34.76,0.90,Fwd,0.00
1748746477.45,-11.89,4.23,34.76,0.90,Fwd,0.00
1748746477.45,-11.89,4.23,33.26,0.90,Fwd,0.00
1748746477.45,-11.89,4.23,33.26,0.98,Fwd,0.00
1748746477.45,-11.89,4.23,33.26,0.98,Fwd,0.00
1748746477.45,-11.89,4.23,33.26,0.98,Fwd,0.00
1748746477.46,-11.89,4.23,33.26,0.98,Fwd,0.00
1748746477.55,-11.89,4.23,33.26,0.98,Fwd,8.49
1748746477.55,-10.00,4.23,33.26,0.98,Fwd,8.49
1748746477.55,-10.00,2.26,33.26,0.98,Fwd,8.49
1748746477.56,-10.00,2.26,32.58,0.98,Fwd,8.49
1748746477.56,-10.00,2.26,32.58,0.82,Fwd,8.49
1748746477.56,-10.00,2.26,32.58,0.82,Fwd,8.49
1748746477.56,-10.00,2.26,32.58,0.82,Fwd,8.49
1748746477.56,-10.00,2.26,32.58,0.82,Fwd,8.49
1748746477.62,-10.00,2.26,32.58,0.82,Fwd,8.49
1748746477.66,-8.43,2.26,32.58,0.82,Fwd,8.49
1748746477.66,-8.43,0.27,32.58,0.82,Fwd,8.49
1748746477.66,-8.43,0.27,32.28,0.82,Fwd,8.49
1748746477.66,-8.43,0.27,32.28,0.99,Fwd,8.49
1748746477.66,-8.43,0.27,32.28,0.99,Fwd,8.49
1748746477.66,-8.43,0.27,32.28,0.99,Fwd,8.49
1748746477.66,-8.43,0.27,32.28,0.99,Fwd,8.49
1748746477.73,-8.43,0.27,32.28,0.99,Fwd,8.49
1748746477.73,-7.46,0.27,32.28,0.99,Fwd,8.49
1748746477.73,-7.46,-1.21,32.28,0.99,Fwd,8.49
1748746477.76,-7.46,-1.21,32.21,0.99,Fwd,8.49
1748746477.80,-7.46,-1.21,32.21,1.01,Fwd,8.49
1748746477.83,-7.46,-1.21,32.21,1.01,Fwd,8.49
1748746477.88,-7.46,-1.21,32.21,1.01,Fwd,8.49
1748746477.88,-7.46,-1.21,32.21,1.01,Fwd,8.49
1748746477.88,-7.46,-1.21,32.21,1.01,Fwd,8.49
1748746477.88,-6.83,-1.21,32.21,1.01,Fwd,8.49
1748746477.88,-6.83,-2.41,32.21,1.01,Fwd,8.49
1748746477.88,-6.83,-2.41,32.45,1.01,Fwd,8.49
1748746477.89,-6.83,-2.41,32.45,0.95,Fwd,8.49
1748746477.89,-6.83,-2.41,32.45,0.95,Fwd,8.49
1748746477.89,-6.83,-2.41,32.45,0.95,Fwd,8.49
1748746477.94,-6.83,-2.41,32.45,0.95,Fwd,8.49
1748746477.94,-6.12,-2.41,32.45,0.95,Fwd,8.49
1748746477.95,-6.12,-4.26,32.45,0.95,Fwd,8.49
1748746477.95,-6.12,-4.26,32.78,0.95,Fwd,8.49
1748746477.95,-6.12,-4.26,32.78,0.99,Fwd,8.49
1748746477.95,-6.12,-4.26,32.78,0.99,Fwd,8.49
1748746477.96,-6.12,-4.26,32.78,0.99,Fwd,8.49
1748746477.96,-6.12,-4.26,32.78,0.99,Fwd,8.49
1748746478.05,-6.12,-4.26,32.78,0.99,Fwd,8.49
1748746478.08,-5.51,-4.26,32.78,0.99,Fwd,8.49
1748746478.08,-5.51,-6.56,32.78,0.99,Fwd,8.49
1748746478.08,-5.51,-6.56,32.98,0.99,Fwd,8.49
1748746478.09,-5.51,-6.56,32.98,0.92,Fwd,8.49
1748746478.09,-5.51,-6.56,32.98,0.92,Fwd,8.49
1748746478.09,-5.51,-6.56,32.98,0.92,Fwd,8.49
1748746478.09,-5.51,-6.56,32.98,0.92,Fwd,8.49
1748746478.15,-5.51,-6.56,32.98,0.92,Fwd,8.49
1748746478.15,-5.78,-6.56,32.98,0.92,Fwd,8.49
1748746478.16,-5.78,-9.45,32.98,0.92,Fwd,8.49
1748746478.16,-5.78,-9.45,32.93,0.92,Fwd,8.49
1748746478.16,-5.78,-9.45,32.93,0.95,Fwd,8.49
1748746478.16,-5.78,-9.45,32.93,0.95,Fwd,8.49
1748746478.16,-5.78,-9.45,32.93,0.95,Fwd,8.49
1748746478.16,-5.78,-9.45,32.93,0.95,Fwd,8.49
1748746478.26,-5.78,-9.45,32.93,0.95,Fwd,8.49
1748746478.29,-6.91,-9.45,32.93,0.95,Fwd,8.49
1748746478.32,-6.91,-11.80,32.93,0.95,Fwd,8.49
1748746478.36,-6.91,-11.80,32.70,0.95,Fwd,8.49
1748746478.36,-6.91,-11.80,32.70,0.97,Fwd,8.49
1748746478.37,-6.91,-11.80,32.70,0.97,Fwd,8.49
1748746478.37,-6.91,-11.80,32.70,0.97,Fwd,8.49
1748746478.37,-6.91,-11.80,32.70,0.97,Fwd,8.49
1748746478.37,-6.91,-11.80,32.70,0.97,Fwd,8.49
1748746478.37,-8.78,-11.80,32.70,0.97,Fwd,8.49
1748746478.37,-8.78,-13.10,32.70,0.97,Fwd,8.49
1748746478.37,-8.78,-13.10,32.10,0.97,Fwd,8.49
1748746478.38,-8.78,-13.10,32.10,1.05,Fwd,8.49
1748746478.43,-8.78,-13.10,32.10,1.05,Fwd,8.49
1748746478.43,-10.01,-13.10,32.10,1.05,Fwd,8.49
1748746478.43,-10.01,-14.29,32.10,1.05,Fwd,8.49
1748746478.44,-10.01,-14.29,30.85,1.05,Fwd,8.49
1748746478.44,-10.01,-14.29,30.85,0.94,Fwd,8.49
1748746478.44,-10.01,-14.29,30.85,0.94,Fwd,8.49
1748746478.44,-10.01,-14.29,30.85,0.94,Fwd,8.49
1748746478.44,-10.01,-14.29,30.85,0.94,Fwd,8.49
1748746478.54,-10.01,-14.29,30.85,0.94,Fwd,3.52
1748746478.57,-11.40,-14.29,30.85,0.94,Fwd,3.52
1748746478.57,-11.40,-15.09,30.85,0.94,Fwd,3.52
1748746478.57,-11.40,-15.09,28.54,0.94,Fwd,3.52
1748746478.58,-11.40,-15.09,28.54,0.97,Fwd,3.52
1748746478.58,-11.40,-15.09,28.54,0.97,Fwd,3.52
1748746478.58,-11.40,-15.09,28.54,0.97,Fwd,3.52
1748746478.58,-11.40,-15.09,28.54,0.97,Fwd,3.52
1748746478.65,-11.40,-15.09,28.54,0.97,Fwd,3.52
1748746478.65,-10.42,-15.09,28.54,0.97,Fwd,3.52
1748746478.65,-10.42,-14.59,28.54,0.97,Fwd,3.52
1748746478.65,-10.42,-14.59,24.18,0.97,Fwd,3.52
1748746478.65,-10.42,-14.59,24.18,0.91,Fwd,3.52
1748746478.65,-10.42,-14.59,24.18,0.91,Fwd,3.52
1748746478.66,-10.42,-14.59,24.18,0.91,Fwd,3.52
1748746478.66,-10.42,-14.59,24.18,0.91,Fwd,3.52
1748746478.75,-10.42,-14.59,24.18,0.91,Fwd,3.52
1748746478.75,-9.22,-14.59,24.18,0.91,Fwd,3.52
1748746478.76,-9.22,-13.72,24.18,0.91,Fwd,3.52
1748746478.76,-9.22,-13.72,19.05,0.91,Fwd,3.52
1748746478.76,-9.22,-13.72,19.05,1.01,Fwd,3.52
1748746478.76,-9.22,-13.72,19.05,1.01,Fwd,3.52
1748746478.76,-9.22,-13.72,19.05,1.01,Fwd,3.52
1748746478.76,-9.22,-13.72,19.05,1.01,Fwd,3.52
1748746478.85,-9.22,-13.72,19.05,1.01,Fwd,3.52
1748746478.89,-8.88,-13.72,19.05,1.01,Fwd,3.52
1748746478.89,-8.88,-12.45,19.05,1.01,Fwd,3.52
1748746478.89,-8.88,-12.45,13.01,1.01,Fwd,3.52
1748746478.89,-8.88,-12.45,13.01,0.92,Fwd,3.52
1748746478.90,-8.88,-12.45,13.01,0.92,Fwd,3.52
1748746478.90,-8.88,-12.45,13.01,0.92,Fwd,3.52
1748746478.90,-8.88,-12.45,13.01,0.92,Fwd,3.52
1748746478.96,-8.88,-12.45,13.01,0.92,Fwd,3.52
1748746478.96,-8.42,-12.45,13.01,0.92,Fwd,3.52
1748746478.96,-8.42,-11.67,13.01,0.92,Fwd,3.52
1748746478.96,-8.42,-11.67,6.20,0.92,Fwd,3.52
1748746478.96,-8.42,-11.67,6.20,1.09,Fwd,3.52
1748746478.97,-8.42,-11.67,6.20,1.09,Fwd,3.52
1748746478.97,-8.42,-11.67,6.20,1.09,Fwd,3.52
1748746478.97,-8.42,-11.67,6.20,1.09,Fwd,3.52
1748746479.02,-8.42,-11.67,6.20,1.09,Fwd,7.86
1748746479.03,-8.03,-11.67,6.20,1.09,Fwd,7.86
1748746479.03,-8.03,-10.82,6.20,1.09,Fwd,7.86
1748746479.03,-8.03,-10.82,358.23,1.09,Fwd,7.86
1748746479.03,-8.03,-10.82,358.23,0.92,Fwd,7.86
1748746479.03,-8.03,-10.82,358.23,0.92,Fwd,7.86
1748746479.03,-8.03,-10.82,358.23,0.92,Fwd,7.86
1748746479.04,-8.03,-10.82,358.23,0.92,Fwd,7.86
1748746479.13,-8.03,-10.82,358.23,0.92,Fwd,7.86
1748746479.13,-7.58,-10.82,358.23,0.92,Fwd,7.86
1748746479.13,-7.58,-9.75,358.23,0.92,Fwd,7.86
1748746479.13,-7.58,-9.75,349.53,0.92,Fwd,7.86
1748746479.14,-7.58,-9.75,349.53,1.01,Fwd,7.86
1748746479.14,-7.58,-9.75,349.53,1.01,Fwd,7.86
1748746479.16,-7.58,-9.75,349.53,1.01,Fwd,7.86
1748746479.20,-7.58,-9.75,349.53,1.01,Fwd,7.86
1748746479.24,-7.58,-9.75,349.53,1.01,Fwd,7.86
1748746479.27,-7.48,-9.75,349.53,1.01,Fwd,7.86
1748746479.27,-7.48,-8.62,349.53,1.01,Fwd,7.86
1748746479.28,-7.48,-8.62,340.83,1.01,Fwd,7.86
1748746479.28,-7.48,-8.62,340.83,1.06,Fwd,7.86
1748746479.28,-7.48,-8.62,340.83,1.06,Fwd,7.86
1748746479.28,-7.48,-8.62,340.83,1.06,Fwd,7.86
1748746479.29,-7.48,-8.62,340.83,1.06,Fwd,7.86
1748746479.34,-7.48,-8.62,340.83,1.06,Fwd,7.86
1748746479.35,-7.08,-8.62,340.83,1.06,Fwd,7.86
1748746479.35,-7.08,-7.72,340.83,1.06,Fwd,7.86
1748746479.35,-7.08,-7.72,332.69,1.06,Fwd,7.86
1748746479.35,-7.08,-7.72,332.69,1.04,Fwd,7.86
1748746479.35,-7.08,-7.72,332.69,1.04,Fwd,7.86
1748746479.35,-7.08,-7.72,332.69,1.04,Fwd,7.86
1748746479.35,-7.08,-7.72,332.69,1.04,Fwd,7.86
1748746479.45,-7.08,-7.72,332.69,1.04,Fwd,7.86
1748746479.45,-6.77,-7.72,332.69,1.04,Fwd,7.86
1748746479.45,-6.77,-6.73,332.69,1.04,Fwd,7.86
1748746479.48,-6.77,-6.73,325.70,1.04,Fwd,7.86
1748746479.48,-6.77,-6.73,325.70,0.88,Fwd,7.86
1748746479.48,-6.77,-6.73,325.70,0.88,Fwd,7.86
1748746479.49,-6.77,-6.73,325.70,0.88,Fwd,7.86
1748746479.49,-6.77,-6.73,325.70,0.88,Fwd,7.86
1748746479.56,-6.77,-6.73,325.70,0.88,Fwd,7.47
1748746479.56,-6.44,-6.73,325.70,0.88,Fwd,7.47
1748746479.56,-6.44,-5.83,325.70,0.88,Fwd,7.47
1748746479.56,-6.44,-5.83,320.12,0.88,Fwd,7.47
1748746479.57,-6.44,-5.83,320.12,0.95,Fwd,7.47
1748746479.57,-6.44,-5.83,320.12,0.95,Fwd,7.47
1748746479.57,-6.44,-5.83,320.12,0.95,Fwd,7.47
1748746479.57,-6.44,-5.83,320.12,0.95,Fwd,7.47
1748746479.66,-6.44,-5.83,320.12,0.95,Fwd,7.47
1748746479.66,-5.82,-5.83,320.12,0.95,Fwd,7.47
1748746479.66,-5.82,-5.32,320.12,0.95,Fwd,7.47
1748746479.67,-5.82,-5.32,316.07,0.95,Fwd,7.47
1748746479.67,-5.82,-5.32,316.07,1.07,Fwd,7.47
1748746479.67,-5.82,-5.32,316.07,1.07,Fwd,7.47
1748746479.67,-5.82,-5.32,316.07,1.07,Fwd,7.47
1748746479.67,-5.82,-5.32,316.07,1.07,Fwd,7.47
1748746479.73,-5.82,-5.32,316.07,1.07,Fwd,7.47
1748746479.73,-5.35,-5.32,316.07,1.07,Fwd,7.47
1748746479.73,-5.35,-5.14,316.07,1.07,Fwd,7.47
1748746479.73,-5.35,-5.14,313.11,1.07,Fwd,7.47
1748746479.73,-5.35,-5.14,313.11,1.01,Fwd,7.47
1748746479.73,-5.35,-5.14,313.11,1.01,Fwd,7.47
1748746479.74,-5.35,-5.14,313.11,1.01,Fwd,7.47
1748746479.74,-5.35,-5.14,313.11,1.01,Fwd,7.47
1748746479.83,-5.35,-5.14,313.11,1.01,Fwd,7.47
1748746479.83,-4.93,-5.14,313.11,1.01,Fwd,7.47
1748746479.84,-4.93,-5.27,313.11,1.01,Fwd,7.47
1748746479.84,-4.93,-5.27,310.83,1.01,Fwd,7.47
1748746479.84,-4.93,-5.27,310.83,1.03,Fwd,7.47
1748746479.84,-4.93,-5.27,310.83,1.03,Fwd,7.47
1748746479.84,-4.93,-5.27,310.83,1.03,Fwd,7.47
1748746479.85,-4.93,-5.27,310.83,1.03,Fwd,7.47
1748746479.93,-4.93,-5.27,310.83,1.03,Fwd,7.47
1748746479.94,-4.79,-5.27,310.83,1.03,Fwd,7.47
1748746479.94,-4.79,-5.72,310.83,1.03,Fwd,7.47
1748746479.94,-4.79,-5.72,309.05,1.03,Fwd,7.47
1748746479.94,-4.79,-5.72,309.05,0.87,Fwd,7.47
1748746479.94,-4.79,-5.72,309.05,0.87,Fwd,7.47
1748746479.94,-4.79,-5.72,309.05,0.87,Fwd,7.47
1748746479.94,-4.79,-5.72,309.05,0.87,Fwd,7.47
1748746480.04,-4.79,-5.72,309.05,0.87,Fwd,7.47
1748746480.04,-5.13,-5.72,309.05,0.87,Fwd,7.47
1748746480.04,-5.13,-5.99,309.05,0.87,Fwd,7.47
1748746480.04,-5.13,-5.99,307.17,0.87,Fwd,7.47
1748746480.04,-5.13,-5.99,307.17,1.01,Fwd,7.47
1748746480.04,-5.13,-5.99,307.17,1.01,Fwd,7.47
1748746480.04,-5.13,-5.99,307.17,1.01,Fwd,7.47
1748746480.05,-5.13,-5.99,307.17,1.01,Fwd,7.47
1748746480.14,-5.13,-5.99,307.17,1.01,Fwd,6.49
1748746480.14,-5.40,-5.99,307.17,1.01,Fwd,6.49
1748746480.15,-5.40,-6.00,307.17,1.01,Fwd,6.49
1748746480.15,-5.40,-6.00,304.84,1.01,Fwd,6.49
1748746480.15,-5.40,-6.00,304.84,1.01,Fwd,6.49
1748746480.15,-5.40,-6.00,304.84,1.01,Fwd,6.49
1748746480.15,-5.40,-6.00,304.84,1.01,Fwd,6.49
1748746480.15,-5.40,-6.00,304.84,1.01,Fwd,6.49
1748746480.25,-5.40,-6.00,304.84,1.01,Fwd,6.49
1748746480.28,-5.28,-6.00,304.84,1.01,Fwd,6.49
1748746480.32,-5.28,-6.02,304.84,1.01,Fwd,6.49
1748746480.36,-5.28,-6.02,302.06,1.01,Fwd,6.49
1748746480.36,-5.28,-6.02,302.06,0.89,Fwd,6.49
1748746480.37,-5.28,-6.02,302.06,0.89,Fwd,6.49
1748746480.37,-5.28,-6.02,302.06,0.89,Fwd,6.49
1748746480.37,-5.28,-6.02,302.06,0.89,Fwd,6.49
1748746480.37,-5.28,-6.02,302.06,0.89,Fwd,6.49
1748746480.37,-5.21,-6.02,302.06,0.89,Fwd,6.49
1748746480.37,-5.21,-6.29,302.06,0.89,Fwd,6.49
1748746480.38,-5.21,-6.29,299.03,0.89,Fwd,6.49
1748746480.38,-5.21,-6.29,299.03,1.02,Fwd,6.49
1748746480.42,-5.21,-6.29,299.03,1.02,Fwd,6.49
1748746480.46,-5.29,-6.29,299.03,1.02,Fwd,6.49
1748746480.46,-5.29,-6.42,299.03,1.02,Fwd,6.49
1748746480.46,-5.29,-6.42,295.61,1.02,Fwd,6.49
1748746480.46,-5.29,-6.42,295.61,1.01,Fwd,6.49
1748746480.46,-5.29,-6.42,295.61,1.01,Fwd,6.49
1748746480.47,-5.29,-6.42,295.61,1.01,Fwd,6.49
1748746480.47,-5.29,-6.42,295.61,1.01,Fwd,6.49
1748746480.53,-5.29,-6.42,295.61,1.01,Fwd,6.49
1748746480.54,-5.18,-6.42,295.61,1.01,Fwd,6.49
1748746480.54,-5.18,-6.22,295.61,1.01,Fwd,6.49
1748746480.54,-5.18,-6.22,291.74,1.01,Fwd,6.49
1748746480.54,-5.18,-6.22,291.74,0.94,Fwd,6.49
1748746480.55,-5.18,-6.22,291.74,0.94,Fwd,6.49
1748746480.55,-5.18,-6.22,291.74,0.94,Fwd,6.49
1748746480.55,-5.18,-6.22,291.74,0.94,Fwd,6.49
1748746480.64,-5.18,-6.22,291.74,0.94,Fwd,6.98
1748746480.64,-5.08,-6.22,291.74,0.94,Fwd,6.98
1748746480.65,-5.08,-6.07,291.74,0.94,Fwd,6.98
1748746480.65,-5.08,-6.07,287.52,0.94,Fwd,6.98
1748746480.65,-5.08,-6.07,287.52,1.00,Fwd,6.98
1748746480.65,-5.08,-6.07,287.52,1.00,Fwd,6.98
1748746480.65,-5.08,-6.07,287.52,1.00,Fwd,6.98
1748746480.66,-5.08,-6.07,287.52,1.00,Fwd,6.98
1748746480.74,-5.08,-6.07,287.52,1.00,Fwd,6.98
1748746480.75,-5.07,-6.07,287.52,1.00,Fwd,6.98
1748746480.75,-5.07,-6.03,287.52,1.00,Fwd,6.98
1748746480.75,-5.07,-6.03,283.08,1.00,Fwd,6.98
1748746480.75,-5.07,-6.03,283.08,0.97,Fwd,6.98
1748746480.76,-5.07,-6.03,283.08,0.97,Fwd,6.98
1748746480.76,-5.07,-6.03,283.08,0.97,Fwd,6.98
1748746480.76,-5.07,-6.03,283.08,0.97,Fwd,6.98
1748746480.85,-5.07,-6.03,283.08,0.97,Fwd,6.98
1748746480.88,-5.15,-6.03,283.08,0.97,Fwd,6.98
1748746480.92,-5.15,-5.65,283.08,0.97,Fwd,6.98
1748746480.92,-5.15,-5.65,278.38,0.97,Fwd,6.98
1748746480.92,-5.15,-5.65,278.38,1.00,Fwd,6.98
1748746480.92,-5.15,-5.65,278.38,1.00,Fwd,6.98
1748746480.93,-5.15,-5.65,278.38,1.00,Fwd,6.98
1748746480.93,-5.15,-5.65,278.38,1.00,Fwd,6.98
1748746480.95,-5.15,-5.65,278.38,1.00,Fwd,6.98
1748746480.95,-5.24,-5.65,278.38,1.00,Fwd,6.98
1748746480.95,-5.24,-5.07,278.38,1.00,Fwd,6.98
1748746480.98,-5.24,-5.07,273.42,1.00,Fwd,6.98
1748746480.99,-5.24,-5.07,273.42,0.90,Fwd,6.98
1748746480.99,-5.24,-5.07,273.42,0.90,Fwd,6.98
1748746480.99,-5.24,-5.07,273.42,0.90,Fwd,6.98
1748746480.99,-5.24,-5.07,273.42,0.90,Fwd,6.98
1748746481.06,-5.24,-5.07,273.42,0.90,Fwd,6.98
1748746481.06,-5.53,-5.07,273.42,0.90,Fwd,6.98
1748746481.07,-5.53,-4.62,273.42,0.90,Fwd,6.98
1748746481.07,-5.53,-4.62,268.34,0.90,Fwd,6.98
1748746481.07,-5.53,-4.62,268.34,0.98,Fwd,6.98
1748746481.07,-5.53,-4.62,268.34,0.98,Fwd,6.98
1748746481.08,-5.53,-4.62,268.34,0.98,Fwd,6.98
1748746481.08,-5.53,-4.62,268.34,0.98,Fwd,6.98
1748746481.13,-5.53,-4.62,268.34,0.98,Fwd,6.98
1748746481.16,-5.72,-4.62,268.34,0.98,Fwd,6.98
1748746481.16,-5.72,-4.00,268.34,0.98,Fwd,6.98
1748746481.17,-5.72,-4.00,263.09,0.98,Fwd,6.98
1748746481.17,-5.72,-4.00,263.09,1.01,Fwd,6.98
1748746481.17,-5.72,-4.00,263.09,1.01,Fwd,6.98
1748746481.17,-5.72,-4.00,263.09,1.01,Fwd,6.98
1748746481.17,-5.72,-4.00,263.09,1.01,Fwd,6.98