1748746707.64,-6.45,0.92,51.58,1.01,Fwd,4.58
1748746707.64,-7.48,0.92,51.58,1.01,Fwd,4.58
1748746707.64,-7.48,0.30,51.58,1.01,Fwd,4.58
1748746707.64,-7.48,0.30,51.31,1.01,Fwd,4.58
1748746707.64,-7.48,0.30,51.31,1.02,Fwd,4.58
1748746707.65,-7.48,0.30,51.31,1.02,Fwd,4.58
1748746707.65,-7.48,0.30,51.31,1.02,Fwd,4.58
1748746707.65,-7.48,0.30,51.31,1.02,Fwd,4.58
1748746707.75,-7.48,0.30,51.31,1.02,Fwd,4.58
1748746707.75,-10.56,0.30,51.31,1.02,Fwd,4.58
1748746707.75,-10.56,0.71,51.31,1.02,Fwd,4.58
1748746707.75,-10.56,0.71,49.71,1.02,Fwd,4.58
1748746707.75,-10.56,0.71,49.71,1.09,Fwd,4.58
1748746707.75,-10.56,0.71,49.71,1.09,Fwd,4.58
1748746707.75,-10.56,0.71,49.71,1.09,Fwd,4.58
1748746707.75,-10.56,0.71,49.71,1.09,Fwd,4.58
1748746707.86,-10.56,0.71,49.71,1.09,Fwd,4.58
1748746707.86,-10.93,0.71,49.71,1.09,Fwd,4.58
1748746707.86,-10.93,3.74,49.71,1.09,Fwd,4.58
1748746707.87,-10.93,3.74,45.73,1.09,Fwd,4.58
1748746707.87,-10.93,3.74,45.73,0.93,Fwd,4.58
1748746707.87,-10.93,3.74,45.73,0.93,Fwd,4.58
1748746707.87,-10.93,3.74,45.73,0.93,Fwd,4.58
1748746707.87,-10.93,3.74,45.73,0.93,Fwd,4.58
1748746707.93,-10.93,3.74,45.73,0.93,Fwd,4.58
1748746707.93,-8.64,3.74,45.73,0.93,Fwd,4.58
1748746707.93,-8.64,3.86,45.73,0.93,Fwd,4.58
1748746707.93,-8.64,3.86,43.79,0.93,Fwd,4.58
1748746707.93,-8.64,3.86,43.79,0.94,Fwd,4.58
1748746707.93,-8.64,3.86,43.79,0.94,Fwd,4.58
1748746707.94,-8.64,3.86,43.79,0.94,Fwd,4.58
1748746707.94,-8.64,3.86,43.79,0.94,Fwd,4.58
1748746708.03,-8.64,3.86,43.79,0.94,Fwd,4.58
1748746708.07,-7.27,3.86,43.79,0.94,Fwd,4.58
1748746708.07,-7.27,4.34,43.79,0.94,Fwd,4.58
1748746708.07,-7.27,4.34,43.76,0.94,Fwd,4.58
1748746708.08,-7.27,4.34,43.76,1.02,Fwd,4.58
1748746708.08,-7.27,4.34,43.76,1.02,Fwd,4.58
1748746708.08,-7.27,4.34,43.76,1.02,Fwd,4.58
1748746708.08,-7.27,4.34,43.76,1.02,Fwd,4.58
1748746708.14,-7.27,4.34,43.76,1.02,Fwd,4.58
1748746708.14,-6.50,4.34,43.76,1.02,Fwd,4.58
1748746708.14,-6.50,3.51,43.76,1.02,Fwd,4.58
1748746708.14,-6.50,3.51,45.32,1.02,Fwd,4.58
1748746708.14,-6.50,3.51,45.32,1.03,Fwd,4.58
1748746708.15,-6.50,3.51,45.32,1.03,Fwd,4.58
1748746708.15,-6.50,3.51,45.32,1.03,Fwd,4.58
1748746708.15,-6.50,3.51,45.32,1.03,Fwd,4.58
1748746708.24,-6.50,3.51,45.32,1.03,Fwd,4.58
1748746708.28,-8.43,3.51,45.32,1.03,Fwd,4.58
1748746708.28,-8.43,1.06,45.32,1.03,Fwd,4.58
1748746708.29,-8.43,1.06,47.82,1.03,Fwd,4.58
1748746708.29,-8.43,1.06,47.82,1.04,Fwd,4.58
1748746708.29,-8.43,1.06,47.82,1.04,Fwd,4.58
1748746708.29,-8.43,1.06,47.82,1.04,Fwd,4.58
1748746708.29,-8.43,1.06,47.82,1.04,Fwd,4.58
1748746708.35,-8.43,1.06,47.82,1.04,Fwd,1.26
1748746708.35,-7.37,1.06,47.82,1.04,Fwd,1.26
1748746708.35,-7.37,-0.20,47.82,1.04,Fwd,1.26
1748746708.35,-7.37,-0.20,52.78,1.04,Fwd,1.26
1748746708.35,-7.37,-0.20,52.78,0.95,Fwd,1.26
1748746708.35,-7.37,-0.20,52.78,0.95,Fwd,1.26
1748746708.36,-7.37,-0.20,52.78,0.95,Fwd,1.26
1748746708.36,-7.37,-0.20,52.78,0.95,Fwd,1.26
1748746708.45,-7.37,-0.20,52.78,0.95,Fwd,1.26
1748746708.45,-5.84,-0.20,52.78,0.95,Fwd,1.26
1748746708.46,-5.84,-1.72,52.78,0.95,Fwd,1.26
1748746708.46,-5.84,-1.72,57.20,0.95,Fwd,1.26
1748746708.46,-5.84,-1.72,57.20,0.91,Fwd,1.26
1748746708.46,-5.84,-1.72,57.20,0.91,Fwd,1.26
1748746708.47,-5.84,-1.72,57.20,0.91,Fwd,1.26
1748746708.47,-5.84,-1.72,57.20,0.91,Fwd,1.26
1748746708.56,-5.84,-1.72,57.20,0.91,Fwd,1.26
1748746708.56,-5.32,-1.72,57.20,0.91,Fwd,1.26
1748746708.57,-5.32,-1.66,57.20,0.91,Fwd,1.26
1748746708.57,-5.32,-1.66,60.46,0.91,Fwd,1.26
1748746708.57,-5.32,-1.66,60.46,1.09,Fwd,1.26
1748746708.57,-5.32,-1.66,60.46,1.09,Fwd,1.26
1748746708.58,-5.32,-1.66,60.46,1.09,Fwd,1.26
1748746708.58,-5.32,-1.66,60.46,1.09,Fwd,1.26
1748746708.62,-5.32,-1.66,60.46,1.09,Fwd,1.26
1748746708.67,-4.62,-1.66,60.46,1.09,Fwd,1.26
1748746708.67,-4.62,-2.06,60.46,1.09,Fwd,1.26
1748746708.67,-4.62,-2.06,62.55,1.09,Fwd,1.26
1748746708.67,-4.62,-2.06,62.55,1.01,Fwd,1.26
1748746708.67,-4.62,-2.06,62.55,1.01,Fwd,1.26
1748746708.68,-4.62,-2.06,62.55,1.01,Fwd,1.26
1748746708.68,-4.62,-2.06,62.55,1.01,Fwd,1.26
1748746708.73,-4.62,-2.06,62.55,1.01,Fwd,1.26
1748746708.74,-3.61,-2.06,62.55,1.01,Fwd,1.26
1748746708.74,-3.61,-1.03,62.55,1.01,Fwd,1.26
1748746708.74,-3.61,-1.03,63.21,1.01,Fwd,1.26
1748746708.74,-3.61,-1.03,63.21,0.95,Fwd,1.26
1748746708.74,-3.61,-1.03,63.21,0.95,Fwd,1.26
1748746708.75,-3.61,-1.03,63.21,0.95,Fwd,1.26
1748746708.75,-3.61,-1.03,63.21,0.95,Fwd,1.26
1748746708.84,-3.61,-1.03,63.21,0.95,Fwd,1.26
1748746708.84,-3.03,-1.03,63.21,0.95,Fwd,1.26
1748746708.84,-3.03,0.30,63.21,0.95,Fwd,1.26
1748746708.84,-3.03,0.30,63.28,0.95,Fwd,1.26
1748746708.85,-3.03,0.30,63.28,1.05,Fwd,1.26
1748746708.85,-3.03,0.30,63.28,1.05,Fwd,1.26
1748746708.85,-3.03,0.30,63.28,1.05,Fwd,1.26
1748746708.85,-3.03,0.30,63.28,1.05,Fwd,1.26
1748746708.94,-3.03,0.30,63.28,1.05,Fwd,1.26
1748746708.94,-1.68,0.30,63.28,1.05,Fwd,1.26
1748746708.95,-1.68,0.20,63.28,1.05,Fwd,1.26
1748746708.95,-1.68,0.20,63.74,1.05,Fwd,1.26
1748746708.95,-1.68,0.20,63.74,1.03,Fwd,1.26
1748746708.95,-1.68,0.20,63.74,1.03,Fwd,1.26
1748746708.95,-1.68,0.20,63.74,1.03,Fwd,1.26
1748746708.96,-1.68,0.20,63.74,1.03,Fwd,1.26
1748746709.05,-1.68,0.20,63.74,1.03,Fwd,1.26
1748746709.05,-1.00,0.20,63.74,1.03,Fwd,1.26
1748746709.05,-1.00,0.16,63.74,1.03,Fwd,1.26
1748746709.06,-1.00,0.16,64.05,1.03,Fwd,1.26
1748746709.06,-1.00,0.16,64.05,0.99,Fwd,1.26
1748746709.06,-1.00,0.16,64.05,0.99,Fwd,1.26
1748746709.06,-1.00,0.16,64.05,0.99,Fwd,1.26
1748746709.06,-1.00,0.16,64.05,0.99,Fwd,1.26
1748746709.15,-1.00,0.16,64.05,0.99,Fwd,1.26
1748746709.15,-0.75,0.16,64.05,0.99,Fwd,1.26
1748746709.15,-0.75,0.56,64.05,0.99,Fwd,1.26
1748746709.16,-0.75,0.56,64.29,0.99,Fwd,1.26
1748746709.16,-0.75,0.56,64.29,0.97,Fwd,1.26
1748746709.16,-0.75,0.56,64.29,0.97,Fwd,1.26
1748746709.22,-0.75,0.56,64.29,0.97,Fwd,1.26
1748746709.22,-0.75,0.56,64.29,0.97,Fwd,1.26
1748746709.25,-0.75,0.56,64.29,0.97,Fwd,1.26
1748746709.26,-1.06,0.56,64.29,0.97,Fwd,1.26
1748746709.26,-1.06,1.02,64.29,0.97,Fwd,1.26
1748746709.29,-1.06,1.02,64.36,0.97,Fwd,1.26
1748746709.29,-1.06,1.02,64.36,1.07,Fwd,1.26
1748746709.30,-1.06,1.02,64.36,1.07,Fwd,1.26
1748746709.30,-1.06,1.02,64.36,1.07,Fwd,1.26
1748746709.30,-1.06,1.02,64.36,1.07,Fwd,1.26
1748746709.32,-1.06,1.02,64.36,1.07,Fwd,1.26
1748746709.32,0.22,1.02,64.36,1.07,Fwd,1.26
1748746709.33,0.22,1.26,64.36,1.07,Fwd,1.26
1748746709.33,0.22,1.26,64.59,1.07,Fwd,1.26
1748746709.33,0.22,1.26,64.59,0.96,Fwd,1.26
1748746709.33,0.22,1.26,64.59,0.96,Fwd,1.26
1748746709.33,0.22,1.26,64.59,0.96,Fwd,1.26
1748746709.33,0.22,1.26,64.59,0.96,Fwd,1.26
1748746709.43,0.22,1.26,64.59,0.96,Fwd,1.26
1748746709.47,2.24,1.26,64.59,0.96,Fwd,1.26
1748746709.47,2.24,0.98,64.59,0.96,Fwd,1.26
1748746709.50,2.24,0.98,65.25,0.96,Fwd,1.26
1748746709.50,2.24,0.98,65.25,1.06,Fwd,1.26
1748746709.51,2.24,0.98,65.25,1.06,Fwd,1.26
1748746709.51,2.24,0.98,65.25,1.06,Fwd,1.26
1748746709.51,2.24,0.98,65.25,1.06,Fwd,1.26
1748746709.53,2.24,0.98,65.25,1.06,Fwd,1.26
1748746709.53,1.04,0.98,65.25,1.06,Fwd,1.26
1748746709.57,1.04,0.93,65.25,1.06,Fwd,1.26
1748746709.61,1.04,0.93,65.63,1.06,Fwd,1.26
1748746709.61,1.04,0.93,65.63,1.10,Fwd,1.26
1748746709.61,1.04,0.93,65.63,1.10,Fwd,1.26
1748746709.61,1.04,0.93,65.63,1.10,Fwd,1.26
1748746709.62,1.04,0.93,65.63,1.10,Fwd,1.26
1748746709.64,1.04,0.93,65.63,1.10,Fwd,1.26
1748746709.64,2.35,0.93,65.63,1.10,Fwd,1.26
1748746709.64,2.35,0.03,65.63,1.10,Fwd,1.26
1748746709.64,2.35,0.03,65.13,1.10,Fwd,1.26
1748746709.65,2.35,0.03,65.13,0.52,Fwd,1.26
1748746709.65,2.35,0.03,65.13,0.52,Fwd,1.26
1748746709.65,2.35,0.03,65.13,0.52,Fwd,1.26
1748746709.65,2.35,0.03,65.13,0.52,Fwd,1.26
1748746709.74,2.35,0.03,65.13,0.52,Fwd,1.26
1748746709.78,3.91,0.03,65.13,0.52,Fwd,1.26
1748746709.78,3.91,-0.44,65.13,0.52,Fwd,1.26
1748746709.78,3.91,-0.44,62.74,0.52,Fwd,1.26
1748746709.79,3.91,-0.44,62.74,0.63,Fwd,1.26
1748746709.79,3.91,-0.44,62.74,0.63,Fwd,1.26
1748746709.79,3.91,-0.44,62.74,0.63,Fwd,1.26
1748746709.79,3.91,-0.44,62.74,0.63,Fwd,1.26
1748746709.85,3.91,-0.44,62.74,0.63,Fwd,2.51
1748746709.85,3.22,-0.44,62.74,0.63,Fwd,2.51
1748746709.86,3.22,0.83,62.74,0.63,Fwd,2.51
1748746709.86,3.22,0.83,62.17,0.63,Fwd,2.51
1748746709.86,3.22,0.83,62.17,-0.82,Fwd,2.51
1748746709.86,3.22,0.83,62.17,-0.82,Fwd,2.51
1748746709.87,3.22,0.83,62.17,-0.82,Fwd,2.51
1748746709.87,3.22,0.83,62.17,-0.82,Fwd,2.51
1748746709.95,3.22,0.83,62.17,-0.82,Fwd,2.51
1748746709.96,2.51,0.83,62.17,-0.82,Fwd,2.51
1748746709.96,2.51,0.91,62.17,-0.82,Fwd,2.51
1748746709.96,2.51,0.91,62.46,-0.82,Fwd,2.51
1748746709.96,2.51,0.91,62.46,0.98,Fwd,2.51
1748746709.97,2.51,0.91,62.46,0.98,Fwd,2.51
1748746709.99,2.51,0.91,62.46,0.98,Fwd,2.51
1748746710.03,2.51,0.91,62.46,0.98,Fwd,2.51
1748746710.06,2.51,0.91,62.46,0.98,Fwd,2.51
1748746710.06,2.14,0.91,62.46,0.98,Fwd,2.51
1748746710.06,2.14,1.65,62.46,0.98,Fwd,2.51
1748746710.06,2.14,1.65,63.05,0.98,Fwd,2.51
1748746710.07,2.14,1.65,63.05,1.00,Fwd,2.51
1748746710.07,2.14,1.65,63.05,1.00,Fwd,2.51
1748746710.07,2.14,1.65,63.05,1.00,Fwd,2.51
1748746710.07,2.14,1.65,63.05,1.00,Fwd,2.51
1748746710.13,2.14,1.65,63.05,1.00,Fwd,2.51
1748746710.16,1.94,1.65,63.05,1.00,Fwd,2.51
1748746710.19,1.94,3.06,63.05,1.00,Fwd,2.51
1748746710.19,1.94,3.06,63.66,1.00,Fwd,2.51
1748746710.20,1.94,3.06,63.66,1.00,Fwd,2.51
1748746710.20,1.94,3.06,63.66,1.00,Fwd,2.51
1748746710.20,1.94,3.06,63.66,1.00,Fwd,2.51
1748746710.20,1.94,3.06,63.66,1.00,Fwd,2.51
1748746710.23,1.94,3.06,63.66,1.00,Fwd,2.51
1748746710.23,1.86,3.06,63.66,1.00,Fwd,2.51
1748746710.23,1.86,4.23,63.66,1.00,Fwd,2.51
1748746710.23,1.86,4.23,64.35,1.00,Fwd,2.51
1748746710.23,1.86,4.23,64.35,1.02,Fwd,2.51
1748746710.23,1.86,4.23,64.35,1.02,Fwd,2.51
1748746710.23,1.86,4.23,64.35,1.02,Fwd,2.51
1748746710.23,1.86,4.23,64.35,1.02,Fwd,2.51
1748746710.33,1.86,4.23,64.35,1.02,Fwd,2.51
1748746710.37,1.73,4.23,64.35,1.02,Fwd,2.51
1748746710.37,1.73,3.77,64.35,1.02,Fwd,2.51
1748746710.37,1.73,3.77,64.99,1.02,Fwd,2.51
1748746710.37,1.73,3.77,64.99,0.95,Fwd,2.51
1748746710.37,1.73,3.77,64.99,0.95,Fwd,2.51
1748746710.37,1.73,3.77,64.99,0.95,Fwd,2.51
1748746710.37,1.73,3.77,64.99,0.95,Fwd,2.51
1748746710.44,1.73,3.77,64.99,0.95,Fwd,2.51
1748746710.47,1.58,3.77,64.99,0.95,Fwd,2.51
1748746710.51,1.58,2.87,64.99,0.95,Fwd,2.51
1748746710.55,1.58,2.87,65.64,0.95,Fwd,2.51
1748746710.55,1.58,2.87,65.64,0.93,Fwd,2.51
1748746710.55,1.58,2.87,65.64,0.93,Fwd,2.51
1748746710.55,1.58,2.87,65.64,0.93,Fwd,2.51
1748746710.55,1.58,2.87,65.64,0.93,Fwd,2.51
1748746710.55,1.58,2.87,65.64,0.93,Fwd,2.51
1748746710.55,0.86,2.87,65.64,0.93,Fwd,2.51
1748746710.55,0.86,2.24,65.64,0.93,Fwd,2.51
1748746710.55,0.86,2.24,66.05,0.93,Fwd,2.51
1748746710.55,0.86,2.24,66.05,1.08,Fwd,2.51
1748746710.55,0.86,2.24,66.05,1.08,Fwd,2.51
1748746710.55,0.86,2.24,66.05,1.08,Fwd,2.51
1748746710.56,0.86,2.24,66.05,1.08,Fwd,2.51
1748746710.65,0.86,2.24,66.05,1.08,Fwd,2.51
1748746710.69,1.76,2.24,66.05,1.08,Fwd,2.51
1748746710.73,1.76,2.42,66.05,1.08,Fwd,2.51
1748746710.74,1.76,2.42,66.31,1.08,Fwd,2.51
1748746710.74,1.76,2.42,66.31,1.00,Fwd,2.51
1748746710.74,1.76,2.42,66.31,1.00,Fwd,2.51
1748746710.74,1.76,2.42,66.31,1.00,Fwd,2.51
1748746710.74,1.76,2.42,66.31,1.00,Fwd,2.51
1748746710.74,1.76,2.42,66.31,1.00,Fwd,2.51
1748746710.74,-1.28,2.42,66.31,1.00,Fwd,2.51
1748746710.74,-1.28,2.26,66.31,1.00,Fwd,2.51
1748746710.75,-1.28,2.26,67.01,1.00,Fwd,2.51
1748746710.75,-1.28,2.26,67.01,1.51,Fwd,2.51
1748746710.76,-1.28,2.26,67.01,1.51,Fwd,2.51
1748746710.76,-1.28,2.26,67.01,1.51,Fwd,2.51
1748746710.76,-1.28,2.26,67.01,1.51,Fwd,2.51
1748746710.83,-1.28,2.26,67.01,1.51,Fwd,2.51
1748746710.83,-12.46,2.26,67.01,1.51,Fwd,2.51
1748746710.83,-12.46,6.64,67.01,1.51,Fwd,2.51
1748746710.83,-12.46,6.64,64.41,1.51,Fwd,2.51
1748746710.83,-12.46,6.64,64.41,1.29,Fwd,2.51
1748746710.83,-12.46,6.64,64.41,1.29,Fwd,2.51
1748746710.83,-12.46,6.64,64.41,1.29,Fwd,2.51
1748746710.83,-12.46,6.64,64.41,1.29,Fwd,2.51
1748746710.93,-12.46,6.64,64.41,1.29,Fwd,2.51
1748746710.93,-28.28,6.64,64.41,1.29,Fwd,2.51
1748746710.93,-28.28,18.32,64.41,1.29,Fwd,2.51
1748746710.93,-28.28,18.32,40.36,1.29,Fwd,2.51
1748746710.93,-28.28,18.32,40.36,0.55,Fwd,2.51
1748746710.94,-28.28,18.32,40.36,0.55,Fwd,2.51
1748746710.94,-28.28,18.32,40.36,0.55,Fwd,2.51
1748746710.94,-28.28,18.32,40.36,0.55,Fwd,2.51
1748746711.04,-28.28,18.32,40.36,0.55,Fwd,2.51
1748746711.04,-33.98,18.32,40.36,0.55,Fwd,2.51
1748746711.04,-33.98,15.12,40.36,0.55,Fwd,2.51
1748746711.04,-33.98,15.12,2.46,0.55,Fwd,2.51
1748746711.04,-33.98,15.12,2.46,-0.04,Fwd,2.51
1748746711.04,-33.98,15.12,2.46,-0.04,Fwd,2.51
1748746711.04,-33.98,15.12,2.46,-0.04,Fwd,2.51
1748746711.04,-33.98,15.12,2.46,-0.04,Fwd,2.51
1748746711.14,-33.98,15.12,2.46,-0.04,Fwd,2.51
1748746711.18,-31.36,15.12,2.46,-0.04,Fwd,2.51
1748746711.21,-31.36,17.52,2.46,-0.04,Fwd,2.51
1748746711.21,-31.36,17.52,326.79,-0.04,Fwd,2.51
1748746711.21,-31.36,17.52,326.79,-0.18,Fwd,2.51
1748746711.21,-31.36,17.52,326.79,-0.18,Fwd,2.51
1748746711.21,-31.36,17.52,326.79,-0.18,Fwd,2.51
1748746711.22,-31.36,17.52,326.79,-0.18,Fwd,2.51
1748746711.25,-31.36,17.52,326.79,-0.18,Fwd,2.51
1748746711.25,-33.70,17.52,326.79,-0.18,Fwd,2.51
1748746711.25,-33.70,18.71,326.79,-0.18,Fwd,2.51
1748746711.25,-33.70,18.71,294.60,-0.18,Fwd,2.51
1748746711.25,-33.70,18.71,294.60,-0.58,Fwd,2.51
1748746711.25,-33.70,18.71,294.60,-0.58,Fwd,2.51
1748746711.25,-33.70,18.71,294.60,-0.58,Fwd,2.51
1748746711.25,-33.70,18.71,294.60,-0.58,Fwd,2.51
1748746711.36,-33.70,18.71,294.60,-0.58,Fwd,2.51
1748746711.36,-39.25,18.71,294.60,-0.58,Fwd,2.51
1748746711.36,-39.25,20.88,294.60,-0.58,Fwd,2.51
1748746711.36,-39.25,20.88,269.55,-0.58,Fwd,2.51
1748746711.37,-39.25,20.88,269.55,0.07,Fwd,2.51
1748746711.37,-39.25,20.88,269.55,0.07,Fwd,2.51
1748746711.37,-39.25,20.88,269.55,0.07,Fwd,2.51
1748746711.38,-39.25,20.88,269.55,0.07,Fwd,2.51
1748746711.43,-39.25,20.88,269.55,0.07,Fwd,2.51
1748746711.43,-25.83,20.88,269.55,0.07,Fwd,2.51
1748746711.43,-25.83,15.39,269.55,0.07,Fwd,2.51
1748746711.43,-25.83,15.39,248.06,0.07,Fwd,2.51
1748746711.44,-25.83,15.39,248.06,0.80,Fwd,2.51
1748746711.44,-25.83,15.39,248.06,0.80,Fwd,2.51
1748746711.44,-25.83,15.39,248.06,0.80,Fwd,2.51
1748746711.44,-25.83,15.39,248.06,0.80,Fwd,2.51
1748746711.45,-25.83,15.39,248.06,0.80,Fwd,2.51
1748746711.53,-25.83,15.39,248.06,0.80,Fwd,2.51
1748746711.56,-14.89,15.39,248.06,0.80,Fwd,2.51
1748746711.57,-14.89,12.51,248.06,0.80,Fwd,2.51
1748746711.57,-14.89,12.51,241.87,0.80,Fwd,2.51
1748746711.57,-14.89,12.51,241.87,2.22,Fwd,2.51
1748746711.57,-14.89,12.51,241.87,2.22,Fwd,2.51
1748746711.57,-14.89,12.51,241.87,2.22,Fwd,2.51
1748746711.57,-14.89,12.51,241.87,2.22,Fwd,2.51
1748746711.64,-14.89,12.51,241.87,2.22,Fwd,2.51
1748746711.64,-14.11,12.51,241.87,2.22,Fwd,2.51
1748746711.64,-14.11,8.70,241.87,2.22,Fwd,2.51
1748746711.64,-14.11,8.70,244.46,2.22,Fwd,2.51
1748746711.64,-14.11,8.70,244.46,0.99,Fwd,2.51
1748746711.65,-14.11,8.70,244.46,0.99,Fwd,2.51
1748746711.65,-14.11,8.70,244.46,0.99,Fwd,2.51
1748746711.65,-14.11,8.70,244.46,0.99,Fwd,2.51
1748746711.75,-14.11,8.70,244.46,0.99,Fwd,1.99
1748746711.75,-12.93,8.70,244.46,0.99,Fwd,1.99
1748746711.75,-12.93,5.52,244.46,0.99,Fwd,1.99
1748746711.75,-12.93,5.52,247.12,0.99,Fwd,1.99
1748746711.76,-12.93,5.52,247.12,0.92,Fwd,1.99
1748746711.76,-12.93,5.52,247.12,0.92,Fwd,1.99
1748746711.76,-12.93,5.52,247.12,0.92,Fwd,1.99
1748746711.76,-12.93,5.52,247.12,0.92,Fwd,1.99
1748746711.85,-12.93,5.52,247.12,0.92,Fwd,1.99
1748746711.85,-12.11,5.52,247.12,0.92,Fwd,1.99
1748746711.85,-12.11,4.40,247.12,0.92,Fwd,1.99
1748746711.86,-12.11,4.40,251.26,0.92,Fwd,1.99
1748746711.86,-12.11,4.40,251.26,0.98,Fwd,1.99
1748746711.86,-12.11,4.40,251.26,0.98,Fwd,1.99
1748746711.86,-12.11,4.40,251.26,0.98,Fwd,1.99
1748746711.86,-12.11,4.40,251.26,0.98,Fwd,1.99
1748746711.95,-12.11,4.40,251.26,0.98,Fwd,1.99
1748746711.95,-10.98,4.40,251.26,0.98,Fwd,1.99
1748746711.96,-10.98,2.55,251.26,0.98,Fwd,1.99
1748746711.96,-10.98,2.55,258.99,0.98,Fwd,1.99
1748746711.96,-10.98,2.55,258.99,0.89,Fwd,1.99
1748746711.96,-10.98,2.55,258.99,0.89,Fwd,1.99
1748746711.96,-10.98,2.55,258.99,0.89,Fwd,1.99
1748746711.96,-10.98,2.55,258.99,0.89,Fwd,1.99
1748746712.06,-10.98,2.55,258.99,0.89,Fwd,1.99
1748746712.06,-9.34,2.55,258.99,0.89,Fwd,1.99
1748746712.06,-9.34,0.30,258.99,0.89,Fwd,1.99
1748746712.06,-9.34,0.30,268.34,0.89,Fwd,1.99
1748746712.07,-9.34,0.30,268.34,0.94,Fwd,1.99
1748746712.07,-9.34,0.30,268.34,0.94,Fwd,1.99
1748746712.07,-9.34,0.30,268.34,0.94,Fwd,1.99
1748746712.07,-9.34,0.30,268.34,0.94,Fwd,1.99
1748746712.13,-9.34,0.30,268.34,0.94,Fwd,1.99
1748746712.13,-8.07,0.30,268.34,0.94,Fwd,1.99
1748746712.13,-8.07,-2.46,268.34,0.94,Fwd,1.99
1748746712.13,-8.07,-2.46,277.53,0.94,Fwd,1.99
1748746712.13,-8.07,-2.46,277.53,0.81,Fwd,1.99
1748746712.14,-8.07,-2.46,277.53,0.81,Fwd,1.99
1748746712.14,-8.07,-2.46,277.53,0.81,Fwd,1.99
1748746712.14,-8.07,-2.46,277.53,0.81,Fwd,1.99
1748746712.23,-8.07,-2.46,277.53,0.81,Fwd,1.99
1748746712.26,-6.99,-2.46,277.53,0.81,Fwd,1.99
1748746712.26,-6.99,-4.49,277.53,0.81,Fwd,1.99
1748746712.27,-6.99,-4.49,284.71,0.81,Fwd,1.99
1748746712.27,-6.99,-4.49,284.71,0.97,Fwd,1.99
1748746712.27,-6.99,-4.49,284.71,0.97,Fwd,1.99
1748746712.27,-6.99,-4.49,284.71,0.97,Fwd,1.99
1748746712.27,-6.99,-4.49,284.71,0.97,Fwd,1.99
1748746712.34,-6.99,-4.49,284.71,0.97,Fwd,1.99
1748746712.34,-6.07,-4.49,284.71,0.97,Fwd,1.99
1748746712.34,-6.07,-4.91,284.71,0.97,Fwd,1.99
1748746712.34,-6.07,-4.91,288.25,0.97,Fwd,1.99
1748746712.35,-6.07,-4.91,288.25,1.00,Fwd,1.99
1748746712.35,-6.07,-4.91,288.25,1.00,Fwd,1.99
1748746712.35,-6.07,-4.91,288.25,1.00,Fwd,1.99
1748746712.35,-6.07,-4.91,288.25,1.00,Fwd,1.99
1748746712.44,-6.07,-4.91,288.25,1.00,Fwd,1.99
1748746712.45,-5.39,-4.91,288.25,1.00,Fwd,1.99
1748746712.45,-5.39,-4.76,288.25,1.00,Fwd,1.99
1748746712.45,-5.39,-4.76,290.16,1.00,Fwd,1.99
1748746712.45,-5.39,-4.76,290.16,1.05,Fwd,1.99
1748746712.45,-5.39,-4.76,290.16,1.05,Fwd,1.99
1748746712.45,-5.39,-4.76,290.16,1.05,Fwd,1.99
1748746712.46,-5.39,-4.76,290.16,1.05,Fwd,1.99
1748746712.55,-5.39,-4.76,290.16,1.05,Fwd,1.99
1748746712.58,-5.08,-4.76,290.16,1.05,Fwd,1.99
1748746712.58,-5.08,-4.95,290.16,1.05,Fwd,1.99
1748746712.58,-5.08,-4.95,291.34,1.05,Fwd,1.99
1748746712.58,-5.08,-4.95,291.34,0.96,Fwd,1.99
1748746712.59,-5.08,-4.95,291.34,0.96,Fwd,1.99
1748746712.59,-5.08,-4.95,291.34,0.96,Fwd,1.99
1748746712.59,-5.08,-4.95,291.34,0.96,Fwd,1.99
1748746712.65,-5.08,-4.95,291.34,0.96,Fwd,1.99
1748746712.66,-4.44,-4.95,291.34,0.96,Fwd,1.99
1748746712.66,-4.44,-4.52,291.34,0.96,Fwd,1.99
1748746712.66,-4.44,-4.52,291.38,0.96,Fwd,1.99
1748746712.66,-4.44,-4.52,291.38,1.01,Fwd,1.99
1748746712.66,-4.44,-4.52,291.38,1.01,Fwd,1.99
1748746712.67,-4.44,-4.52,291.38,1.01,Fwd,1.99
1748746712.67,-4.44,-4.52,291.38,1.01,Fwd,1.99
1748746712.75,-4.44,-4.52,291.38,1.01,Fwd,3.73
1748746712.79,-3.74,-4.52,291.38,1.01,Fwd,3.73
1748746712.79,-3.74,-3.31,291.38,1.01,Fwd,3.73
1748746712.80,-3.74,-3.31,290.68,1.01,Fwd,3.73
1748746712.80,-3.74,-3.31,290.68,1.02,Fwd,3.73
1748746712.80,-3.74,-3.31,290.68,1.02,Fwd,3.73
1748746712.80,-3.74,-3.31,290.68,1.02,Fwd,3.73
1748746712.80,-3.74,-3.31,290.68,1.02,Fwd,3.73
1748746712.82,-3.74,-3.31,290.68,1.02,Fwd,3.73
1748746712.86,-3.17,-3.31,290.68,1.02,Fwd,3.73
1748746712.86,-3.17,-2.00,290.68,1.02,Fwd,3.73
1748746712.87,-3.17,-2.00,289.53,1.02,Fwd,3.73
1748746712.87,-3.17,-2.00,289.53,1.01,Fwd,3.73
1748746712.87,-3.17,-2.00,289.53,1.01,Fwd,3.73
1748746712.88,-3.17,-2.00,289.53,1.01,Fwd,3.73
1748746712.88,-3.17,-2.00,289.53,1.01,Fwd,3.73
1748746712.93,-3.17,-2.00,289.53,1.01,Fwd,3.73
1748746712.94,-2.31,-2.00,289.53,1.01,Fwd,3.73
1748746712.94,-2.31,-0.59,289.53,1.01,Fwd,3.73
1748746712.96,-2.31,-0.59,288.33,1.01,Fwd,3.73
1748746712.96,-2.31,-0.59,288.33,0.99,Fwd,3.73
1748746712.97,-2.31,-0.59,288.33,0.99,Fwd,3.73
1748746712.97,-2.31,-0.59,288.33,0.99,Fwd,3.73
1748746712.97,-2.31,-0.59,288.33,0.99,Fwd,3.73
1748746713.04,-2.31,-0.59,288.33,0.99,Fwd,3.73
1748746713.04,-1.50,-0.59,288.33,0.99,Fwd,3.73
1748746713.04,-1.50,-0.24,288.33,0.99,Fwd,3.73
1748746713.04,-1.50,-0.24,287.51,0.99,Fwd,3.73
1748746713.04,-1.50,-0.24,287.51,0.90,Fwd,3.73
1748746713.05,-1.50,-0.24,287.51,0.90,Fwd,3.73
1748746713.05,-1.50,-0.24,287.51,0.90,Fwd,3.73
1748746713.05,-1.50,-0.24,287.51,0.90,Fwd,3.73
1748746713.14,-1.50,-0.24,287.51,0.90,Fwd,3.73
1748746713.15,-1.35,-0.24,287.51,0.90,Fwd,3.73
1748746713.15,-1.35,-1.21,287.51,0.90,Fwd,3.73
1748746713.15,-1.35,-1.21,286.94,0.90,Fwd,3.73
1748746713.15,-1.35,-1.21,286.94,0.92,Fwd,3.73
1748746713.15,-1.35,-1.21,286.94,0.92,Fwd,3.73
1748746713.16,-1.35,-1.21,286.94,0.92,Fwd,3.73
1748746713.16,-1.35,-1.21,286.94,0.92,Fwd,3.73
1748746713.25,-1.35,-1.21,286.94,0.92,Fwd,3.73
1748746713.25,-1.18,-1.21,286.94,0.92,Fwd,3.73
1748746713.25,-1.18,-2.10,286.94,0.92,Fwd,3.73
1748746713.26,-1.18,-2.10,286.47,0.92,Fwd,3.73
1748746713.26,-1.18,-2.10,286.47,0.95,Fwd,3.73
1748746713.26,-1.18,-2.10,286.47,0.95,Fwd,3.73
1748746713.26,-1.18,-2.10,286.47,0.95,Fwd,3.73
1748746713.26,-1.18,-2.10,286.47,0.95,Fwd,3.73
1748746713.35,-1.18,-2.10,286.47,0.95,Fwd,3.73
1748746713.35,-2.47,-2.10,286.47,0.95,Fwd,3.73
1748746713.36,-2.47,-2.85,286.47,0.95,Fwd,3.73
1748746713.36,-2.47,-2.85,285.86,0.95,Fwd,3.73
1748746713.36,-2.47,-2.85,285.86,0.93,Fwd,3.73
1748746713.36,-2.47,-2.85,285.86,0.93,Fwd,3.73
1748746713.36,-2.47,-2.85,285.86,0.93,Fwd,3.73
1748746713.37,-2.47,-2.85,285.86,0.93,Fwd,3.73
1748746713.45,-2.47,-2.85,285.86,0.93,Fwd,3.73
1748746713.52,-4.83,-2.85,285.86,0.93,Fwd,3.73
1748746713.57,-4.83,-2.50,285.86,0.93,Fwd,3.73
1748746713.57,-4.83,-2.50,284.53,0.93,Fwd,3.73
1748746713.57,-4.83,-2.50,284.53,1.09,Fwd,3.73
1748746713.57,-4.83,-2.50,284.53,1.09,Fwd,3.73
1748746713.59,-4.83,-2.50,284.53,1.09,Fwd,3.73
1748746713.60,-4.83,-2.50,284.53,1.09,Fwd,3.73
1748746713.60,-4.83,-2.50,284.53,1.09,Fwd,3.73
1748746713.60,-6.52,-2.50,284.53,1.09,Fwd,3.73
1748746713.60,-6.52,-2.41,284.53,1.09,Fwd,3.73
1748746713.60,-6.52,-2.41,282.32,1.09,Fwd,3.73
1748746713.60,-6.52,-2.41,282.32,0.96,Fwd,3.73
1748746713.61,-6.52,-2.41,282.32,0.96,Fwd,3.73
1748746713.61,-6.52,-2.41,282.32,0.96,Fwd,3.73
1748746713.61,-6.52,-2.41,282.32,0.96,Fwd,3.73
1748746713.63,-6.52,-2.41,282.32,0.96,Fwd,4.04
1748746713.63,-7.33,-2.41,282.32,0.96,Fwd,4.04
1748746713.63,-7.33,-2.83,282.32,0.96,Fwd,4.04
1748746713.63,-7.33,-2.83,279.40,0.96,Fwd,4.04
1748746713.63,-7.33,-2.83,279.40,1.04,Fwd,4.04
1748746713.63,-7.33,-2.83,279.40,1.04,Fwd,4.04
1748746713.64,-7.33,-2.83,279.40,1.04,Fwd,4.04
1748746713.64,-7.33,-2.83,279.40,1.04,Fwd,4.04
1748746713.73,-7.33,-2.83,279.40,1.04,Fwd,4.04
1748746713.74,-6.49,-2.83,279.40,1.04,Fwd,4.04
1748746713.74,-6.49,-3.07,279.40,1.04,Fwd,4.04
1748746713.77,-6.49,-3.07,275.03,1.04,Fwd,4.04
1748746713.77,-6.49,-3.07,275.03,1.11,Fwd,4.04
1748746713.77,-6.49,-3.07,275.03,1.11,Fwd,4.04
1748746713.78,-6.49,-3.07,275.03,1.11,Fwd,4.04
1748746713.78,-6.49,-3.07,275.03,1.11,Fwd,4.04
1748746713.88,-6.49,-3.07,275.03,1.11,Fwd,4.04
1748746713.88,-5.98,-3.07,275.03,1.11,Fwd,4.04
1748746713.88,-5.98,-2.61,275.03,1.11,Fwd,4.04
1748746713.88,-5.98,-2.61,269.29,1.11,Fwd,4.04
1748746713.89,-5.98,-2.61,269.29,1.07,Fwd,4.04
1748746713.89,-5.98,-2.61,269.29,1.07,Fwd,4.04
1748746713.89,-5.98,-2.61,269.29,1.07,Fwd,4.04
1748746713.89,-5.98,-2.61,269.29,1.07,Fwd,4.04
1748746713.94,-5.98,-2.61,269.29,1.07,Fwd,4.04
1748746713.95,-5.00,-2.61,269.29,1.07,Fwd,4.04
1748746713.95,-5.00,-1.83,269.29,1.07,Fwd,4.04
1748746713.95,-5.00,-1.83,263.25,1.07,Fwd,4.04
1748746713.95,-5.00,-1.83,263.25,0.92,Fwd,4.04
1748746713.95,-5.00,-1.83,263.25,0.92,Fwd,4.04
1748746713.98,-5.00,-1.83,263.25,0.92,Fwd,4.04
1748746714.01,-5.00,-1.83,263.25,0.92,Fwd,4.04
1748746714.05,-5.00,-1.83,263.25,0.92,Fwd,4.04
1748746714.06,-4.70,-1.83,263.25,0.92,Fwd,4.04
1748746714.06,-4.70,-1.85,263.25,0.92,Fwd,4.04
1748746714.06,-4.70,-1.85,257.91,0.92,Fwd,4.04
1748746714.06,-4.70,-1.85,257.91,1.06,Fwd,4.04
1748746714.06,-4.70,-1.85,257.91,1.06,Fwd,4.04
1748746714.07,-4.70,-1.85,257.91,1.06,Fwd,4.04
1748746714.07,-4.70,-1.85,257.91,1.06,Fwd,4.04
1748746714.16,-4.70,-1.85,257.91,1.06,Fwd,4.04
1748746714.16,-4.48,-1.85,257.91,1.06,Fwd,4.04
1748746714.16,-4.48,-2.77,257.91,1.06,Fwd,4.04
1748746714.17,-4.48,-2.77,253.03,1.06,Fwd,4.04
1748746714.17,-4.48,-2.77,253.03,0.95,Fwd,4.04
1748746714.17,-4.48,-2.77,253.03,0.95,Fwd,4.04
1748746714.17,-4.48,-2.77,253.03,0.95,Fwd,4.04
1748746714.17,-4.48,-2.77,253.03,0.95,Fwd,4.04
1748746714.23,-4.48,-2.77,253.03,0.95,Fwd,6.55
1748746714.23,-4.60,-2.77,253.03,0.95,Fwd,6.55
1748746714.23,-4.60,-2.72,253.03,0.95,Fwd,6.55
1748746714.24,-4.60,-2.72,248.33,0.95,Fwd,6.55
1748746714.24,-4.60,-2.72,248.33,0.89,Fwd,6.55
1748746714.24,-4.60,-2.72,248.33,0.89,Fwd,6.55
1748746714.24,-4.60,-2.72,248.33,0.89,Fwd,6.55
1748746714.24,-4.60,-2.72,248.33,0.89,Fwd,6.55
1748746714.33,-4.60,-2.72,248.33,0.89,Fwd,6.55
1748746714.37,-5.07,-2.72,248.33,0.89,Fwd,6.55
1748746714.37,-5.07,-2.25,248.33,0.89,Fwd,6.55
1748746714.38,-5.07,-2.25,243.31,0.89,Fwd,6.55
1748746714.38,-5.07,-2.25,243.31,1.03,Fwd,6.55
1748746714.38,-5.07,-2.25,243.31,1.03,Fwd,6.55
1748746714.38,-5.07,-2.25,243.31,1.03,Fwd,6.55
1748746714.38,-5.07,-2.25,243.31,1.03,Fwd,6.55
1748746714.43,-5.07,-2.25,243.31,1.03,Fwd,6.55
1748746714.43,-5.28,-2.25,243.31,1.03,Fwd,6.55
1748746714.43,-5.28,-1.94,243.31,1.03,Fwd,6.55
1748746714.43,-5.28,-1.94,237.86,1.03,Fwd,6.55
1748746714.43,-5.28,-1.94,237.86,1.12,Fwd,6.55
1748746714.44,-5.28,-1.94,237.86,1.12,Fwd,6.55
1748746714.44,-5.28,-1.94,237.86,1.12,Fwd,6.55
1748746714.47,-5.28,-1.94,237.86,1.12,Fwd,6.55
1748746714.54,-5.28,-1.94,237.86,1.12,Fwd,6.55
1748746714.54,-5.55,-1.94,237.86,1.12,Fwd,6.55
1748746714.54,-5.55,-1.15,237.86,1.12,Fwd,6.55
1748746714.54,-5.55,-1.15,231.90,1.12,Fwd,6.55
1748746714.54,-5.55,-1.15,231.90,0.97,Fwd,6.55
1748746714.54,-5.55,-1.15,231.90,0.97,Fwd,6.55
1748746714.54,-5.55,-1.15,231.90,0.97,Fwd,6.55
1748746714.54,-5.55,-1.15,231.90,0.97,Fwd,6.55
1748746714.64,-5.55,-1.15,231.90,0.97,Fwd,6.55
1748746714.64,-5.83,-1.15,231.90,0.97,Fwd,6.55
1748746714.64,-5.83,-0.28,231.90,0.97,Fwd,6.55
1748746714.65,-5.83,-0.28,225.69,0.97,Fwd,6.55
1748746714.65,-5.83,-0.28,225.69,0.99,Fwd,6.55
1748746714.65,-5.83,-0.28,225.69,0.99,Fwd,6.55
1748746714.65,-5.83,-0.28,225.69,0.99,Fwd,6.55
1748746714.65,-5.83,-0.28,225.69,0.99,Fwd,6.55
1748746714.75,-5.83,-0.28,225.69,0.99,Fwd,6.55
1748746714.75,-5.77,-0.28,225.69,0.99,Fwd,6.55
1748746714.75,-5.77,0.82,225.69,0.99,Fwd,6.55
1748746714.75,-5.77,0.82,219.36,0.99,Fwd,6.55
1748746714.75,-5.77,0.82,219.36,0.99,Fwd,6.55
1748746714.75,-5.77,0.82,219.36,0.99,Fwd,6.55
1748746714.75,-5.77,0.82,219.36,0.99,Fwd,6.55
1748746714.75,-5.77,0.82,219.36,0.99,Fwd,6.55
1748746714.85,-5.77,0.82,219.36,0.99,Fwd,6.02
1748746714.85,-5.62,0.82,219.36,0.99,Fwd,6.02
1748746714.86,-5.62,1.45,219.36,0.99,Fwd,6.02
1748746714.86,-5.62,1.45,213.14,0.99,Fwd,6.02
1748746714.86,-5.62,1.45,213.14,1.00,Fwd,6.02
1748746714.86,-5.62,1.45,213.14,1.00,Fwd,6.02
1748746714.86,-5.62,1.45,213.14,1.00,Fwd,6.02
1748746714.86,-5.62,1.45,213.14,1.00,Fwd,6.02
1748746714.93,-5.62,1.45,213.14,1.00,Fwd,6.02
1748746714.93,-5.54,1.45,213.14,1.00,Fwd,6.02
1748746714.93,-5.54,2.24,213.14,1.00,Fwd,6.02
1748746714.94,-5.54,2.24,207.39,1.00,Fwd,6.02
1748746714.94,-5.54,2.24,207.39,0.93,Fwd,6.02
1748746714.94,-5.54,2.24,207.39,0.93,Fwd,6.02
1748746714.94,-5.54,2.24,207.39,0.93,Fwd,6.02
1748746714.94,-5.54,2.24,207.39,0.93,Fwd,6.02
1748746715.03,-5.54,2.24,207.39,0.93,Fwd,6.02
1748746715.07,-4.81,2.24,207.39,0.93,Fwd,6.02
1748746715.10,-4.81,2.33,207.39,0.93,Fwd,6.02
1748746715.10,-4.81,2.33,202.51,0.93,Fwd,6.02
1748746715.11,-4.81,2.33,202.51,1.00,Fwd,6.02
1748746715.11,-4.81,2.33,202.51,1.00,Fwd,6.02
1748746715.11,-4.81,2.33,202.51,1.00,Fwd,6.02
1748746715.11,-4.81,2.33,202.51,1.00,Fwd,6.02
1748746715.13,-4.81,2.33,202.51,1.00,Fwd,6.02
1748746715.13,-3.90,2.33,202.51,1.00,Fwd,6.02
1748746715.13,-3.90,1.55,202.51,1.00,Fwd,6.02
1748746715.14,-3.90,1.55,198.98,1.00,Fwd,6.02
1748746715.14,-3.90,1.55,198.98,0.87,Fwd,6.02
1748746715.14,-3.90,1.55,198.98,0.87,Fwd,6.02
1748746715.14,-3.90,1.55,198.98,0.87,Fwd,6.02
1748746715.14,-3.90,1.55,198.98,0.87,Fwd,6.02
1748746715.24,-3.90,1.55,198.98,0.87,Fwd,6.02
1748746715.27,-3.75,1.55,198.98,0.87,Fwd,6.02
1748746715.31,-3.75,0.25,198.98,0.87,Fwd,6.02
1748746715.31,-3.75,0.25,196.46,0.87,Fwd,6.02
1748746715.31,-3.75,0.25,196.46,0.87,Fwd,6.02
1748746715.31,-3.75,0.25,196.46,0.87,Fwd,6.02
1748746715.31,-3.75,0.25,196.46,0.87,Fwd,6.02
1748746715.31,-3.75,0.25,196.46,0.87,Fwd,6.02
1748746715.34,-3.75,0.25,196.46,0.87,Fwd,6.02
1748746715.38,-3.98,0.25,196.46,0.87,Fwd,6.02
1748746715.41,-3.98,-0.80,196.46,0.87,Fwd,6.02
1748746715.45,-3.98,-0.80,194.15,0.87,Fwd,6.02
1748746715.48,-3.98,-0.80,194.15,0.99,Fwd,6.02
1748746715.52,-3.98,-0.80,194.15,0.99,Fwd,6.02
1748746715.55,-3.98,-0.80,194.15,0.99,Fwd,6.02
1748746715.55,-3.98,-0.80,194.15,0.99,Fwd,6.02
1748746715.55,-3.98,-0.80,194.15,0.99,Fwd,6.02
1748746715.55,-4.67,-0.80,194.15,0.99,Fwd,6.02
1748746715.56,-4.67,-2.35,194.15,0.99,Fwd,6.02
1748746715.56,-4.67,-2.35,191.76,0.99,Fwd,6.02
1748746715.56,-4.67,-2.35,191.76,0.94,Fwd,6.02
1748746715.56,-4.67,-2.35,191.76,0.94,Fwd,6.02
1748746715.56,-4.67,-2.35,191.76,0.94,Fwd,6.02
1748746715.56,-4.67,-2.35,191.76,0.94,Fwd,6.02
1748746715.56,-4.67,-2.35,191.76,0.94,Fwd,4.88
1748746715.56,-5.70,-2.35,191.76,0.94,Fwd,4.88
1748746715.56,-5.70,-3.77,191.76,0.94,Fwd,4.88
1748746715.56,-5.70,-3.77,188.89,0.94,Fwd,4.88
1748746715.62,-5.70,-3.77,188.89,0.94,Fwd,4.88
1748746715.62,-7.21,-3.77,188.89,0.94,Fwd,4.88
1748746715.62,-7.21,-5.07,188.89,0.94,Fwd,4.88
1748746715.62,-7.21,-5.07,185.48,0.94,Fwd,4.88
1748746715.63,-7.21,-5.07,185.48,1.07,Fwd,4.88
1748746715.63,-7.21,-5.07,185.48,1.07,Fwd,4.88
1748746715.63,-7.21,-5.07,185.48,1.07,Fwd,4.88
1748746715.63,-7.21,-5.07,185.48,1.07,Fwd,4.88
1748746715.73,-7.21,-5.07,185.48,1.07,Fwd,4.88
1748746715.74,-8.90,-5.07,185.48,1.07,Fwd,4.88
1748746715.74,-8.90,-5.75,185.48,1.07,Fwd,4.88
1748746715.77,-8.90,-5.75,181.47,1.07,Fwd,4.88
1748746715.77,-8.90,-5.75,181.47,0.55,Fwd,4.88
1748746715.77,-8.90,-5.75,181.47,0.55,Fwd,4.88
1748746715.77,-8.90,-5.75,181.47,0.55,Fwd,4.88
1748746715.78,-8.90,-5.75,181.47,0.55,Fwd,4.88
1748746715.83,-8.90,-5.75,181.47,0.55,Fwd,4.88
1748746715.87,-8.60,-5.75,181.47,0.55,Fwd,4.88
1748746715.90,-8.60,-5.63,181.47,0.55,Fwd,4.88
1748746715.90,-8.60,-5.63,176.33,0.55,Fwd,4.88
1748746715.90,-8.60,-5.63,176.33,0.96,Fwd,4.88
1748746715.90,-8.60,-5.63,176.33,0.96,Fwd,4.88
1748746715.90,-8.60,-5.63,176.33,0.96,Fwd,4.88
1748746715.91,-8.60,-5.63,176.33,0.96,Fwd,4.88
1748746715.94,-8.60,-5.63,176.33,0.96,Fwd,4.88
1748746715.94,-7.23,-5.63,176.33,0.96,Fwd,4.88
1748746715.94,-7.23,-5.54,176.33,0.96,Fwd,4.88
1748746715.94,-7.23,-5.54,171.03,0.96,Fwd,4.88
1748746715.94,-7.23,-5.54,171.03,0.89,Fwd,4.88
1748746715.94,-7.23,-5.54,171.03,0.89,Fwd,4.88
1748746715.94,-7.23,-5.54,171.03,0.89,Fwd,4.88
1748746715.94,-7.23,-5.54,171.03,0.89,Fwd,4.88
1748746716.04,-7.23,-5.54,171.03,0.89,Fwd,4.88
1748746716.04,-7.31,-5.54,171.03,0.89,Fwd,4.88
1748746716.04,-7.31,-5.03,171.03,0.89,Fwd,4.88
1748746716.05,-7.31,-5.03,165.87,0.89,Fwd,4.88
1748746716.05,-7.31,-5.03,165.87,1.09,Fwd,4.88
1748746716.05,-7.31,-5.03,165.87,1.09,Fwd,4.88
1748746716.05,-7.31,-5.03,165.87,1.09,Fwd,4.88
1748746716.05,-7.31,-5.03,165.87,1.09,Fwd,4.88
1748746716.15,-7.31,-5.03,165.87,1.09,Fwd,7.25
1748746716.15,-7.32,-5.03,165.87,1.09,Fwd,7.25
1748746716.15,-7.32,-3.95,165.87,1.09,Fwd,7.25
1748746716.15,-7.32,-3.95,160.95,1.09,Fwd,7.25
1748746716.15,-7.32,-3.95,160.95,1.09,Fwd,7.25
1748746716.15,-7.32,-3.95,160.95,1.09,Fwd,7.25
1748746716.15,-7.32,-3.95,160.95,1.09,Fwd,7.25
1748746716.15,-7.32,-3.95,160.95,1.09,Fwd,7.25
1748746716.25,-7.32,-3.95,160.95,1.09,Fwd,7.25
1748746716.29,-7.14,-3.95,160.95,1.09,Fwd,7.25
1748746716.29,-7.14,-3.04,160.95,1.09,Fwd,7.25
1748746716.29,-7.14,-3.04,156.61,1.09,Fwd,7.25
1748746716.30,-7.14,-3.04,156.61,0.88,Fwd,7.25
1748746716.30,-7.14,-3.04,156.61,0.88,Fwd,7.25
1748746716.30,-7.14,-3.04,156.61,0.88,Fwd,7.25
1748746716.30,-7.14,-3.04,156.61,0.88,Fwd,7.25
1748746716.32,-7.14,-3.04,156.61,0.88,Fwd,7.25
1748746716.32,-7.01,-3.04,156.61,0.88,Fwd,7.25
1748746716.32,-7.01,-2.46,156.61,0.88,Fwd,7.25
1748746716.33,-7.01,-2.46,152.33,0.88,Fwd,7.25
1748746716.33,-7.01,-2.46,152.33,1.02,Fwd,7.25
1748746716.33,-7.01,-2.46,152.33,1.02,Fwd,7.25
1748746716.33,-7.01,-2.46,152.33,1.02,Fwd,7.25
1748746716.34,-7.01,-2.46,152.33,1.02,Fwd,7.25
1748746716.43,-7.01,-2.46,152.33,1.02,Fwd,7.25
1748746716.47,-6.82,-2.46,152.33,1.02,Fwd,7.25
1748746716.47,-6.82,-1.94,152.33,1.02,Fwd,7.25
1748746716.47,-6.82,-1.94,148.14,1.02,Fwd,7.25
1748746716.47,-6.82,-1.94,148.14,1.15,Fwd,7.25
1748746716.47,-6.82,-1.94,148.14,1.15,Fwd,7.25
1748746716.48,-6.82,-1.94,148.14,1.15,Fwd,7.25
1748746716.48,-6.82,-1.94,148.14,1.15,Fwd,7.25
1748746716.54,-6.82,-1.94,148.14,1.15,Fwd,7.25
1748746716.54,-5.88,-1.94,148.14,1.15,Fwd,7.25
1748746716.54,-5.88,-1.52,148.14,1.15,Fwd,7.25
1748746716.54,-5.88,-1.52,144.54,1.15,Fwd,7.25
1748746716.54,-5.88,-1.52,144.54,0.86,Fwd,7.25
1748746716.55,-5.88,-1.52,144.54,0.86,Fwd,7.25
1748746716.55,-5.88,-1.52,144.54,0.86,Fwd,7.25
1748746716.55,-5.88,-1.52,144.54,0.86,Fwd,7.25
1748746716.64,-5.88,-1.52,144.54,0.86,Fwd,7.11
1748746716.64,-5.83,-1.52,144.54,0.86,Fwd,7.11
1748746716.65,-5.83,-1.72,144.54,0.86,Fwd,7.11
1748746716.65,-5.83,-1.72,141.83,0.86,Fwd,7.11
1748746716.65,-5.83,-1.72,141.83,0.85,Fwd,7.11
1748746716.65,-5.83,-1.72,141.83,0.85,Fwd,7.11
1748746716.66,-5.83,-1.72,141.83,0.85,Fwd,7.11
1748746716.66,-5.83,-1.72,141.83,0.85,Fwd,7.11
1748746716.75,-5.83,-1.72,141.83,0.85,Fwd,7.11
1748746716.75,-4.90,-1.72,141.83,0.85,Fwd,7.11
1748746716.75,-4.90,-2.41,141.83,0.85,Fwd,7.11
1748746716.78,-4.90,-2.41,139.69,0.85,Fwd,7.11
1748746716.78,-4.90,-2.41,139.69,0.76,Fwd,7.11
1748746716.78,-4.90,-2.41,139.69,0.76,Fwd,7.11
1748746716.79,-4.90,-2.41,139.69,0.76,Fwd,7.11
1748746716.81,-4.90,-2.41,139.69,0.76,Fwd,7.11
1748746716.89,-4.90,-2.41,139.69,0.76,Fwd,7.11
1748746716.89,-4.18,-2.41,139.69,0.76,Fwd,7.11
1748746716.89,-4.18,-3.06,139.69,0.76,Fwd,7.11
1748746716.90,-4.18,-3.06,138.13,0.76,Fwd,7.11
1748746716.90,-4.18,-3.06,138.13,0.67,Fwd,7.11
1748746716.90,-4.18,-3.06,138.13,0.67,Fwd,7.11
1748746716.90,-4.18,-3.06,138.13,0.67,Fwd,7.11
1748746716.90,-4.18,-3.06,138.13,0.67,Fwd,7.11
1748746716.95,-4.18,-3.06,138.13,0.67,Fwd,7.11
1748746716.95,-4.62,-3.06,138.13,0.67,Fwd,7.11
1748746716.96,-4.62,-3.40,138.13,0.67,Fwd,7.11
1748746716.96,-4.62,-3.40,136.72,0.67,Fwd,7.11
1748746716.96,-4.62,-3.40,136.72,1.04,Fwd,7.11
1748746716.96,-4.62,-3.40,136.72,1.04,Fwd,7.11
1748746716.96,-4.62,-3.40,136.72,1.04,Fwd,7.11
1748746716.96,-4.62,-3.40,136.72,1.04,Fwd,7.11
1748746717.03,-4.62,-3.40,136.72,1.04,Fwd,7.11
1748746717.03,-4.22,-3.40,136.72,1.04,Fwd,7.11
1748746717.03,-4.22,-2.90,136.72,1.04,Fwd,7.11
1748746717.03,-4.22,-2.90,134.80,1.04,Fwd,7.11
1748746717.04,-4.22,-2.90,134.80,0.89,Fwd,7.11
1748746717.04,-4.22,-2.90,134.80,0.89,Fwd,7.11
1748746717.04,-4.22,-2.90,134.80,0.89,Fwd,7.11
1748746717.04,-4.22,-2.90,134.80,0.89,Fwd,7.11
1748746717.13,-4.22,-2.90,134.80,0.89,Fwd,7.11
1748746717.14,-3.64,-2.90,134.80,0.89,Fwd,7.11
1748746717.14,-3.64,-2.65,134.80,0.89,Fwd,7.11
1748746717.14,-3.64,-2.65,132.60,0.89,Fwd,7.11
1748746717.14,-3.64,-2.65,132.60,0.83,Fwd,7.11
1748746717.15,-3.64,-2.65,132.60,0.83,Fwd,7.11
1748746717.15,-3.64,-2.65,132.60,0.83,Fwd,7.11
1748746717.15,-3.64,-2.65,132.60,0.83,Fwd,7.11
1748746717.24,-3.64,-2.65,132.60,0.83,Fwd,5.98
1748746717.24,-3.54,-2.65,132.60,0.83,Fwd,5.98
1748746717.24,-3.54,-2.12,132.60,0.83,Fwd,5.98
1748746717.25,-3.54,-2.12,130.21,0.83,Fwd,5.98
1748746717.25,-3.54,-2.12,130.21,0.82,Fwd,5.98
1748746717.25,-3.54,-2.12,130.21,0.82,Fwd,5.98
1748746717.25,-3.54,-2.12,130.21,0.82,Fwd,5.98
1748746717.25,-3.54,-2.12,130.21,0.82,Fwd,5.98
1748746717.34,-3.54,-2.12,130.21,0.82,Fwd,5.98
1748746717.38,-3.01,-2.12,130.21,0.82,Fwd,5.98
1748746717.38,-3.01,-1.89,130.21,0.82,Fwd,5.98
1748746717.38,-3.01,-1.89,128.14,0.82,Fwd,5.98
1748746717.38,-3.01,-1.89,128.14,1.04,Fwd,5.98
1748746717.38,-3.01,-1.89,128.14,1.04,Fwd,5.98
1748746717.39,-3.01,-1.89,128.14,1.04,Fwd,5.98
1748746717.39,-3.01,-1.89,128.14,1.04,Fwd,5.98
1748746717.44,-3.01,-1.89,128.14,1.04,Fwd,5.98
1748746717.45,-4.24,-1.89,128.14,1.04,Fwd,5.98
1748746717.45,-4.24,-0.89,128.14,1.04,Fwd,5.98
1748746717.45,-4.24,-0.89,126.06,1.04,Fwd,5.98
1748746717.45,-4.24,-0.89,126.06,0.96,Fwd,5.98
1748746717.46,-4.24,-0.89,126.06,0.96,Fwd,5.98
1748746717.46,-4.24,-0.89,126.06,0.96,Fwd,5.98
1748746717.46,-4.24,-0.89,126.06,0.96,Fwd,5.98
1748746717.55,-4.24,-0.89,126.06,0.96,Fwd,5.98
1748746717.59,-6.86,-0.89,126.06,0.96,Fwd,5.98
1748746717.59,-6.86,0.00,126.06,0.96,Fwd,5.98
1748746717.60,-6.86,0.00,123.61,0.96,Fwd,5.98
1748746717.60,-6.86,0.00,123.61,1.02,Fwd,5.98
1748746717.60,-6.86,0.00,123.61,1.02,Fwd,5.98
1748746717.60,-6.86,0.00,123.61,1.02,Fwd,5.98
1748746717.60,-6.86,0.00,123.61,1.02,Fwd,5.98