1748746778.66,0.70,1.01,28.41,0.97,Fwd,3.59
1748746778.66,0.40,1.01,28.41,0.97,Fwd,3.59
1748746778.69,0.40,0.78,28.41,0.97,Fwd,3.59
1748746778.70,0.40,0.78,29.10,0.97,Fwd,3.59
1748746778.70,0.40,0.78,29.10,0.97,Fwd,3.59
1748746778.70,0.40,0.78,29.10,0.97,Fwd,3.59
1748746778.70,0.40,0.78,29.10,0.97,Fwd,3.59
1748746778.70,0.40,0.78,29.10,0.97,Fwd,3.59
1748746778.77,0.40,0.78,29.10,0.97,Fwd,3.59
1748746778.80,-0.05,0.78,29.10,0.97,Fwd,3.59
1748746778.84,-0.05,0.77,29.10,0.97,Fwd,3.59
1748746778.84,-0.05,0.77,30.58,0.97,Fwd,3.59
1748746778.84,-0.05,0.77,30.58,0.98,Fwd,3.59
1748746778.85,-0.05,0.77,30.58,0.98,Fwd,3.59
1748746778.85,-0.05,0.77,30.58,0.98,Fwd,3.59
1748746778.85,-0.05,0.77,30.58,0.98,Fwd,3.59
1748746778.85,-0.05,0.77,30.58,0.98,Fwd,3.59
1748746778.85,-0.09,0.77,30.58,0.98,Fwd,3.59
1748746778.85,-0.09,0.20,30.58,0.98,Fwd,3.59
1748746778.94,-0.09,0.20,30.58,0.98,Fwd,3.59
1748746778.97,0.06,0.20,30.58,0.98,Fwd,3.59
1748746779.01,0.06,-1.01,30.58,0.98,Fwd,3.59
1748746779.05,0.06,-1.01,31.88,0.98,Fwd,3.59
1748746779.05,0.06,-1.01,31.88,0.97,Fwd,3.59
1748746779.05,0.06,-1.01,31.88,0.97,Fwd,3.59
1748746779.05,0.06,-1.01,31.88,0.97,Fwd,3.59
1748746779.06,0.06,-1.01,31.88,0.97,Fwd,3.59
1748746779.06,0.06,-1.01,31.88,0.97,Fwd,3.59
1748746779.06,0.17,-1.01,31.88,0.97,Fwd,3.59
1748746779.06,0.17,-1.63,31.88,0.97,Fwd,3.59
1748746779.06,0.17,-1.63,33.05,0.97,Fwd,3.59
1748746779.06,0.17,-1.63,33.05,0.98,Fwd,3.59
1748746779.08,0.17,-1.63,33.05,0.98,Fwd,3.59
1748746779.08,0.17,-1.63,33.05,0.98,Fwd,3.59
1748746779.08,0.17,-1.63,33.05,0.98,Fwd,3.59
1748746779.15,0.17,-1.63,33.05,0.98,Fwd,3.59
1748746779.15,0.02,-1.63,33.05,0.98,Fwd,3.59
1748746779.16,0.02,-1.57,33.05,0.98,Fwd,3.59
1748746779.16,0.02,-1.57,33.85,0.98,Fwd,3.59
1748746779.16,0.02,-1.57,33.85,0.98,Fwd,3.59
1748746779.17,0.02,-1.57,33.85,0.98,Fwd,3.59
1748746779.17,0.02,-1.57,33.85,0.98,Fwd,3.59
1748746779.17,0.02,-1.57,33.85,0.98,Fwd,3.59
1748746779.26,0.02,-1.57,33.85,0.98,Fwd,3.59
1748746779.26,-0.29,-1.57,33.85,0.98,Fwd,3.59
1748746779.26,-0.29,-1.32,33.85,0.98,Fwd,3.59
1748746779.26,-0.29,-1.32,34.42,0.98,Fwd,3.59
1748746779.26,-0.29,-1.32,34.42,0.99,Fwd,3.59
1748746779.27,-0.29,-1.32,34.42,0.99,Fwd,3.59
1748746779.27,-0.29,-1.32,34.42,0.99,Fwd,3.59
1748746779.27,-0.29,-1.32,34.42,0.99,Fwd,3.59
1748746779.32,-0.29,-1.32,34.42,0.99,Fwd,3.59
1748746779.33,-0.60,-1.32,34.42,0.99,Fwd,3.59
1748746779.33,-0.60,-1.02,34.42,0.99,Fwd,3.59
1748746779.36,-0.60,-1.02,34.96,0.99,Fwd,3.59
1748746779.40,-0.60,-1.02,34.96,0.97,Fwd,3.59
1748746779.40,-0.60,-1.02,34.96,0.97,Fwd,3.59
1748746779.40,-0.60,-1.02,34.96,0.97,Fwd,3.59
1748746779.41,-0.60,-1.02,34.96,0.97,Fwd,3.59
1748746779.43,-0.60,-1.02,34.96,0.97,Fwd,3.59
1748746779.43,-1.46,-1.02,34.96,0.97,Fwd,3.59
1748746779.43,-1.46,-1.23,34.96,0.97,Fwd,3.59
1748746779.43,-1.46,-1.23,35.80,0.97,Fwd,3.59
1748746779.44,-1.46,-1.23,35.80,0.94,Fwd,3.59
1748746779.44,-1.46,-1.23,35.80,0.94,Fwd,3.59
1748746779.44,-1.46,-1.23,35.80,0.94,Fwd,3.59
1748746779.44,-1.46,-1.23,35.80,0.94,Fwd,3.59
1748746779.53,-1.46,-1.23,35.80,0.94,Fwd,3.59
1748746779.57,-2.49,-1.23,35.80,0.94,Fwd,3.59
1748746779.61,-2.49,-2.27,35.80,0.94,Fwd,3.59
1748746779.61,-2.49,-2.27,37.15,0.94,Fwd,3.59
1748746779.61,-2.49,-2.27,37.15,1.00,Fwd,3.59
1748746779.62,-2.49,-2.27,37.15,1.00,Fwd,3.59
1748746779.62,-2.49,-2.27,37.15,1.00,Fwd,3.59
1748746779.62,-2.49,-2.27,37.15,1.00,Fwd,3.59
1748746779.64,-2.49,-2.27,37.15,1.00,Fwd,3.59
1748746779.64,-3.73,-2.27,37.15,1.00,Fwd,3.59
1748746779.65,-3.73,-2.58,37.15,1.00,Fwd,3.59
1748746779.65,-3.73,-2.58,39.44,1.00,Fwd,3.59
1748746779.65,-3.73,-2.58,39.44,1.03,Fwd,3.59
1748746779.65,-3.73,-2.58,39.44,1.03,Fwd,3.59
1748746779.65,-3.73,-2.58,39.44,1.03,Fwd,3.59
1748746779.65,-3.73,-2.58,39.44,1.03,Fwd,3.59
1748746779.75,-3.73,-2.58,39.44,1.03,Fwd,3.59
1748746779.75,-2.18,-2.58,39.44,1.03,Fwd,3.59
1748746779.75,-2.18,-1.22,39.44,1.03,Fwd,3.59
1748746779.76,-2.18,-1.22,41.24,1.03,Fwd,3.59
1748746779.76,-2.18,-1.22,41.24,0.95,Fwd,3.59
1748746779.76,-2.18,-1.22,41.24,0.95,Fwd,3.59
1748746779.76,-2.18,-1.22,41.24,0.95,Fwd,3.59
1748746779.76,-2.18,-1.22,41.24,0.95,Fwd,3.59
1748746779.85,-2.18,-1.22,41.24,0.95,Fwd,3.59
1748746779.85,-1.33,-1.22,41.24,0.95,Fwd,3.59
1748746779.86,-1.33,-1.43,41.24,0.95,Fwd,3.59
1748746779.86,-1.33,-1.43,42.65,0.95,Fwd,3.59
1748746779.86,-1.33,-1.43,42.65,1.00,Fwd,3.59
1748746779.87,-1.33,-1.43,42.65,1.00,Fwd,3.59
1748746779.87,-1.33,-1.43,42.65,1.00,Fwd,3.59
1748746779.87,-1.33,-1.43,42.65,1.00,Fwd,3.59
1748746779.95,-1.33,-1.43,42.65,1.00,Fwd,3.59
1748746779.95,-1.07,-1.43,42.65,1.00,Fwd,3.59
1748746779.96,-1.07,-1.74,42.65,1.00,Fwd,3.59
1748746779.96,-1.07,-1.74,43.68,1.00,Fwd,3.59
1748746779.96,-1.07,-1.74,43.68,0.96,Fwd,3.59
1748746779.96,-1.07,-1.74,43.68,0.96,Fwd,3.59
1748746779.96,-1.07,-1.74,43.68,0.96,Fwd,3.59
1748746779.96,-1.07,-1.74,43.68,0.96,Fwd,3.59
1748746780.02,-1.07,-1.74,43.68,0.96,Fwd,3.59
1748746780.02,-1.67,-1.74,43.68,0.96,Fwd,3.59
1748746780.02,-1.67,-1.13,43.68,0.96,Fwd,3.59
1748746780.02,-1.67,-1.13,44.72,0.96,Fwd,3.59
1748746780.03,-1.67,-1.13,44.72,0.98,Fwd,3.59
1748746780.03,-1.67,-1.13,44.72,0.98,Fwd,3.59
1748746780.03,-1.67,-1.13,44.72,0.98,Fwd,3.59
1748746780.03,-1.67,-1.13,44.72,0.98,Fwd,3.59
1748746780.13,-1.67,-1.13,44.72,0.98,Fwd,3.59
1748746780.13,-1.85,-1.13,44.72,0.98,Fwd,3.59
1748746780.13,-1.85,-1.39,44.72,0.98,Fwd,3.59
1748746780.13,-1.85,-1.39,46.04,0.98,Fwd,3.59
1748746780.13,-1.85,-1.39,46.04,0.98,Fwd,3.59
1748746780.13,-1.85,-1.39,46.04,0.98,Fwd,3.59
1748746780.16,-1.85,-1.39,46.04,0.98,Fwd,3.59
1748746780.19,-1.85,-1.39,46.04,0.98,Fwd,3.59
1748746780.27,-1.85,-1.39,46.04,0.98,Fwd,0.00
1748746780.27,-1.50,-1.39,46.04,0.98,Fwd,0.00
1748746780.27,-1.50,-1.69,46.04,0.98,Fwd,0.00
1748746780.27,-1.50,-1.69,47.29,0.98,Fwd,0.00
1748746780.27,-1.50,-1.69,47.29,1.01,Fwd,0.00
1748746780.27,-1.50,-1.69,47.29,1.01,Fwd,0.00
1748746780.27,-1.50,-1.69,47.29,1.01,Fwd,0.00
1748746780.27,-1.50,-1.69,47.29,1.01,Fwd,0.00
1748746780.34,-1.50,-1.69,47.29,1.01,Fwd,0.00
1748746780.37,-1.37,-1.69,47.29,1.01,Fwd,0.00
1748746780.37,-1.37,-1.38,47.29,1.01,Fwd,0.00
1748746780.37,-1.37,-1.38,48.34,1.01,Fwd,0.00
1748746780.37,-1.37,-1.38,48.34,1.00,Fwd,0.00
1748746780.37,-1.37,-1.38,48.34,1.00,Fwd,0.00
1748746780.37,-1.37,-1.38,48.34,1.00,Fwd,0.00
1748746780.37,-1.37,-1.38,48.34,1.00,Fwd,0.00
1748746780.44,-1.37,-1.38,48.34,1.00,Fwd,15.31
1748746780.44,-1.55,-1.38,48.34,1.00,Fwd,15.31
1748746780.45,-1.55,-1.25,48.34,1.00,Fwd,15.31
1748746780.45,-1.55,-1.25,49.38,1.00,Fwd,15.31
1748746780.45,-1.55,-1.25,49.38,0.98,Fwd,15.31
1748746780.45,-1.55,-1.25,49.38,0.98,Fwd,15.31
1748746780.45,-1.55,-1.25,49.38,0.98,Fwd,15.31
1748746780.45,-1.55,-1.25,49.38,0.98,Fwd,15.31
1748746780.55,-1.55,-1.25,49.38,0.98,Fwd,15.31
1748746780.58,-1.04,-1.25,49.38,0.98,Fwd,15.31
1748746780.58,-1.04,-1.17,49.38,0.98,Fwd,15.31
1748746780.59,-1.04,-1.17,50.46,0.98,Fwd,15.31
1748746780.59,-1.04,-1.17,50.46,0.98,Fwd,15.31
1748746780.59,-1.04,-1.17,50.46,0.98,Fwd,15.31
1748746780.59,-1.04,-1.17,50.46,0.98,Fwd,15.31
1748746780.59,-1.04,-1.17,50.46,0.98,Fwd,15.31
1748746780.65,-1.04,-1.17,50.46,0.98,Fwd,15.31
1748746780.65,-0.56,-1.17,50.46,0.98,Fwd,15.31
1748746780.65,-0.56,-0.91,50.46,0.98,Fwd,15.31
1748746780.65,-0.56,-0.91,51.02,0.98,Fwd,15.31
1748746780.65,-0.56,-0.91,51.02,0.99,Fwd,15.31
1748746780.65,-0.56,-0.91,51.02,0.99,Fwd,15.31
1748746780.65,-0.56,-0.91,51.02,0.99,Fwd,15.31
1748746780.65,-0.56,-0.91,51.02,0.99,Fwd,15.31
1748746780.72,-0.56,-0.91,51.02,0.99,Fwd,15.31
1748746780.72,-0.56,-0.91,51.02,0.99,Fwd,15.31
1748746780.72,-0.56,-1.36,51.02,0.99,Fwd,15.31
1748746780.72,-0.56,-1.36,51.54,0.99,Fwd,15.31
1748746780.72,-0.56,-1.36,51.54,1.01,Fwd,15.31
1748746780.73,-0.56,-1.36,51.54,1.01,Fwd,15.31
1748746780.73,-0.56,-1.36,51.54,1.01,Fwd,15.31
1748746780.73,-0.56,-1.36,51.54,1.01,Fwd,15.31
1748746780.83,-0.56,-1.36,51.54,1.01,Fwd,15.31
1748746780.83,-0.78,-1.36,51.54,1.01,Fwd,15.31
1748746780.83,-0.78,-1.75,51.54,1.01,Fwd,15.31
1748746780.83,-0.78,-1.75,52.07,1.01,Fwd,15.31
1748746780.83,-0.78,-1.75,52.07,0.98,Fwd,15.31
1748746780.83,-0.78,-1.75,52.07,0.98,Fwd,15.31
1748746780.83,-0.78,-1.75,52.07,0.98,Fwd,15.31
1748746780.83,-0.78,-1.75,52.07,0.98,Fwd,15.31
1748746780.93,-0.78,-1.75,52.07,0.98,Fwd,15.31
1748746780.93,-0.76,-1.75,52.07,0.98,Fwd,15.31
1748746780.93,-0.76,-2.41,52.07,0.98,Fwd,15.31
1748746780.94,-0.76,-2.41,52.49,0.98,Fwd,15.31
1748746780.94,-0.76,-2.41,52.49,0.87,Fwd,15.31
1748746780.94,-0.76,-2.41,52.49,0.87,Fwd,15.31
1748746780.94,-0.76,-2.41,52.49,0.87,Fwd,15.31
1748746780.94,-0.76,-2.41,52.49,0.87,Fwd,15.31
1748746781.04,-0.76,-2.41,52.49,0.87,Fwd,15.31
1748746781.04,-1.13,-2.41,52.49,0.87,Fwd,15.31
1748746781.04,-1.13,-3.36,52.49,0.87,Fwd,15.31
1748746781.04,-1.13,-3.36,53.03,0.87,Fwd,15.31
1748746781.04,-1.13,-3.36,53.03,0.94,Fwd,15.31
1748746781.04,-1.13,-3.36,53.03,0.94,Fwd,15.31
1748746781.04,-1.13,-3.36,53.03,0.94,Fwd,15.31
1748746781.04,-1.13,-3.36,53.03,0.94,Fwd,15.31
1748746781.15,-1.13,-3.36,53.03,0.94,Fwd,15.31
1748746781.18,-1.41,-3.36,53.03,0.94,Fwd,15.31
1748746781.21,-1.41,-2.76,53.03,0.94,Fwd,15.31
1748746781.29,-1.41,-2.76,53.28,0.94,Fwd,15.31
1748746781.29,-1.41,-2.76,53.28,1.00,Fwd,15.31
1748746781.30,-1.41,-2.76,53.28,1.00,Fwd,15.31
1748746781.30,-1.41,-2.76,53.28,1.00,Fwd,15.31
1748746781.30,-1.41,-2.76,53.28,1.00,Fwd,15.31
1748746781.30,-1.41,-2.76,53.28,1.00,Fwd,15.31
1748746781.30,-1.52,-2.76,53.28,1.00,Fwd,15.31
1748746781.30,-1.52,-2.00,53.28,1.00,Fwd,15.31
1748746781.30,-1.52,-2.00,52.89,1.00,Fwd,15.31
1748746781.32,-1.52,-2.00,52.89,1.00,Fwd,15.31
1748746781.32,-1.52,-2.00,52.89,1.00,Fwd,15.31
1748746781.32,-1.52,-2.00,52.89,1.00,Fwd,15.31
1748746781.32,-1.52,-2.00,52.89,1.00,Fwd,15.31
1748746781.35,-0.55,-2.00,52.89,1.00,Fwd,15.31
1748746781.39,-0.55,-2.01,52.89,1.00,Fwd,15.31
1748746781.42,-0.55,-2.01,52.23,1.00,Fwd,15.31
1748746781.50,-0.55,-2.01,52.23,1.45,Fwd,15.31
1748746781.50,-0.55,-2.01,52.23,1.45,Fwd,15.31
1748746781.50,-0.55,-2.01,52.23,1.45,Fwd,15.31
1748746781.57,-0.55,-2.01,52.23,1.45,Fwd,15.31
1748746781.57,-0.55,-2.01,52.23,1.45,Fwd,4.03
1748746781.57,-11.87,-2.01,52.23,1.45,Fwd,4.03
1748746781.57,-11.87,-4.43,52.23,1.45,Fwd,4.03
1748746781.58,-11.87,-4.43,51.44,1.45,Fwd,4.03
1748746781.58,-11.87,-4.43,51.44,0.38,Fwd,4.03
1748746781.58,-11.87,-4.43,51.44,0.38,Fwd,4.03
1748746781.59,-11.87,-4.43,51.44,0.38,Fwd,4.03
1748746781.59,-11.87,-4.43,51.44,0.38,Fwd,4.03
1748746781.59,-11.87,-4.43,51.44,0.38,Fwd,4.03
1748746781.59,-11.87,-4.43,51.44,0.38,Fwd,4.03
1748746781.60,-24.82,-4.43,51.44,0.38,Fwd,4.03
1748746781.60,-24.82,9.14,51.44,0.38,Fwd,4.03
1748746781.60,-24.82,9.14,31.42,0.38,Fwd,4.03
1748746781.60,-24.82,9.14,31.42,2.13,Fwd,4.03
1748746781.60,-24.82,9.14,31.42,2.13,Fwd,4.03
1748746781.60,-24.82,9.14,31.42,2.13,Fwd,4.03
1748746781.60,-24.82,9.14,31.42,2.13,Fwd,4.03
1748746781.67,-24.82,9.14,31.42,2.13,Fwd,4.03
1748746781.67,-34.28,9.14,31.42,2.13,Fwd,4.03
1748746781.68,-34.28,10.01,31.42,2.13,Fwd,4.03
1748746781.68,-34.28,10.01,355.22,2.13,Fwd,4.03
1748746781.68,-34.28,10.01,355.22,0.57,Fwd,4.03
1748746781.68,-34.28,10.01,355.22,0.57,Fwd,4.03
1748746781.69,-34.28,10.01,355.22,0.57,Fwd,4.03
1748746781.69,-34.28,10.01,355.22,0.57,Fwd,4.03
1748746781.69,-34.28,10.01,355.22,0.57,Fwd,4.03
1748746781.74,-34.28,10.01,355.22,0.57,Fwd,4.03
1748746781.74,-29.72,10.01,355.22,0.57,Fwd,4.03
1748746781.74,-29.72,9.26,355.22,0.57,Fwd,4.03
1748746781.74,-29.72,9.26,319.23,0.57,Fwd,4.03
1748746781.75,-29.72,9.26,319.23,-1.12,Fwd,4.03
1748746781.75,-29.72,9.26,319.23,-1.12,Fwd,4.03
1748746781.75,-29.72,9.26,319.23,-1.12,Fwd,4.03
1748746781.75,-29.72,9.26,319.23,-1.12,Fwd,4.03
1748746781.85,-29.72,9.26,319.23,-1.12,Fwd,4.03
1748746781.85,-32.82,9.26,319.23,-1.12,Fwd,4.03
1748746781.85,-32.82,9.82,319.23,-1.12,Fwd,4.03
1748746781.86,-32.82,9.82,287.32,-1.12,Fwd,4.03
1748746781.86,-32.82,9.82,287.32,-0.28,Fwd,4.03
1748746781.86,-32.82,9.82,287.32,-0.28,Fwd,4.03
1748746781.86,-32.82,9.82,287.32,-0.28,Fwd,4.03
1748746781.86,-32.82,9.82,287.32,-0.28,Fwd,4.03
1748746781.95,-32.82,9.82,287.32,-0.28,Fwd,4.03
1748746781.96,-31.41,9.82,287.32,-0.28,Fwd,4.03
1748746781.96,-31.41,8.80,287.32,-0.28,Fwd,4.03
1748746781.96,-31.41,8.80,262.43,-0.28,Fwd,4.03
1748746781.96,-31.41,8.80,262.43,-2.55,Fwd,4.03
1748746781.97,-31.41,8.80,262.43,-2.55,Fwd,4.03
1748746781.97,-31.41,8.80,262.43,-2.55,Fwd,4.03
1748746781.97,-31.41,8.80,262.43,-2.55,Fwd,4.03
1748746782.09,-31.41,8.80,262.43,-2.55,Fwd,4.03
1748746782.12,-16.21,8.80,262.43,-2.55,Fwd,4.03
1748746782.16,-16.21,5.61,262.43,-2.55,Fwd,4.03
1748746782.19,-16.21,5.61,246.47,-2.55,Fwd,4.03
1748746782.24,-16.21,5.61,246.47,0.61,Fwd,4.03
1748746782.24,-16.21,5.61,246.47,0.61,Fwd,4.03
1748746782.24,-16.21,5.61,246.47,0.61,Fwd,4.03
1748746782.24,-16.21,5.61,246.47,0.61,Fwd,4.03
1748746782.24,-16.21,5.61,246.47,0.61,Fwd,5.01
1748746782.25,-10.60,5.61,246.47,0.61,Fwd,5.01
1748746782.25,-10.60,4.57,246.47,0.61,Fwd,5.01
1748746782.25,-10.60,4.57,243.21,0.61,Fwd,5.01
1748746782.25,-10.60,4.57,243.21,2.00,Fwd,5.01
1748746782.26,-10.60,2.20,243.21,2.00,Fwd,5.01
1748746782.26,-10.60,2.20,246.37,2.00,Fwd,5.01
1748746782.26,-10.60,2.20,246.37,0.85,Fwd,5.01
1748746782.26,-10.60,2.20,246.37,0.85,Fwd,5.01
1748746782.27,-10.60,2.20,246.37,0.85,Fwd,5.01
1748746782.27,-10.60,2.20,246.37,0.85,Fwd,5.01
1748746782.41,-10.60,2.20,246.37,0.85,Fwd,5.01
1748746782.41,-9.68,2.20,246.37,0.85,Fwd,5.01
1748746782.41,-9.68,0.19,246.37,0.85,Fwd,5.01
1748746782.42,-9.68,0.19,250.35,0.85,Fwd,5.01
1748746782.42,-9.68,0.19,250.35,0.92,Fwd,5.01
1748746782.42,-9.68,0.19,250.35,0.92,Fwd,5.01
1748746782.42,-9.68,0.19,250.35,0.92,Fwd,5.01
1748746782.42,-9.68,0.19,250.35,0.92,Fwd,5.01
1748746782.43,-9.68,0.19,250.35,0.92,Fwd,5.01
1748746782.44,-8.23,0.19,250.35,0.92,Fwd,5.01
1748746782.44,-8.23,-0.27,250.35,0.92,Fwd,5.01
1748746782.44,-8.23,-0.27,255.98,0.92,Fwd,5.01
1748746782.44,-8.23,-0.27,255.98,0.95,Fwd,5.01
1748746782.44,-8.23,-0.27,255.98,0.95,Fwd,5.01
1748746782.45,-8.23,-0.27,255.98,0.95,Fwd,5.01
1748746782.45,-8.23,-0.27,255.98,0.95,Fwd,5.01
1748746782.55,-8.23,-0.27,255.98,0.95,Fwd,5.01
1748746782.55,-6.73,-0.27,255.98,0.95,Fwd,5.01
1748746782.55,-6.73,-0.37,255.98,0.95,Fwd,5.01
1748746782.58,-6.73,-0.37,262.27,0.95,Fwd,5.01
1748746782.58,-6.73,-0.37,262.27,0.93,Fwd,5.01
1748746782.58,-6.73,-0.37,262.27,0.93,Fwd,5.01
1748746782.58,-6.73,-0.37,262.27,0.93,Fwd,5.01
1748746782.58,-6.73,-0.37,262.27,0.93,Fwd,5.01
1748746782.65,-6.73,-0.37,262.27,0.93,Fwd,5.01
1748746782.65,-6.78,-0.37,262.27,0.93,Fwd,5.01
1748746782.65,-6.78,0.31,262.27,0.93,Fwd,5.01
1748746782.68,-6.78,0.31,268.98,0.93,Fwd,5.01
1748746782.72,-6.78,0.31,268.98,1.09,Fwd,5.01
1748746782.72,-6.78,0.31,268.98,1.09,Fwd,5.01
1748746782.72,-6.78,0.31,268.98,1.09,Fwd,5.01
1748746782.72,-6.78,0.31,268.98,1.09,Fwd,5.01
1748746782.73,-6.78,0.31,268.98,1.09,Fwd,5.01
1748746782.73,-7.13,0.31,268.98,1.09,Fwd,5.01
1748746782.79,-7.13,-1.46,268.98,1.09,Fwd,5.01
1748746782.79,-7.13,-1.46,276.41,1.09,Fwd,5.01
1748746782.79,-7.13,-1.46,276.41,1.14,Fwd,5.01
1748746782.80,-7.13,-1.46,276.41,1.14,Fwd,5.01
1748746782.80,-7.13,-1.46,276.41,1.14,Fwd,5.01
1748746782.80,-7.13,-1.46,276.41,1.14,Fwd,5.01
1748746782.82,-7.13,-1.46,276.41,1.14,Fwd,5.01
1748746782.82,-7.08,-1.46,276.41,1.14,Fwd,5.01
1748746782.83,-7.08,-3.55,276.41,1.14,Fwd,5.01
1748746782.83,-7.08,-3.55,282.40,1.14,Fwd,5.01
1748746782.83,-7.08,-3.55,282.40,0.93,Fwd,5.01
1748746782.83,-7.08,-3.55,282.40,0.93,Fwd,5.01
1748746782.83,-7.08,-3.55,282.40,0.93,Fwd,5.01
1748746782.83,-7.08,-3.55,282.40,0.93,Fwd,5.01
1748746782.93,-7.08,-3.55,282.40,0.93,Fwd,5.01
1748746782.97,-6.77,-3.55,282.40,0.93,Fwd,5.01
1748746782.97,-6.77,-3.98,282.40,0.93,Fwd,5.01
1748746782.97,-6.77,-3.98,286.31,0.93,Fwd,5.01
1748746782.97,-6.77,-3.98,286.31,0.92,Fwd,5.01
1748746782.97,-6.77,-3.98,286.31,0.92,Fwd,5.01
1748746782.98,-6.77,-3.98,286.31,0.92,Fwd,5.01
1748746782.98,-6.77,-3.98,286.31,0.92,Fwd,5.01
1748746783.04,-6.77,-3.98,286.31,0.92,Fwd,4.22
1748746783.04,-6.17,-3.98,286.31,0.92,Fwd,4.22
1748746783.04,-6.17,-4.31,286.31,0.92,Fwd,4.22
1748746783.05,-6.17,-4.31,288.52,0.92,Fwd,4.22
1748746783.05,-6.17,-4.31,288.52,0.97,Fwd,4.22
1748746783.05,-6.17,-4.31,288.52,0.97,Fwd,4.22
1748746783.05,-6.17,-4.31,288.52,0.97,Fwd,4.22
1748746783.06,-6.17,-4.31,288.52,0.97,Fwd,4.22
1748746783.14,-6.17,-4.31,288.52,0.97,Fwd,4.22
1748746783.14,-5.17,-4.31,288.52,0.97,Fwd,4.22
1748746783.15,-5.17,-4.28,288.52,0.97,Fwd,4.22
1748746783.15,-5.17,-4.28,289.35,0.97,Fwd,4.22
1748746783.15,-5.17,-4.28,289.35,1.05,Fwd,4.22
1748746783.15,-5.17,-4.28,289.35,1.05,Fwd,4.22
1748746783.16,-5.17,-4.28,289.35,1.05,Fwd,4.22
1748746783.16,-5.17,-4.28,289.35,1.05,Fwd,4.22
1748746783.25,-5.17,-4.28,289.35,1.05,Fwd,4.22
1748746783.25,-3.90,-4.28,289.35,1.05,Fwd,4.22
1748746783.25,-3.90,-3.82,289.35,1.05,Fwd,4.22
1748746783.25,-3.90,-3.82,289.19,1.05,Fwd,4.22
1748746783.26,-3.90,-3.82,289.19,1.03,Fwd,4.22
1748746783.26,-3.90,-3.82,289.19,1.03,Fwd,4.22
1748746783.26,-3.90,-3.82,289.19,1.03,Fwd,4.22
1748746783.26,-3.90,-3.82,289.19,1.03,Fwd,4.22
1748746783.35,-3.90,-3.82,289.19,1.03,Fwd,4.22
1748746783.35,-2.69,-3.82,289.19,1.03,Fwd,4.22
1748746783.36,-2.69,-3.16,289.19,1.03,Fwd,4.22
1748746783.38,-2.69,-3.16,288.10,1.03,Fwd,4.22
1748746783.42,-2.69,-3.16,288.10,1.10,Fwd,4.22
1748746783.46,-2.69,-3.16,288.10,1.10,Fwd,4.22
1748746783.46,-2.69,-3.16,288.10,1.10,Fwd,4.22
1748746783.46,-2.69,-3.16,288.10,1.10,Fwd,4.22
1748746783.46,-2.69,-3.16,288.10,1.10,Fwd,4.22
1748746783.46,-1.95,-3.16,288.10,1.10,Fwd,4.22
1748746783.46,-1.95,-2.89,288.10,1.10,Fwd,4.22
1748746783.47,-1.95,-2.89,286.50,1.10,Fwd,4.22
1748746783.47,-1.95,-2.89,286.50,0.96,Fwd,4.22
1748746783.47,-1.95,-2.89,286.50,0.96,Fwd,4.22
1748746783.53,-1.95,-2.89,286.50,0.96,Fwd,4.22
1748746783.53,-1.68,-2.89,286.50,0.96,Fwd,4.22
1748746783.53,-1.68,-2.78,286.50,0.96,Fwd,4.22
1748746783.53,-1.68,-2.78,284.82,0.96,Fwd,4.22
1748746783.54,-1.68,-2.78,284.82,0.97,Fwd,4.22
1748746783.54,-1.68,-2.78,284.82,0.97,Fwd,4.22
1748746783.54,-1.68,-2.78,284.82,0.97,Fwd,4.22
1748746783.54,-1.68,-2.78,284.82,0.97,Fwd,4.22
1748746783.63,-1.68,-2.78,284.82,0.97,Fwd,4.22
1748746783.63,-2.24,-2.78,284.82,0.97,Fwd,4.22
1748746783.63,-2.24,-3.09,284.82,0.97,Fwd,4.22
1748746783.64,-2.24,-3.09,283.67,0.97,Fwd,4.22
1748746783.64,-2.24,-3.09,283.67,0.98,Fwd,4.22
1748746783.64,-2.24,-3.09,283.67,0.98,Fwd,4.22
1748746783.64,-2.24,-3.09,283.67,0.98,Fwd,4.22
1748746783.64,-2.24,-3.09,283.67,0.98,Fwd,4.22
1748746783.73,-2.24,-3.09,283.67,0.98,Fwd,4.22
1748746783.74,-2.90,-3.09,283.67,0.98,Fwd,4.22
1748746783.74,-2.90,-3.58,283.67,0.98,Fwd,4.22
1748746783.74,-2.90,-3.58,282.72,0.98,Fwd,4.22
1748746783.74,-2.90,-3.58,282.72,1.10,Fwd,4.22
1748746783.74,-2.90,-3.58,282.72,1.10,Fwd,4.22
1748746783.74,-2.90,-3.58,282.72,1.10,Fwd,4.22
1748746783.74,-2.90,-3.58,282.72,1.10,Fwd,4.22
1748746783.84,-2.90,-3.58,282.72,1.10,Fwd,4.66
1748746783.84,-3.07,-3.58,282.72,1.10,Fwd,4.66
1748746783.85,-3.07,-3.75,282.72,1.10,Fwd,4.66
1748746783.85,-3.07,-3.75,281.45,1.10,Fwd,4.66
1748746783.85,-3.07,-3.75,281.45,0.82,Fwd,4.66
1748746783.85,-3.07,-3.75,281.45,0.82,Fwd,4.66
1748746783.86,-3.07,-3.75,281.45,0.82,Fwd,4.66
1748746783.86,-3.07,-3.75,281.45,0.82,Fwd,4.66
1748746783.95,-3.07,-3.75,281.45,0.82,Fwd,4.66
1748746783.95,-3.11,-3.75,281.45,0.82,Fwd,4.66
1748746783.95,-3.11,-3.03,281.45,0.82,Fwd,4.66
1748746783.98,-3.11,-3.03,279.39,0.82,Fwd,4.66
1748746784.05,-3.11,-3.03,279.39,0.99,Fwd,4.66
1748746784.09,-3.11,-3.03,279.39,0.99,Fwd,4.66
1748746784.09,-3.11,-3.03,279.39,0.99,Fwd,4.66
1748746784.12,-3.11,-3.03,279.39,0.99,Fwd,4.66
1748746784.12,-3.11,-3.03,279.39,0.99,Fwd,4.66
1748746784.13,-3.13,-3.03,279.39,0.99,Fwd,4.66
1748746784.13,-3.13,-2.01,279.39,0.99,Fwd,4.66
1748746784.13,-3.13,-2.01,276.60,0.99,Fwd,4.66
1748746784.13,-3.13,-2.01,276.60,1.11,Fwd,4.66
1748746784.15,-3.13,-2.01,276.60,1.11,Fwd,4.66
1748746784.19,-3.13,-2.01,276.60,1.11,Fwd,4.66
1748746784.19,-3.13,-2.01,276.60,1.11,Fwd,4.66
1748746784.20,-3.13,-2.01,276.60,1.11,Fwd,4.66
1748746784.20,-2.91,-2.01,276.60,1.11,Fwd,4.66
1748746784.20,-2.91,-1.13,276.60,1.11,Fwd,4.66
1748746784.20,-2.91,-1.13,273.23,1.11,Fwd,4.66
1748746784.20,-2.91,-1.13,273.23,1.00,Fwd,4.66
1748746784.21,-2.91,-1.13,273.23,1.00,Fwd,4.66
1748746784.21,-2.91,-1.13,273.23,1.00,Fwd,4.66
1748746784.21,-2.91,-1.13,273.23,1.00,Fwd,4.66
1748746784.22,-2.91,-1.13,273.23,1.00,Fwd,4.66
1748746784.22,-2.57,-1.13,273.23,1.00,Fwd,4.66
1748746784.22,-2.57,-0.75,273.23,1.00,Fwd,4.66
1748746784.23,-2.57,-0.75,269.51,1.00,Fwd,4.66
1748746784.23,-2.57,-0.75,269.51,0.99,Fwd,4.66
1748746784.23,-2.57,-0.75,269.51,0.99,Fwd,4.66
1748746784.23,-2.57,-0.75,269.51,0.99,Fwd,4.66
1748746784.23,-2.57,-0.75,269.51,0.99,Fwd,4.66
1748746784.33,-2.57,-0.75,269.51,0.99,Fwd,4.66
1748746784.34,-2.36,-0.75,269.51,0.99,Fwd,4.66
1748746784.34,-2.36,-0.05,269.51,0.99,Fwd,4.66
1748746784.34,-2.36,-0.05,265.52,0.99,Fwd,4.66
1748746784.34,-2.36,-0.05,265.52,1.03,Fwd,4.66
1748746784.34,-2.36,-0.05,265.52,1.03,Fwd,4.66
1748746784.36,-2.36,-0.05,265.52,1.03,Fwd,4.66
1748746784.36,-2.36,-0.05,265.52,1.03,Fwd,4.66
1748746784.44,-2.36,-0.05,265.52,1.03,Fwd,4.66
1748746784.44,-2.25,-0.05,265.52,1.03,Fwd,4.66
1748746784.44,-2.25,0.66,265.52,1.03,Fwd,4.66
1748746784.45,-2.25,0.66,261.83,1.03,Fwd,4.66
1748746784.45,-2.25,0.66,261.83,0.93,Fwd,4.66
1748746784.45,-2.25,0.66,261.83,0.93,Fwd,4.66
1748746784.47,-2.25,0.66,261.83,0.93,Fwd,4.66
1748746784.47,-2.25,0.66,261.83,0.93,Fwd,4.66
1748746784.54,-2.25,0.66,261.83,0.93,Fwd,5.12
1748746784.54,-2.39,0.66,261.83,0.93,Fwd,5.12
1748746784.55,-2.39,1.07,261.83,0.93,Fwd,5.12
1748746784.55,-2.39,1.07,258.71,0.93,Fwd,5.12
1748746784.55,-2.39,1.07,258.71,0.83,Fwd,5.12
1748746784.55,-2.39,1.07,258.71,0.83,Fwd,5.12
1748746784.55,-2.39,1.07,258.71,0.83,Fwd,5.12
1748746784.55,-2.39,1.07,258.71,0.83,Fwd,5.12
1748746784.65,-2.39,1.07,258.71,0.83,Fwd,5.12
1748746784.65,-2.76,1.07,258.71,0.83,Fwd,5.12
1748746784.65,-2.76,1.53,258.71,0.83,Fwd,5.12
1748746784.68,-2.76,1.53,256.29,0.83,Fwd,5.12
1748746784.68,-2.76,1.53,256.29,1.04,Fwd,5.12
1748746784.68,-2.76,1.53,256.29,1.04,Fwd,5.12
1748746784.69,-2.76,1.53,256.29,1.04,Fwd,5.12
1748746784.69,-2.76,1.53,256.29,1.04,Fwd,5.12
1748746784.75,-2.76,1.53,256.29,1.04,Fwd,5.12
1748746784.76,-2.84,1.53,256.29,1.04,Fwd,5.12
1748746784.76,-2.84,1.49,256.29,1.04,Fwd,5.12
1748746784.76,-2.84,1.49,254.93,1.04,Fwd,5.12
1748746784.77,-2.84,1.49,254.93,1.03,Fwd,5.12
1748746784.77,-2.84,1.49,254.93,1.03,Fwd,5.12
1748746784.77,-2.84,1.49,254.93,1.03,Fwd,5.12
1748746784.77,-2.84,1.49,254.93,1.03,Fwd,5.12
1748746784.85,-2.84,1.49,254.93,1.03,Fwd,5.12
1748746784.89,-2.47,1.49,254.93,1.03,Fwd,5.12
1748746784.92,-2.47,0.76,254.93,1.03,Fwd,5.12
1748746784.93,-2.47,0.76,254.52,1.03,Fwd,5.12
1748746784.93,-2.47,0.76,254.52,0.89,Fwd,5.12
1748746784.93,-2.47,0.76,254.52,0.89,Fwd,5.12
1748746784.93,-2.47,0.76,254.52,0.89,Fwd,5.12
1748746784.93,-2.47,0.76,254.52,0.89,Fwd,5.12
1748746784.93,-2.47,0.76,254.52,0.89,Fwd,5.12
1748746784.93,-1.79,0.76,254.52,0.89,Fwd,5.12
1748746784.94,-1.79,-0.07,254.52,0.89,Fwd,5.12
1748746784.95,-1.79,-0.07,254.52,1.02,Fwd,5.12
1748746784.96,-1.79,-0.07,254.52,1.02,Fwd,5.12
1748746784.96,-1.79,-0.07,254.52,1.02,Fwd,5.12
1748746784.96,-1.79,-0.07,254.52,1.02,Fwd,5.12
1748746785.03,-1.79,-0.07,254.52,1.02,Fwd,5.12
1748746785.04,-1.47,-0.07,254.52,1.02,Fwd,5.12
1748746785.04,-1.47,-0.58,254.52,1.02,Fwd,5.12
1748746785.04,-1.47,-0.58,254.93,1.02,Fwd,5.12
1748746785.04,-1.47,-0.58,254.93,0.83,Fwd,5.12
1748746785.04,-1.47,-0.58,254.93,0.83,Fwd,5.12
1748746785.04,-1.47,-0.58,254.93,0.83,Fwd,5.12
1748746785.05,-1.47,-0.58,254.93,0.83,Fwd,5.12
1748746785.13,-1.47,-0.58,254.93,0.83,Fwd,5.12
1748746785.17,-1.06,-0.58,254.93,0.83,Fwd,5.12
1748746785.18,-1.06,-0.55,254.93,0.83,Fwd,5.12
1748746785.18,-1.06,-0.55,255.25,0.83,Fwd,5.12
1748746785.18,-1.06,-0.55,255.25,0.93,Fwd,5.12
1748746785.18,-1.06,-0.55,255.25,0.93,Fwd,5.12
1748746785.19,-1.06,-0.55,255.25,0.93,Fwd,5.12
1748746785.19,-1.06,-0.55,255.25,0.93,Fwd,5.12
1748746785.24,-1.06,-0.55,255.25,0.93,Fwd,5.12
1748746785.24,-1.40,-0.55,255.25,0.93,Fwd,5.12
1748746785.25,-1.40,-0.77,255.25,0.93,Fwd,5.12
1748746785.25,-1.40,-0.77,255.43,0.93,Fwd,5.12
1748746785.25,-1.40,-0.77,255.43,1.09,Fwd,5.12
1748746785.25,-1.40,-0.77,255.43,1.09,Fwd,5.12
1748746785.25,-1.40,-0.77,255.43,1.09,Fwd,5.12
1748746785.25,-1.40,-0.77,255.43,1.09,Fwd,5.12
1748746785.35,-1.40,-0.77,255.43,1.09,Fwd,4.95
1748746785.35,-1.47,-0.77,255.43,1.09,Fwd,4.95
1748746785.35,-1.47,-1.06,255.43,1.09,Fwd,4.95
1748746785.38,-1.47,-1.06,255.38,1.09,Fwd,4.95
1748746785.41,-1.47,-1.06,255.38,0.84,Fwd,4.95
1748746785.45,-1.47,-1.06,255.38,0.84,Fwd,4.95
1748746785.45,-1.47,-1.06,255.38,0.84,Fwd,4.95
1748746785.46,-1.47,-1.06,255.38,0.84,Fwd,4.95
1748746785.46,-1.47,-1.06,255.38,0.84,Fwd,4.95
1748746785.46,-1.79,-1.06,255.38,0.84,Fwd,4.95
1748746785.46,-1.79,-1.49,255.38,0.84,Fwd,4.95
1748746785.47,-1.79,-1.49,255.35,0.84,Fwd,4.95
1748746785.47,-1.79,-1.49,255.35,0.95,Fwd,4.95
1748746785.47,-1.79,-1.49,255.35,0.95,Fwd,4.95
1748746785.47,-1.79,-1.49,255.35,0.95,Fwd,4.95
1748746785.56,-1.79,-1.49,255.35,0.95,Fwd,4.95
1748746785.56,-1.89,-1.49,255.35,0.95,Fwd,4.95
1748746785.56,-1.89,-1.08,255.35,0.95,Fwd,4.95
1748746785.57,-1.89,-1.08,255.56,0.95,Fwd,4.95
1748746785.57,-1.89,-1.08,255.56,1.09,Fwd,4.95
1748746785.57,-1.89,-1.08,255.56,1.09,Fwd,4.95
1748746785.57,-1.89,-1.08,255.56,1.09,Fwd,4.95
1748746785.57,-1.89,-1.08,255.56,1.09,Fwd,4.95
1748746785.62,-1.89,-1.08,255.56,1.09,Fwd,4.95
1748746785.66,-2.10,-1.08,255.56,1.09,Fwd,4.95
1748746785.66,-2.10,-0.94,255.56,1.09,Fwd,4.95
1748746785.66,-2.10,-0.94,255.89,1.09,Fwd,4.95
1748746785.66,-2.10,-0.94,255.89,0.96,Fwd,4.95
1748746785.66,-2.10,-0.94,255.89,0.96,Fwd,4.95
1748746785.66,-2.10,-0.94,255.89,0.96,Fwd,4.95
1748746785.66,-2.10,-0.94,255.89,0.96,Fwd,4.95
1748746785.73,-2.10,-0.94,255.89,0.96,Fwd,4.95
1748746785.73,-2.71,-0.94,255.89,0.96,Fwd,4.95
1748746785.73,-2.71,-1.00,255.89,0.96,Fwd,4.95
1748746785.73,-2.71,-1.00,256.42,0.96,Fwd,4.95
1748746785.73,-2.71,-1.00,256.42,0.96,Fwd,4.95
1748746785.73,-2.71,-1.00,256.42,0.96,Fwd,4.95
1748746785.73,-2.71,-1.00,256.42,0.96,Fwd,4.95
1748746785.73,-2.71,-1.00,256.42,0.96,Fwd,4.95
1748746785.84,-2.71,-1.00,256.42,0.96,Fwd,4.95
1748746785.84,-2.65,-1.00,256.42,0.96,Fwd,4.95
1748746785.84,-2.65,-1.23,256.42,0.96,Fwd,4.95
1748746785.84,-2.65,-1.23,257.22,0.96,Fwd,4.95
1748746785.84,-2.65,-1.23,257.22,0.93,Fwd,4.95
1748746785.84,-2.65,-1.23,257.22,0.93,Fwd,4.95
1748746785.84,-2.65,-1.23,257.22,0.93,Fwd,4.95
1748746785.84,-2.65,-1.23,257.22,0.93,Fwd,4.95
1748746785.94,-2.65,-1.23,257.22,0.93,Fwd,4.95
1748746785.94,-2.43,-1.23,257.22,0.93,Fwd,4.95
1748746785.94,-2.43,-1.11,257.22,0.93,Fwd,4.95
1748746785.94,-2.43,-1.11,258.01,0.93,Fwd,4.95
1748746785.94,-2.43,-1.11,258.01,1.01,Fwd,4.95
1748746785.94,-2.43,-1.11,258.01,1.01,Fwd,4.95
1748746785.94,-2.43,-1.11,258.01,1.01,Fwd,4.95
1748746785.94,-2.43,-1.11,258.01,1.01,Fwd,4.95
1748746786.04,-2.43,-1.11,258.01,1.01,Fwd,4.95
1748746786.04,-1.81,-1.11,258.01,1.01,Fwd,4.95
1748746786.04,-1.81,-1.10,258.01,1.01,Fwd,4.95
1748746786.04,-1.81,-1.10,258.62,1.01,Fwd,4.95
1748746786.04,-1.81,-1.10,258.62,0.94,Fwd,4.95
1748746786.05,-1.81,-1.10,258.62,0.94,Fwd,4.95
1748746786.05,-1.81,-1.10,258.62,0.94,Fwd,4.95
1748746786.05,-1.81,-1.10,258.62,0.94,Fwd,4.95
1748746786.15,-1.81,-1.10,258.62,0.94,Fwd,4.73
1748746786.15,-1.20,-1.10,258.62,0.94,Fwd,4.73
1748746786.15,-1.20,-1.16,258.62,0.94,Fwd,4.73
1748746786.15,-1.20,-1.16,259.09,0.94,Fwd,4.73
1748746786.15,-1.20,-1.16,259.09,0.98,Fwd,4.73
1748746786.15,-1.20,-1.16,259.09,0.98,Fwd,4.73
1748746786.15,-1.20,-1.16,259.09,0.98,Fwd,4.73
1748746786.15,-1.20,-1.16,259.09,0.98,Fwd,4.73
1748746786.25,-1.20,-1.16,259.09,0.98,Fwd,4.73
1748746786.25,-1.15,-1.16,259.09,0.98,Fwd,4.73
1748746786.25,-1.15,-1.01,259.09,0.98,Fwd,4.73
1748746786.25,-1.15,-1.01,259.46,0.98,Fwd,4.73
1748746786.26,-1.15,-1.01,259.46,1.03,Fwd,4.73
1748746786.26,-1.15,-1.01,259.46,1.03,Fwd,4.73
1748746786.26,-1.15,-1.01,259.46,1.03,Fwd,4.73
1748746786.26,-1.15,-1.01,259.46,1.03,Fwd,4.73
1748746786.32,-1.15,-1.01,259.46,1.03,Fwd,4.73
1748746786.33,-1.43,-1.01,259.46,1.03,Fwd,4.73
1748746786.33,-1.43,-1.14,259.46,1.03,Fwd,4.73
1748746786.33,-1.43,-1.14,259.88,1.03,Fwd,4.73
1748746786.33,-1.43,-1.14,259.88,1.04,Fwd,4.73
1748746786.33,-1.43,-1.14,259.88,1.04,Fwd,4.73
1748746786.33,-1.43,-1.14,259.88,1.04,Fwd,4.73
1748746786.33,-1.43,-1.14,259.88,1.04,Fwd,4.73
1748746786.43,-1.43,-1.14,259.88,1.04,Fwd,4.73
1748746786.46,-1.36,-1.14,259.88,1.04,Fwd,4.73
1748746786.50,-1.36,-1.10,259.88,1.04,Fwd,4.73
1748746786.50,-1.36,-1.10,260.23,1.04,Fwd,4.73
1748746786.50,-1.36,-1.10,260.23,0.98,Fwd,4.73
1748746786.50,-1.36,-1.10,260.23,0.98,Fwd,4.73
1748746786.50,-1.36,-1.10,260.23,0.98,Fwd,4.73
1748746786.50,-1.36,-1.10,260.23,0.98,Fwd,4.73
1748746786.53,-1.36,-1.10,260.23,0.98,Fwd,4.73
1748746786.53,-1.01,-1.10,260.23,0.98,Fwd,4.73
1748746786.53,-1.01,-1.06,260.23,0.98,Fwd,4.73
1748746786.53,-1.01,-1.06,260.46,0.98,Fwd,4.73
1748746786.53,-1.01,-1.06,260.46,0.92,Fwd,4.73
1748746786.53,-1.01,-1.06,260.46,0.92,Fwd,4.73
1748746786.54,-1.01,-1.06,260.46,0.92,Fwd,4.73
1748746786.54,-1.01,-1.06,260.46,0.92,Fwd,4.73
1748746786.64,-1.01,-1.06,260.46,0.92,Fwd,4.73
1748746786.67,-0.76,-1.06,260.46,0.92,Fwd,4.73
1748746786.67,-0.76,-0.87,260.46,0.92,Fwd,4.73
1748746786.71,-0.76,-0.87,260.57,0.92,Fwd,4.73
1748746786.71,-0.76,-0.87,260.57,1.02,Fwd,4.73
1748746786.71,-0.76,-0.87,260.57,1.02,Fwd,4.73
1748746786.71,-0.76,-0.87,260.57,1.02,Fwd,4.73
1748746786.71,-0.76,-0.87,260.57,1.02,Fwd,4.73
1748746786.74,-0.76,-0.87,260.57,1.02,Fwd,4.73
1748746786.81,-0.79,-0.87,260.57,1.02,Fwd,4.73
1748746786.81,-0.79,-0.87,260.57,1.02,Fwd,4.73
1748746786.81,-0.79,-0.87,260.64,1.02,Fwd,4.73
1748746786.81,-0.79,-0.87,260.64,0.98,Fwd,4.73
1748746786.81,-0.79,-0.87,260.64,0.98,Fwd,4.73
1748746786.81,-0.79,-0.87,260.64,0.98,Fwd,4.73
1748746786.81,-0.79,-0.87,260.64,0.98,Fwd,4.73
1748746786.84,-0.79,-0.87,260.64,0.98,Fwd,4.73
1748746786.84,-0.96,-0.87,260.64,0.98,Fwd,4.73
1748746786.84,-0.96,-1.05,260.64,0.98,Fwd,4.73
1748746786.84,-0.96,-1.05,260.72,0.98,Fwd,4.73
1748746786.85,-0.96,-1.05,260.72,1.06,Fwd,4.73
1748746786.85,-0.96,-1.05,260.72,1.06,Fwd,4.73
1748746786.85,-0.96,-1.05,260.72,1.06,Fwd,4.73
1748746786.85,-0.96,-1.05,260.72,1.06,Fwd,4.73
1748746786.95,-0.96,-1.05,260.72,1.06,Fwd,4.73
1748746786.98,-1.13,-1.05,260.72,1.06,Fwd,4.73
1748746787.02,-1.13,-1.09,260.72,1.06,Fwd,4.73
1748746787.02,-1.13,-1.09,260.75,1.06,Fwd,4.73
1748746787.02,-1.13,-1.09,260.75,0.90,Fwd,4.73
1748746787.02,-1.13,-1.09,260.75,0.90,Fwd,4.73
1748746787.03,-1.13,-1.09,260.75,0.90,Fwd,4.73
1748746787.03,-1.13,-1.09,260.75,0.90,Fwd,4.73
1748746787.03,-1.13,-1.09,260.75,0.90,Fwd,4.73
1748746787.03,-0.92,-1.09,260.75,0.90,Fwd,4.73
1748746787.03,-0.92,-0.94,260.75,0.90,Fwd,4.73
1748746787.03,-0.92,-0.94,260.64,0.90,Fwd,4.73
1748746787.05,-0.92,-0.94,260.64,1.00,Fwd,4.73
1748746787.06,-0.92,-0.94,260.64,1.00,Fwd,4.73
1748746787.06,-0.92,-0.94,260.64,1.00,Fwd,4.73
1748746787.06,-0.92,-0.94,260.64,1.00,Fwd,4.73
1748746787.13,-0.92,-0.94,260.64,1.00,Fwd,3.73
1748746787.13,-0.51,-0.94,260.64,1.00,Fwd,3.73
1748746787.13,-0.51,-0.78,260.64,1.00,Fwd,3.73
1748746787.13,-0.51,-0.78,260.37,1.00,Fwd,3.73
1748746787.13,-0.51,-0.78,260.37,1.05,Fwd,3.73
1748746787.13,-0.51,-0.78,260.37,1.05,Fwd,3.73
1748746787.16,-0.51,-0.78,260.37,1.05,Fwd,3.73
1748746787.16,-0.51,-0.78,260.37,1.05,Fwd,3.73
1748746787.23,-0.51,-0.78,260.37,1.05,Fwd,3.73
1748746787.23,-0.78,-0.78,260.37,1.05,Fwd,3.73
1748746787.23,-0.78,-0.43,260.37,1.05,Fwd,3.73
1748746787.24,-0.78,-0.43,259.94,1.05,Fwd,3.73
1748746787.24,-0.78,-0.43,259.94,0.99,Fwd,3.73
1748746787.24,-0.78,-0.43,259.94,0.99,Fwd,3.73
1748746787.24,-0.78,-0.43,259.94,0.99,Fwd,3.73
1748746787.24,-0.78,-0.43,259.94,0.99,Fwd,3.73
1748746787.34,-0.78,-0.43,259.94,0.99,Fwd,3.73
1748746787.34,-1.03,-0.43,259.94,0.99,Fwd,3.73
1748746787.34,-1.03,-0.01,259.94,0.99,Fwd,3.73
1748746787.34,-1.03,-0.01,259.32,0.99,Fwd,3.73
1748746787.35,-1.03,-0.01,259.32,0.93,Fwd,3.73
1748746787.35,-1.03,-0.01,259.32,0.93,Fwd,3.73
1748746787.37,-1.03,-0.01,259.32,0.93,Fwd,3.73
1748746787.41,-1.03,-0.01,259.32,0.93,Fwd,3.73
1748746787.45,-1.03,-0.01,259.32,0.93,Fwd,3.73
1748746787.45,-1.03,-0.01,259.32,0.93,Fwd,3.73
1748746787.46,-1.03,0.25,259.32,0.93,Fwd,3.73
1748746787.46,-1.03,0.25,258.49,0.93,Fwd,3.73
1748746787.46,-1.03,0.25,258.49,0.98,Fwd,3.73
1748746787.46,-1.03,0.25,258.49,0.98,Fwd,3.73
1748746787.46,-1.03,0.25,258.49,0.98,Fwd,3.73
1748746787.46,-1.03,0.25,258.49,0.98,Fwd,3.73
1748746787.55,-1.03,0.25,258.49,0.98,Fwd,3.73
1748746787.55,-0.32,0.25,258.49,0.98,Fwd,3.73
1748746787.55,-0.32,0.49,258.49,0.98,Fwd,3.73
1748746787.56,-0.32,0.49,257.64,0.98,Fwd,3.73
1748746787.56,-0.32,0.49,257.64,1.02,Fwd,3.73
1748746787.56,-0.32,0.49,257.64,1.02,Fwd,3.73
1748746787.56,-0.32,0.49,257.64,1.02,Fwd,3.73
1748746787.56,-0.32,0.49,257.64,1.02,Fwd,3.73
1748746787.66,-0.32,0.49,257.64,1.02,Fwd,3.73
1748746787.66,0.43,0.49,257.64,1.02,Fwd,3.73
1748746787.66,0.43,0.42,257.64,1.02,Fwd,3.73
1748746787.66,0.43,0.42,257.20,1.02,Fwd,3.73
1748746787.66,0.43,0.42,257.20,0.97,Fwd,3.73
1748746787.66,0.43,0.42,257.20,0.97,Fwd,3.73
1748746787.66,0.43,0.42,257.20,0.97,Fwd,3.73
1748746787.66,0.43,0.42,257.20,0.97,Fwd,3.73
1748746787.73,0.43,0.42,257.20,0.97,Fwd,3.73
1748746787.73,0.68,0.42,257.20,0.97,Fwd,3.73
1748746787.73,0.68,-0.12,257.20,0.97,Fwd,3.73
1748746787.73,0.68,-0.12,257.02,0.97,Fwd,3.73
1748746787.74,0.68,-0.12,257.02,1.01,Fwd,3.73
1748746787.74,0.68,-0.12,257.02,1.01,Fwd,3.73
1748746787.74,0.68,-0.12,257.02,1.01,Fwd,3.73
1748746787.74,0.68,-0.12,257.02,1.01,Fwd,3.73
1748746787.83,0.68,-0.12,257.02,1.01,Fwd,3.73
1748746787.87,-0.05,-0.12,257.02,1.01,Fwd,3.73
1748746787.87,-0.05,-0.92,257.02,1.01,Fwd,3.73
1748746787.87,-0.05,-0.92,256.92,1.01,Fwd,3.73
1748746787.88,-0.05,-0.92,256.92,0.97,Fwd,3.73
1748746787.88,-0.05,-0.92,256.92,0.97,Fwd,3.73
1748746787.88,-0.05,-0.92,256.92,0.97,Fwd,3.73
1748746787.88,-0.05,-0.92,256.92,0.97,Fwd,3.73
1748746787.93,-0.05,-0.92,256.92,0.97,Fwd,3.73
1748746787.94,-0.78,-0.92,256.92,0.97,Fwd,3.73
1748746787.94,-0.78,-1.66,256.92,0.97,Fwd,3.73
1748746787.94,-0.78,-1.66,256.77,0.97,Fwd,3.73
1748746787.94,-0.78,-1.66,256.77,1.00,Fwd,3.73
1748746787.95,-0.78,-1.66,256.77,1.00,Fwd,3.73
1748746787.95,-0.78,-1.66,256.77,1.00,Fwd,3.73
1748746787.95,-0.78,-1.66,256.77,1.00,Fwd,3.73
1748746788.04,-0.78,-1.66,256.77,1.00,Fwd,3.73
1748746788.04,-2.38,-1.66,256.77,1.00,Fwd,3.73
1748746788.05,-2.38,-2.48,256.77,1.00,Fwd,3.73
1748746788.05,-2.38,-2.48,256.42,1.00,Fwd,3.73
1748746788.05,-2.38,-2.48,256.42,1.01,Fwd,3.73
1748746788.05,-2.38,-2.48,256.42,1.01,Fwd,3.73
1748746788.06,-2.38,-2.48,256.42,1.01,Fwd,3.73
1748746788.06,-2.38,-2.48,256.42,1.01,Fwd,3.73
1748746788.15,-2.38,-2.48,256.42,1.01,Fwd,3.73
1748746788.19,-3.28,-2.48,256.42,1.01,Fwd,3.73
1748746788.19,-3.28,-2.84,256.42,1.01,Fwd,3.73
1748746788.19,-3.28,-2.84,255.35,1.01,Fwd,3.73
1748746788.19,-3.28,-2.84,255.35,0.83,Fwd,3.73
1748746788.19,-3.28,-2.84,255.35,0.83,Fwd,3.73
1748746788.20,-3.28,-2.84,255.35,0.83,Fwd,3.73
1748746788.20,-3.28,-2.84,255.35,0.83,Fwd,3.73
1748746788.25,-3.28,-2.84,255.35,0.83,Fwd,3.73
1748746788.25,-4.12,-2.84,255.35,0.83,Fwd,3.73
1748746788.25,-4.12,-2.97,255.35,0.83,Fwd,3.73
1748746788.25,-4.12,-2.97,253.50,0.83,Fwd,3.73
1748746788.26,-4.12,-2.97,253.50,1.02,Fwd,3.73
1748746788.26,-4.12,-2.97,253.50,1.02,Fwd,3.73
1748746788.26,-4.12,-2.97,253.50,1.02,Fwd,3.73
1748746788.26,-4.12,-2.97,253.50,1.02,Fwd,3.73
1748746788.36,-4.12,-2.97,253.50,1.02,Fwd,3.13
1748746788.36,-4.17,-2.97,253.50,1.02,Fwd,3.13
1748746788.36,-4.17,-2.56,253.50,1.02,Fwd,3.13
1748746788.39,-4.17,-2.56,250.73,1.02,Fwd,3.13
1748746788.42,-4.17,-2.56,250.73,0.92,Fwd,3.13
1748746788.42,-4.17,-2.56,250.73,0.92,Fwd,3.13
1748746788.42,-4.17,-2.56,250.73,0.92,Fwd,3.13
1748746788.43,-4.17,-2.56,250.73,0.92,Fwd,3.13
1748746788.43,-4.17,-2.56,250.73,0.92,Fwd,3.13
1748746788.43,-3.23,-2.56,250.73,0.92,Fwd,3.13
1748746788.43,-3.23,-1.72,250.73,0.92,Fwd,3.13
1748746788.43,-3.23,-1.72,247.54,0.92,Fwd,3.13
1748746788.43,-3.23,-1.72,247.54,1.01,Fwd,3.13
1748746788.44,-3.23,-1.72,247.54,1.01,Fwd,3.13
1748746788.46,-3.23,-1.72,247.54,1.01,Fwd,3.13
1748746788.46,-3.23,-1.72,247.54,1.01,Fwd,3.13
1748746788.53,-3.23,-1.72,247.54,1.01,Fwd,3.13
1748746788.53,-2.91,-1.72,247.54,1.01,Fwd,3.13
1748746788.54,-2.91,-0.66,247.54,1.01,Fwd,3.13
1748746788.54,-2.91,-0.66,244.24,1.01,Fwd,3.13
1748746788.54,-2.91,-0.66,244.24,0.96,Fwd,3.13
1748746788.54,-2.91,-0.66,244.24,0.96,Fwd,3.13
1748746788.55,-2.91,-0.66,244.24,0.96,Fwd,3.13
1748746788.55,-2.91,-0.66,244.24,0.96,Fwd,3.13