1748746499.12,-1.95,-2.67,345.19,0.91,Fwd,2.94
1748746499.13,-1.95,-2.67,345.19,1.02,Fwd,2.94
1748746499.13,-1.95,-2.67,345.19,1.02,Fwd,2.94
1748746499.13,-1.95,-2.67,345.19,1.02,Fwd,2.94
1748746499.14,-1.95,-2.67,345.19,1.02,Fwd,2.94
1748746499.15,-1.95,-2.67,345.19,1.02,Fwd,2.94
1748746499.15,-1.40,-2.67,345.19,1.02,Fwd,2.94
1748746499.15,-1.40,-2.38,345.19,1.02,Fwd,2.94
1748746499.15,-1.40,-2.38,345.94,1.02,Fwd,2.94
1748746499.15,-1.40,-2.38,345.94,1.12,Fwd,2.94
1748746499.16,-1.40,-2.38,345.94,1.12,Fwd,2.94
1748746499.16,-1.40,-2.38,345.94,1.12,Fwd,2.94
1748746499.16,-1.40,-2.38,345.94,1.12,Fwd,2.94
1748746499.26,-1.40,-2.38,345.94,1.12,Fwd,3.72
1748746499.29,-1.23,-2.38,345.94,1.12,Fwd,3.72
1748746499.29,-1.23,-2.80,345.94,1.12,Fwd,3.72
1748746499.30,-1.23,-2.80,346.42,1.12,Fwd,3.72
1748746499.30,-1.23,-2.80,346.42,0.97,Fwd,3.72
1748746499.30,-1.23,-2.80,346.42,0.97,Fwd,3.72
1748746499.30,-1.23,-2.80,346.42,0.97,Fwd,3.72
1748746499.30,-1.23,-2.80,346.42,0.97,Fwd,3.72
1748746499.32,-1.23,-2.80,346.42,0.97,Fwd,3.72
1748746499.32,-1.17,-2.80,346.42,0.97,Fwd,3.72
1748746499.32,-1.17,-2.32,346.42,0.97,Fwd,3.72
1748746499.33,-1.17,-2.32,346.68,0.97,Fwd,3.72
1748746499.33,-1.17,-2.32,346.68,0.96,Fwd,3.72
1748746499.33,-1.17,-2.32,346.68,0.96,Fwd,3.72
1748746499.33,-1.17,-2.32,346.68,0.96,Fwd,3.72
1748746499.33,-1.17,-2.32,346.68,0.96,Fwd,3.72
1748746499.43,-1.17,-2.32,346.68,0.96,Fwd,3.72
1748746499.44,-2.04,-2.32,346.68,0.96,Fwd,3.72
1748746499.44,-2.04,-2.09,346.68,0.96,Fwd,3.72
1748746499.44,-2.04,-2.09,346.79,0.96,Fwd,3.72
1748746499.44,-2.04,-2.09,346.79,0.83,Fwd,3.72
1748746499.45,-2.04,-2.09,346.79,0.83,Fwd,3.72
1748746499.46,-2.04,-2.09,346.79,0.83,Fwd,3.72
1748746499.47,-2.04,-2.09,346.79,0.83,Fwd,3.72
1748746499.54,-2.04,-2.09,346.79,0.83,Fwd,3.72
1748746499.57,-1.71,-2.09,346.79,0.83,Fwd,3.72
1748746499.58,-1.71,-1.22,346.79,0.83,Fwd,3.72
1748746499.58,-1.71,-1.22,346.60,0.83,Fwd,3.72
1748746499.58,-1.71,-1.22,346.60,0.88,Fwd,3.72
1748746499.58,-1.71,-1.22,346.60,0.88,Fwd,3.72
1748746499.59,-1.71,-1.22,346.60,0.88,Fwd,3.72
1748746499.59,-1.71,-1.22,346.60,0.88,Fwd,3.72
1748746499.64,-1.71,-1.22,346.60,0.88,Fwd,3.72
1748746499.64,-1.51,-1.22,346.60,0.88,Fwd,3.72
1748746499.64,-1.51,-0.98,346.60,0.88,Fwd,3.72
1748746499.64,-1.51,-0.98,345.97,0.88,Fwd,3.72
1748746499.64,-1.51,-0.98,345.97,0.97,Fwd,3.72
1748746499.65,-1.51,-0.98,345.97,0.97,Fwd,3.72
1748746499.65,-1.51,-0.98,345.97,0.97,Fwd,3.72
1748746499.65,-1.51,-0.98,345.97,0.97,Fwd,3.72
1748746499.75,-1.51,-0.98,345.97,0.97,Fwd,3.72
1748746499.75,-1.63,-0.98,345.97,0.97,Fwd,3.72
1748746499.75,-1.63,-0.21,345.97,0.97,Fwd,3.72
1748746499.76,-1.63,-0.21,345.14,0.97,Fwd,3.72
1748746499.76,-1.63,-0.21,345.14,0.99,Fwd,3.72
1748746499.76,-1.63,-0.21,345.14,0.99,Fwd,3.72
1748746499.76,-1.63,-0.21,345.14,0.99,Fwd,3.72
1748746499.76,-1.63,-0.21,345.14,0.99,Fwd,3.72
1748746499.86,-1.63,-0.21,345.14,0.99,Fwd,3.72
1748746499.86,-1.18,-0.21,345.14,0.99,Fwd,3.72
1748746499.86,-1.18,0.09,345.14,0.99,Fwd,3.72
1748746499.86,-1.18,0.09,344.76,0.99,Fwd,3.72
1748746499.86,-1.18,0.09,344.76,1.00,Fwd,3.72
1748746499.87,-1.18,0.09,344.76,1.00,Fwd,3.72
1748746499.87,-1.18,0.09,344.76,1.00,Fwd,3.72
1748746499.87,-1.18,0.09,344.76,1.00,Fwd,3.72
1748746499.96,-1.18,0.09,344.76,1.00,Fwd,3.72
1748746499.96,-1.11,0.09,344.76,1.00,Fwd,3.72
1748746499.96,-1.11,-0.81,344.76,1.00,Fwd,3.72
1748746499.97,-1.11,-0.81,345.21,1.00,Fwd,3.72
1748746499.97,-1.11,-0.81,345.21,0.98,Fwd,3.72
1748746499.97,-1.11,-0.81,345.21,0.98,Fwd,3.72
1748746499.99,-1.11,-0.81,345.21,0.98,Fwd,3.72
1748746500.02,-1.11,-0.81,345.21,0.98,Fwd,3.72
1748746500.06,-1.11,-0.81,345.21,0.98,Fwd,3.72
1748746500.10,-1.26,-0.81,345.21,0.98,Fwd,3.72
1748746500.13,-1.26,-1.70,345.21,0.98,Fwd,3.72
1748746500.13,-1.26,-1.70,346.30,0.98,Fwd,3.72
1748746500.13,-1.26,-1.70,346.30,0.98,Fwd,3.72
1748746500.13,-1.26,-1.70,346.30,0.98,Fwd,3.72
1748746500.13,-1.26,-1.70,346.30,0.98,Fwd,3.72
1748746500.16,-1.26,-1.70,346.30,0.98,Fwd,3.72
1748746500.17,-1.26,-1.70,346.30,0.98,Fwd,4.04
1748746500.17,-1.06,-1.70,346.30,0.98,Fwd,4.04
1748746500.17,-1.06,-1.95,346.30,0.98,Fwd,4.04
1748746500.17,-1.06,-1.95,347.51,0.98,Fwd,4.04
1748746500.17,-1.06,-1.95,347.51,1.00,Fwd,4.04
1748746500.18,-1.06,-1.95,347.51,1.00,Fwd,4.04
1748746500.18,-1.06,-1.95,347.51,1.00,Fwd,4.04
1748746500.18,-1.06,-1.95,347.51,1.00,Fwd,4.04
1748746500.24,-1.06,-1.95,347.51,1.00,Fwd,4.04
1748746500.24,-0.82,-1.95,347.51,1.00,Fwd,4.04
1748746500.24,-0.82,-1.74,347.51,1.00,Fwd,4.04
1748746500.24,-0.82,-1.74,348.40,1.00,Fwd,4.04
1748746500.25,-0.82,-1.74,348.40,0.96,Fwd,4.04
1748746500.25,-0.82,-1.74,348.40,0.96,Fwd,4.04
1748746500.25,-0.82,-1.74,348.40,0.96,Fwd,4.04
1748746500.25,-0.82,-1.74,348.40,0.96,Fwd,4.04
1748746500.34,-0.82,-1.74,348.40,0.96,Fwd,4.04
1748746500.35,-0.41,-1.74,348.40,0.96,Fwd,4.04
1748746500.35,-0.41,-1.26,348.40,0.96,Fwd,4.04
1748746500.35,-0.41,-1.26,349.03,0.96,Fwd,4.04
1748746500.35,-0.41,-1.26,349.03,1.00,Fwd,4.04
1748746500.36,-0.41,-1.26,349.03,1.00,Fwd,4.04
1748746500.36,-0.41,-1.26,349.03,1.00,Fwd,4.04
1748746500.36,-0.41,-1.26,349.03,1.00,Fwd,4.04
1748746500.45,-0.41,-1.26,349.03,1.00,Fwd,4.04
1748746500.45,0.09,-1.26,349.03,1.00,Fwd,4.04
1748746500.45,0.09,-1.20,349.03,1.00,Fwd,4.04
1748746500.45,0.09,-1.20,349.56,1.00,Fwd,4.04
1748746500.45,0.09,-1.20,349.56,1.00,Fwd,4.04
1748746500.45,0.09,-1.20,349.56,1.00,Fwd,4.04
1748746500.45,0.09,-1.20,349.56,1.00,Fwd,4.04
1748746500.45,0.09,-1.20,349.56,1.00,Fwd,4.04
1748746500.55,0.09,-1.20,349.56,1.00,Fwd,4.04
1748746500.59,0.28,-1.20,349.56,1.00,Fwd,4.04
1748746500.60,0.28,-0.40,349.56,1.00,Fwd,4.04
1748746500.60,0.28,-0.40,349.82,1.00,Fwd,4.04
1748746500.60,0.28,-0.40,349.82,1.01,Fwd,4.04
1748746500.60,0.28,-0.40,349.82,1.01,Fwd,4.04
1748746500.60,0.28,-0.40,349.82,1.01,Fwd,4.04
1748746500.60,0.28,-0.40,349.82,1.01,Fwd,4.04
1748746500.66,0.28,-0.40,349.82,1.01,Fwd,4.04
1748746500.66,0.56,-0.40,349.82,1.01,Fwd,4.04
1748746500.66,0.56,-0.37,349.82,1.01,Fwd,4.04
1748746500.66,0.56,-0.37,350.10,1.01,Fwd,4.04
1748746500.66,0.56,-0.37,350.10,0.95,Fwd,4.04
1748746500.66,0.56,-0.37,350.10,0.95,Fwd,4.04
1748746500.67,0.56,-0.37,350.10,0.95,Fwd,4.04
1748746500.67,0.56,-0.37,350.10,0.95,Fwd,4.04
1748746500.72,0.56,-0.37,350.10,0.95,Fwd,4.04
1748746500.76,0.68,-0.37,350.10,0.95,Fwd,4.04
1748746500.76,0.68,-0.23,350.10,0.95,Fwd,4.04
1748746500.77,0.68,-0.23,350.62,0.95,Fwd,4.04
1748746500.77,0.68,-0.23,350.62,0.96,Fwd,4.04
1748746500.77,0.68,-0.23,350.62,0.96,Fwd,4.04
1748746500.77,0.68,-0.23,350.62,0.96,Fwd,4.04
1748746500.78,0.68,-0.23,350.62,0.96,Fwd,4.04
1748746500.83,0.68,-0.23,350.62,0.96,Fwd,4.04
1748746500.87,0.51,-0.23,350.62,0.96,Fwd,4.04
1748746500.87,0.51,-0.31,350.62,0.96,Fwd,4.04
1748746500.87,0.51,-0.31,351.24,0.96,Fwd,4.04
1748746500.87,0.51,-0.31,351.24,1.03,Fwd,4.04
1748746500.87,0.51,-0.31,351.24,1.03,Fwd,4.04
1748746500.87,0.51,-0.31,351.24,1.03,Fwd,4.04
1748746500.88,0.51,-0.31,351.24,1.03,Fwd,4.04
1748746500.94,0.51,-0.31,351.24,1.03,Fwd,4.04
1748746500.94,1.25,-0.31,351.24,1.03,Fwd,4.04
1748746500.94,1.25,-0.15,351.24,1.03,Fwd,4.04
1748746500.95,1.25,-0.15,351.92,1.03,Fwd,4.04
1748746500.95,1.25,-0.15,351.92,0.98,Fwd,4.04
1748746500.95,1.25,-0.15,351.92,0.98,Fwd,4.04
1748746500.95,1.25,-0.15,351.92,0.98,Fwd,4.04
1748746500.95,1.25,-0.15,351.92,0.98,Fwd,4.04
1748746501.04,1.25,-0.15,351.92,0.98,Fwd,4.04
1748746501.04,3.52,-0.15,351.92,0.98,Fwd,4.04
1748746501.04,3.52,-0.29,351.92,0.98,Fwd,4.04
1748746501.05,3.52,-0.29,352.58,0.98,Fwd,4.04
1748746501.05,3.52,-0.29,352.58,0.92,Fwd,4.04
1748746501.05,3.52,-0.29,352.58,0.92,Fwd,4.04
1748746501.05,3.52,-0.29,352.58,0.92,Fwd,4.04
1748746501.05,3.52,-0.29,352.58,0.92,Fwd,4.04
1748746501.15,3.52,-0.29,352.58,0.92,Fwd,4.04
1748746501.15,2.88,-0.29,352.58,0.92,Fwd,4.04
1748746501.15,2.88,-0.04,352.58,0.92,Fwd,4.04
1748746501.16,2.88,-0.04,353.04,0.92,Fwd,4.04
1748746501.16,2.88,-0.04,353.04,1.03,Fwd,4.04
1748746501.16,2.88,-0.04,353.04,1.03,Fwd,4.04
1748746501.16,2.88,-0.04,353.04,1.03,Fwd,4.04
1748746501.16,2.88,-0.04,353.04,1.03,Fwd,4.04
1748746501.25,2.88,-0.04,353.04,1.03,Fwd,4.04
1748746501.25,2.24,-0.04,353.04,1.03,Fwd,4.04
1748746501.25,2.24,-0.08,353.04,1.03,Fwd,4.04
1748746501.26,2.24,-0.08,353.56,1.03,Fwd,4.04
1748746501.26,2.24,-0.08,353.56,1.07,Fwd,4.04
1748746501.26,2.24,-0.08,353.56,1.07,Fwd,4.04
1748746501.26,2.24,-0.08,353.56,1.07,Fwd,4.04
1748746501.26,2.24,-0.08,353.56,1.07,Fwd,4.04
1748746501.35,2.24,-0.08,353.56,1.07,Fwd,4.04
1748746501.39,2.47,-0.08,353.56,1.07,Fwd,4.04
1748746501.40,2.47,-0.11,353.56,1.07,Fwd,4.04
1748746501.40,2.47,-0.11,353.38,1.07,Fwd,4.04
1748746501.40,2.47,-0.11,353.38,0.81,Fwd,4.04
1748746501.40,2.47,-0.11,353.38,0.81,Fwd,4.04
1748746501.41,2.47,-0.11,353.38,0.81,Fwd,4.04
1748746501.41,2.47,-0.11,353.38,0.81,Fwd,4.04
1748746501.42,2.47,-0.11,353.38,0.81,Fwd,4.04
1748746501.42,2.72,-0.11,353.38,0.81,Fwd,4.04
1748746501.42,2.72,0.98,353.38,0.81,Fwd,4.04
1748746501.46,2.72,0.98,354.76,0.81,Fwd,4.04
1748746501.49,2.72,0.98,354.76,1.08,Fwd,4.04
1748746501.53,2.72,0.98,354.76,1.08,Fwd,4.04
1748746501.57,2.72,0.98,354.76,1.08,Fwd,4.04
1748746501.57,2.72,0.98,354.76,1.08,Fwd,4.04
1748746501.57,2.72,0.98,354.76,1.08,Fwd,4.04
1748746501.57,1.81,0.98,354.76,1.08,Fwd,4.04
1748746501.58,1.81,2.38,354.76,1.08,Fwd,4.04
1748746501.58,1.81,2.38,355.04,1.08,Fwd,4.04
1748746501.58,1.81,2.38,355.04,0.92,Fwd,4.04
1748746501.58,1.81,2.38,355.04,0.92,Fwd,4.04
1748746501.58,1.81,2.38,355.04,0.92,Fwd,4.04
1748746501.58,1.81,2.38,355.04,0.92,Fwd,4.04
1748746501.63,1.81,2.38,355.04,0.92,Fwd,4.04
1748746501.64,1.57,2.38,355.04,0.92,Fwd,4.04
1748746501.64,1.57,3.06,355.04,0.92,Fwd,4.04
1748746501.64,1.57,3.06,355.39,0.92,Fwd,4.04
1748746501.64,1.57,3.06,355.39,1.05,Fwd,4.04
1748746501.64,1.57,3.06,355.39,1.05,Fwd,4.04
1748746501.64,1.57,3.06,355.39,1.05,Fwd,4.04
1748746501.64,1.57,3.06,355.39,1.05,Fwd,4.04
1748746501.74,1.57,3.06,355.39,1.05,Fwd,4.04
1748746501.75,1.98,3.06,355.39,1.05,Fwd,4.04
1748746501.75,1.98,2.74,355.39,1.05,Fwd,4.04
1748746501.75,1.98,2.74,355.38,1.05,Fwd,4.04
1748746501.75,1.98,2.74,355.38,1.89,Fwd,4.04
1748746501.75,1.98,2.74,355.38,1.89,Fwd,4.04
1748746501.76,1.98,2.74,355.38,1.89,Fwd,4.04
1748746501.76,1.98,2.74,355.38,1.89,Fwd,4.04
1748746501.84,1.98,2.74,355.38,1.89,Fwd,4.04
1748746501.84,-9.94,2.74,355.38,1.89,Fwd,4.04
1748746501.84,-9.94,0.45,355.38,1.89,Fwd,4.04
1748746501.84,-9.94,0.45,356.46,1.89,Fwd,4.04
1748746501.85,-9.94,0.45,356.46,0.53,Fwd,4.04
1748746501.85,-9.94,0.45,356.46,0.53,Fwd,4.04
1748746501.85,-9.94,0.45,356.46,0.53,Fwd,4.04
1748746501.85,-9.94,0.45,356.46,0.53,Fwd,4.04
1748746501.95,-9.94,0.45,356.46,0.53,Fwd,4.04
1748746501.95,-26.13,0.45,356.46,0.53,Fwd,4.04
1748746501.95,-26.13,12.36,356.46,0.53,Fwd,4.04
1748746501.98,-26.13,12.36,339.65,0.53,Fwd,4.04
1748746502.02,-26.13,12.36,339.65,2.17,Fwd,4.04
1748746502.02,-26.13,12.36,339.65,2.17,Fwd,4.04
1748746502.02,-26.13,12.36,339.65,2.17,Fwd,4.04
1748746502.02,-26.13,12.36,339.65,2.17,Fwd,4.04
1748746502.02,-26.13,12.36,339.65,2.17,Fwd,4.04
1748746502.05,-36.57,12.36,339.65,2.17,Fwd,4.04
1748746502.05,-36.57,13.91,339.65,2.17,Fwd,4.04
1748746502.05,-36.57,13.91,303.19,2.17,Fwd,4.04
1748746502.06,-36.57,13.91,303.19,0.16,Fwd,4.04
1748746502.06,-36.57,13.91,303.19,0.16,Fwd,4.04
1748746502.06,-36.57,13.91,303.19,0.16,Fwd,4.04
1748746502.06,-36.57,13.91,303.19,0.16,Fwd,4.04
1748746502.12,-36.57,13.91,303.19,0.16,Fwd,4.04
1748746502.16,-28.36,13.91,303.19,0.16,Fwd,4.04
1748746502.19,-28.36,12.58,303.19,0.16,Fwd,4.04
1748746502.19,-28.36,12.58,267.79,0.16,Fwd,4.04
1748746502.19,-28.36,12.58,267.79,-0.32,Fwd,4.04
1748746502.19,-28.36,12.58,267.79,-0.32,Fwd,4.04
1748746502.19,-28.36,12.58,267.79,-0.32,Fwd,4.04
1748746502.20,-28.36,12.58,267.79,-0.32,Fwd,4.04
1748746502.23,-28.36,12.58,267.79,-0.32,Fwd,4.04
1748746502.26,-30.49,12.58,267.79,-0.32,Fwd,4.04
1748746502.30,-30.49,18.39,267.79,-0.32,Fwd,4.04
1748746502.30,-30.49,18.39,232.86,-0.32,Fwd,4.04
1748746502.30,-30.49,18.39,232.86,-0.82,Fwd,4.04
1748746502.30,-30.49,18.39,232.86,-0.82,Fwd,4.04
1748746502.30,-30.49,18.39,232.86,-0.82,Fwd,4.04
1748746502.30,-30.49,18.39,232.86,-0.82,Fwd,4.04
1748746502.34,-30.49,18.39,232.86,-0.82,Fwd,4.04
1748746502.34,-34.70,18.39,232.86,-0.82,Fwd,4.04
1748746502.34,-34.70,17.23,232.86,-0.82,Fwd,4.04
1748746502.34,-34.70,17.23,205.85,-0.82,Fwd,4.04
1748746502.35,-34.70,17.23,205.85,2.52,Fwd,4.04
1748746502.35,-34.70,17.23,205.85,2.52,Fwd,4.04
1748746502.35,-34.70,17.23,205.85,2.52,Fwd,4.04
1748746502.35,-34.70,17.23,205.85,2.52,Fwd,4.04
1748746502.44,-34.70,17.23,205.85,2.52,Fwd,4.04
1748746502.48,-21.88,17.23,205.85,2.52,Fwd,4.04
1748746502.48,-21.88,15.06,205.85,2.52,Fwd,4.04
1748746502.48,-21.88,15.06,190.49,2.52,Fwd,4.04
1748746502.49,-21.88,15.06,190.49,1.01,Fwd,4.04
1748746502.49,-21.88,15.06,190.49,1.01,Fwd,4.04
1748746502.49,-21.88,15.06,190.49,1.01,Fwd,4.04
1748746502.49,-21.88,15.06,190.49,1.01,Fwd,4.04
1748746502.49,-21.88,15.06,190.49,1.01,Fwd,4.04
1748746502.54,-21.88,15.06,190.49,1.01,Fwd,4.04
1748746502.54,-7.50,15.06,190.49,1.01,Fwd,4.04
1748746502.55,-7.50,11.18,190.49,1.01,Fwd,4.04
1748746502.55,-7.50,11.18,187.87,1.01,Fwd,4.04
1748746502.55,-7.50,11.18,187.87,2.20,Fwd,4.04
1748746502.55,-7.50,11.18,187.87,2.20,Fwd,4.04
1748746502.55,-7.50,11.18,187.87,2.20,Fwd,4.04
1748746502.55,-7.50,11.18,187.87,2.20,Fwd,4.04
1748746502.65,-7.50,11.18,187.87,2.20,Fwd,4.04
1748746502.65,-9.34,11.18,187.87,2.20,Fwd,4.04
1748746502.65,-9.34,7.07,187.87,2.20,Fwd,4.04
1748746502.66,-9.34,7.07,188.01,2.20,Fwd,4.04
1748746502.66,-9.34,7.07,188.01,0.57,Fwd,4.04
1748746502.66,-9.34,7.07,188.01,0.57,Fwd,4.04
1748746502.66,-9.34,7.07,188.01,0.57,Fwd,4.04
1748746502.66,-9.34,7.07,188.01,0.57,Fwd,4.04
1748746502.76,-9.34,7.07,188.01,0.57,Fwd,4.04
1748746502.76,-10.23,7.07,188.01,0.57,Fwd,4.04
1748746502.76,-10.23,4.98,188.01,0.57,Fwd,4.04
1748746502.76,-10.23,4.98,185.38,0.57,Fwd,4.04
1748746502.77,-10.23,4.98,185.38,1.01,Fwd,4.04
1748746502.77,-10.23,4.98,185.38,1.01,Fwd,4.04
1748746502.77,-10.23,4.98,185.38,1.01,Fwd,4.04
1748746502.77,-10.23,4.98,185.38,1.01,Fwd,4.04
1748746502.82,-10.23,4.98,185.38,1.01,Fwd,1.36
1748746502.86,-10.24,4.98,185.38,1.01,Fwd,1.36
1748746502.86,-10.24,6.37,185.38,1.01,Fwd,1.36
1748746502.86,-10.24,6.37,180.69,1.01,Fwd,1.36
1748746502.86,-10.24,6.37,180.69,1.07,Fwd,1.36
1748746502.86,-10.24,6.37,180.69,1.07,Fwd,1.36
1748746502.87,-10.24,6.37,180.69,1.07,Fwd,1.36
1748746502.87,-10.24,6.37,180.69,1.07,Fwd,1.36
1748746502.96,-10.24,6.37,180.69,1.07,Fwd,1.36
1748746502.96,-9.76,6.37,180.69,1.07,Fwd,1.36
1748746502.96,-9.76,6.48,180.69,1.07,Fwd,1.36
1748746502.97,-9.76,6.48,176.28,1.07,Fwd,1.36
1748746502.97,-9.76,6.48,176.28,1.07,Fwd,1.36
1748746502.97,-9.76,6.48,176.28,1.07,Fwd,1.36
1748746503.00,-9.76,6.48,176.28,1.07,Fwd,1.36
1748746503.00,-9.76,6.48,176.28,1.07,Fwd,1.36
1748746503.03,-9.76,6.48,176.28,1.07,Fwd,1.36
1748746503.03,-9.60,6.48,176.28,1.07,Fwd,1.36
1748746503.03,-9.60,5.86,176.28,1.07,Fwd,1.36
1748746503.04,-9.60,5.86,174.31,1.07,Fwd,1.36
1748746503.04,-9.60,5.86,174.31,0.85,Fwd,1.36
1748746503.04,-9.60,5.86,174.31,0.85,Fwd,1.36
1748746503.04,-9.60,5.86,174.31,0.85,Fwd,1.36
1748746503.04,-9.60,5.86,174.31,0.85,Fwd,1.36
1748746503.17,-9.60,5.86,174.31,0.85,Fwd,1.36
1748746503.21,-9.16,5.86,174.31,0.85,Fwd,1.36
1748746503.21,-9.16,5.28,174.31,0.85,Fwd,1.36
1748746503.21,-9.16,5.28,173.56,0.85,Fwd,1.36
1748746503.21,-9.16,5.28,173.56,0.86,Fwd,1.36
1748746503.21,-9.16,5.28,173.56,0.86,Fwd,1.36
1748746503.21,-9.16,5.28,173.56,0.86,Fwd,1.36
1748746503.21,-9.16,5.28,173.56,0.86,Fwd,1.36
1748746503.24,-9.16,5.28,173.56,0.86,Fwd,1.36
1748746503.24,-6.92,5.28,173.56,0.86,Fwd,1.36
1748746503.24,-6.92,5.48,173.56,0.86,Fwd,1.36
1748746503.25,-6.92,5.48,173.49,0.86,Fwd,1.36
1748746503.25,-6.92,5.48,173.49,0.77,Fwd,1.36
1748746503.25,-6.92,5.48,173.49,0.77,Fwd,1.36
1748746503.25,-6.92,5.48,173.49,0.77,Fwd,1.36
1748746503.25,-6.92,5.48,173.49,0.77,Fwd,1.36
1748746503.35,-6.92,5.48,173.49,0.77,Fwd,1.36
1748746503.39,-4.91,5.48,173.49,0.77,Fwd,1.36
1748746503.42,-4.91,4.78,173.49,0.77,Fwd,1.36
1748746503.43,-4.91,4.78,174.08,0.77,Fwd,1.36
1748746503.43,-4.91,4.78,174.08,0.93,Fwd,1.36
1748746503.43,-4.91,4.78,174.08,0.93,Fwd,1.36
1748746503.43,-4.91,4.78,174.08,0.93,Fwd,1.36
1748746503.43,-4.91,4.78,174.08,0.93,Fwd,1.36
1748746503.43,-4.91,4.78,174.08,0.93,Fwd,1.36
1748746503.43,-4.11,4.78,174.08,0.93,Fwd,1.36
1748746503.44,-4.11,3.44,174.08,0.93,Fwd,1.36
1748746503.45,-4.11,3.44,174.76,0.93,Fwd,1.36
1748746503.45,-4.11,3.44,174.76,0.96,Fwd,1.36
1748746503.46,-4.11,3.44,174.76,0.96,Fwd,1.36
1748746503.46,-4.11,3.44,174.76,0.96,Fwd,1.36
1748746503.46,-4.11,3.44,174.76,0.96,Fwd,1.36
1748746503.53,-4.11,3.44,174.76,0.96,Fwd,5.53
1748746503.53,-3.26,3.44,174.76,0.96,Fwd,5.53
1748746503.54,-3.26,2.44,174.76,0.96,Fwd,5.53
1748746503.54,-3.26,2.44,175.74,0.96,Fwd,5.53
1748746503.54,-3.26,2.44,175.74,0.99,Fwd,5.53
1748746503.54,-3.26,2.44,175.74,0.99,Fwd,5.53
1748746503.56,-3.26,2.44,175.74,0.99,Fwd,5.53
1748746503.56,-3.26,2.44,175.74,0.99,Fwd,5.53
1748746503.64,-3.26,2.44,175.74,0.99,Fwd,5.53
1748746503.64,-2.87,2.44,175.74,0.99,Fwd,5.53
1748746503.64,-2.87,1.83,175.74,0.99,Fwd,5.53
1748746503.64,-2.87,1.83,177.07,0.99,Fwd,5.53
1748746503.64,-2.87,1.83,177.07,0.99,Fwd,5.53
1748746503.65,-2.87,1.83,177.07,0.99,Fwd,5.53
1748746503.65,-2.87,1.83,177.07,0.99,Fwd,5.53
1748746503.65,-2.87,1.83,177.07,0.99,Fwd,5.53
1748746503.74,-2.87,1.83,177.07,0.99,Fwd,5.53
1748746503.74,-2.61,1.83,177.07,0.99,Fwd,5.53
1748746503.75,-2.61,1.75,177.07,0.99,Fwd,5.53
1748746503.75,-2.61,1.75,178.59,0.99,Fwd,5.53
1748746503.75,-2.61,1.75,178.59,0.99,Fwd,5.53
1748746503.75,-2.61,1.75,178.59,0.99,Fwd,5.53
1748746503.75,-2.61,1.75,178.59,0.99,Fwd,5.53
1748746503.75,-2.61,1.75,178.59,0.99,Fwd,5.53
1748746503.84,-2.61,1.75,178.59,0.99,Fwd,5.53
1748746503.84,-2.57,1.75,178.59,0.99,Fwd,5.53
1748746503.85,-2.57,1.34,178.59,0.99,Fwd,5.53
1748746503.85,-2.57,1.34,180.12,0.99,Fwd,5.53
1748746503.85,-2.57,1.34,180.12,0.99,Fwd,5.53
1748746503.85,-2.57,1.34,180.12,0.99,Fwd,5.53
1748746503.86,-2.57,1.34,180.12,0.99,Fwd,5.53
1748746503.86,-2.57,1.34,180.12,0.99,Fwd,5.53
1748746503.95,-2.57,1.34,180.12,0.99,Fwd,5.53
1748746503.98,-2.62,1.34,180.12,0.99,Fwd,5.53
1748746503.98,-2.62,0.50,180.12,0.99,Fwd,5.53
1748746503.99,-2.62,0.50,181.62,0.99,Fwd,5.53
1748746503.99,-2.62,0.50,181.62,1.00,Fwd,5.53
1748746503.99,-2.62,0.50,181.62,1.00,Fwd,5.53
1748746503.99,-2.62,0.50,181.62,1.00,Fwd,5.53
1748746503.99,-2.62,0.50,181.62,1.00,Fwd,5.53
1748746504.05,-2.62,0.50,181.62,1.00,Fwd,5.53
1748746504.05,-2.88,0.50,181.62,1.00,Fwd,5.53
1748746504.09,-2.88,-0.40,181.62,1.00,Fwd,5.53
1748746504.09,-2.88,-0.40,182.76,1.00,Fwd,5.53
1748746504.09,-2.88,-0.40,182.76,1.05,Fwd,5.53
1748746504.09,-2.88,-0.40,182.76,1.05,Fwd,5.53
1748746504.10,-2.88,-0.40,182.76,1.05,Fwd,5.53
1748746504.10,-2.88,-0.40,182.76,1.05,Fwd,5.53
1748746504.19,-2.88,-0.40,182.76,1.05,Fwd,5.53
1748746504.23,-2.84,-0.40,182.76,1.05,Fwd,5.53
1748746504.24,-2.84,-1.20,182.76,1.05,Fwd,5.53
1748746504.24,-2.84,-1.20,183.65,1.05,Fwd,5.53
1748746504.26,-2.84,-1.20,183.65,0.96,Fwd,5.53
1748746504.29,-2.84,-1.20,183.65,0.96,Fwd,5.53
1748746504.30,-2.84,-1.20,183.65,0.96,Fwd,5.53
1748746504.37,-2.84,-1.20,183.65,0.96,Fwd,5.53
1748746504.37,-2.84,-1.20,183.65,0.96,Fwd,5.53
1748746504.37,-2.37,-1.20,183.65,0.96,Fwd,5.53
1748746504.37,-2.37,-1.29,183.65,0.96,Fwd,5.53
1748746504.37,-2.37,-1.29,184.55,0.96,Fwd,5.53
1748746504.38,-2.37,-1.29,184.55,0.95,Fwd,5.53
1748746504.38,-2.37,-1.29,184.55,0.95,Fwd,5.53
1748746504.38,-2.37,-1.29,184.55,0.95,Fwd,5.53
1748746504.38,-2.37,-1.29,184.55,0.95,Fwd,5.53
1748746504.38,-2.37,-1.29,184.55,0.95,Fwd,4.76
1748746504.40,-1.95,-1.29,184.55,0.95,Fwd,4.76
1748746504.40,-1.95,-1.12,184.55,0.95,Fwd,4.76
1748746504.40,-1.95,-1.12,185.62,0.95,Fwd,4.76
1748746504.40,-1.95,-1.12,185.62,0.92,Fwd,4.76
1748746504.40,-1.95,-1.12,185.62,0.92,Fwd,4.76
1748746504.40,-1.95,-1.12,185.62,0.92,Fwd,4.76
1748746504.40,-1.95,-1.12,185.62,0.92,Fwd,4.76
1748746504.44,-1.95,-1.12,185.62,0.92,Fwd,4.76
1748746504.44,-1.57,-1.12,185.62,0.92,Fwd,4.76
1748746504.44,-1.57,-1.53,185.62,0.92,Fwd,4.76
1748746504.44,-1.57,-1.53,186.74,0.92,Fwd,4.76
1748746504.44,-1.57,-1.53,186.74,0.94,Fwd,4.76
1748746504.44,-1.57,-1.53,186.74,0.94,Fwd,4.76
1748746504.45,-1.57,-1.53,186.74,0.94,Fwd,4.76
1748746504.45,-1.57,-1.53,186.74,0.94,Fwd,4.76
1748746504.54,-1.57,-1.53,186.74,0.94,Fwd,4.76
1748746504.58,-1.33,-1.53,186.74,0.94,Fwd,4.76
1748746504.61,-1.33,-1.72,186.74,0.94,Fwd,4.76
1748746504.62,-1.33,-1.72,187.75,0.94,Fwd,4.76
1748746504.62,-1.33,-1.72,187.75,0.96,Fwd,4.76
1748746504.62,-1.33,-1.72,187.75,0.96,Fwd,4.76
1748746504.62,-1.33,-1.72,187.75,0.96,Fwd,4.76
1748746504.62,-1.33,-1.72,187.75,0.96,Fwd,4.76
1748746504.64,-1.33,-1.72,187.75,0.96,Fwd,4.76
1748746504.64,-1.37,-1.72,187.75,0.96,Fwd,4.76
1748746504.65,-1.37,-1.60,187.75,0.96,Fwd,4.76
1748746504.65,-1.37,-1.60,188.56,0.96,Fwd,4.76
1748746504.65,-1.37,-1.60,188.56,0.96,Fwd,4.76
1748746504.65,-1.37,-1.60,188.56,0.96,Fwd,4.76
1748746504.65,-1.37,-1.60,188.56,0.96,Fwd,4.76
1748746504.66,-1.37,-1.60,188.56,0.96,Fwd,4.76
1748746504.75,-1.37,-1.60,188.56,0.96,Fwd,4.76
1748746504.79,-1.49,-1.60,188.56,0.96,Fwd,4.76
1748746504.82,-1.49,-1.23,188.56,0.96,Fwd,4.76
1748746504.86,-1.49,-1.23,189.06,0.96,Fwd,4.76
1748746504.90,-1.49,-1.23,189.06,1.18,Fwd,4.76
1748746504.90,-1.49,-1.23,189.06,1.18,Fwd,4.76
1748746504.90,-1.49,-1.23,189.06,1.18,Fwd,4.76
1748746504.90,-1.49,-1.23,189.06,1.18,Fwd,4.76
1748746504.90,-1.49,-1.23,189.06,1.18,Fwd,4.76
1748746504.90,-1.19,-1.23,189.06,1.18,Fwd,4.76
1748746504.91,-1.19,-1.08,189.06,1.18,Fwd,4.76
1748746504.91,-1.19,-1.08,189.31,1.18,Fwd,4.76
1748746504.91,-1.19,-1.08,189.31,0.89,Fwd,4.76
1748746504.91,-1.19,-1.08,189.31,0.89,Fwd,4.76
1748746504.92,-1.19,-1.08,189.31,0.89,Fwd,4.76
1748746504.92,-0.80,-1.08,189.31,0.89,Fwd,4.76
1748746504.92,-0.80,-1.12,189.31,0.89,Fwd,4.76
1748746504.92,-0.80,-1.12,189.62,0.89,Fwd,4.76
1748746504.93,-0.80,-1.12,189.62,0.93,Fwd,4.76
1748746504.93,-0.80,-1.12,189.62,0.93,Fwd,4.76
1748746504.93,-0.80,-1.12,189.62,0.93,Fwd,4.76
1748746504.93,-0.80,-1.12,189.62,0.93,Fwd,4.76
1748746505.03,-0.80,-1.12,189.62,0.93,Fwd,5.49
1748746505.04,-0.69,-1.12,189.62,0.93,Fwd,5.49
1748746505.04,-0.69,-1.20,189.62,0.93,Fwd,5.49
1748746505.04,-0.69,-1.20,190.05,0.93,Fwd,5.49
1748746505.04,-0.69,-1.20,190.05,0.99,Fwd,5.49
1748746505.04,-0.69,-1.20,190.05,0.99,Fwd,5.49
1748746505.06,-0.69,-1.20,190.05,0.99,Fwd,5.49
1748746505.06,-0.69,-1.20,190.05,0.99,Fwd,5.49
1748746505.14,-0.69,-1.20,190.05,0.99,Fwd,5.49
1748746505.17,-0.97,-1.20,190.05,0.99,Fwd,5.49
1748746505.20,-0.97,-1.18,190.05,0.99,Fwd,5.49
1748746505.21,-0.97,-1.18,190.38,0.99,Fwd,5.49
1748746505.21,-0.97,-1.18,190.38,1.00,Fwd,5.49
1748746505.21,-0.97,-1.18,190.38,1.00,Fwd,5.49
1748746505.21,-0.97,-1.18,190.38,1.00,Fwd,5.49
1748746505.21,-0.97,-1.18,190.38,1.00,Fwd,5.49
1748746505.24,-0.97,-1.18,190.38,1.00,Fwd,5.49
1748746505.25,-0.91,-1.18,190.38,1.00,Fwd,5.49
1748746505.25,-0.91,-1.00,190.38,1.00,Fwd,5.49
1748746505.25,-0.91,-1.00,190.50,1.00,Fwd,5.49
1748746505.25,-0.91,-1.00,190.50,0.94,Fwd,5.49
1748746505.25,-0.91,-1.00,190.50,0.94,Fwd,5.49
1748746505.25,-0.91,-1.00,190.50,0.94,Fwd,5.49
1748746505.26,-0.91,-1.00,190.50,0.94,Fwd,5.49
1748746505.34,-0.91,-1.00,190.50,0.94,Fwd,5.49
1748746505.38,-0.38,-1.00,190.50,0.94,Fwd,5.49
1748746505.38,-0.38,-0.71,190.50,0.94,Fwd,5.49
1748746505.38,-0.38,-0.71,190.47,0.94,Fwd,5.49
1748746505.39,-0.38,-0.71,190.47,1.08,Fwd,5.49
1748746505.39,-0.38,-0.71,190.47,1.08,Fwd,5.49
1748746505.39,-0.38,-0.71,190.47,1.08,Fwd,5.49
1748746505.39,-0.38,-0.71,190.47,1.08,Fwd,5.49
1748746505.45,-0.38,-0.71,190.47,1.08,Fwd,5.49
1748746505.46,-0.37,-0.71,190.47,1.08,Fwd,5.49
1748746505.46,-0.37,-0.79,190.47,1.08,Fwd,5.49
1748746505.46,-0.37,-0.79,190.43,1.08,Fwd,5.49
1748746505.46,-0.37,-0.79,190.43,1.03,Fwd,5.49
1748746505.46,-0.37,-0.79,190.43,1.03,Fwd,5.49
1748746505.46,-0.37,-0.79,190.43,1.03,Fwd,5.49
1748746505.46,-0.37,-0.79,190.43,1.03,Fwd,5.49
1748746505.55,-0.37,-0.79,190.43,1.03,Fwd,5.49
1748746505.60,-0.43,-0.79,190.43,1.03,Fwd,5.49
1748746505.60,-0.43,-0.75,190.43,1.03,Fwd,5.49
1748746505.60,-0.43,-0.75,190.46,1.03,Fwd,5.49
1748746505.61,-0.43,-0.75,190.46,1.00,Fwd,5.49
1748746505.61,-0.43,-0.75,190.46,1.00,Fwd,5.49
1748746505.61,-0.43,-0.75,190.46,1.00,Fwd,5.49
1748746505.62,-0.43,-0.75,190.46,1.00,Fwd,5.49
1748746505.63,-0.43,-0.75,190.46,1.00,Fwd,5.62
1748746505.63,-0.30,-0.75,190.46,1.00,Fwd,5.62
1748746505.63,-0.30,-0.68,190.46,1.00,Fwd,5.62
1748746505.63,-0.30,-0.68,190.56,1.00,Fwd,5.62
1748746505.63,-0.30,-0.68,190.56,0.93,Fwd,5.62
1748746505.63,-0.30,-0.68,190.56,0.93,Fwd,5.62
1748746505.63,-0.30,-0.68,190.56,0.93,Fwd,5.62
1748746505.64,-0.30,-0.68,190.56,0.93,Fwd,5.62
1748746505.73,-0.30,-0.68,190.56,0.93,Fwd,5.62
1748746505.73,-0.49,-0.68,190.56,0.93,Fwd,5.62
1748746505.73,-0.49,-0.62,190.56,0.93,Fwd,5.62
1748746505.73,-0.49,-0.62,190.60,0.93,Fwd,5.62
1748746505.74,-0.49,-0.62,190.60,0.94,Fwd,5.62
1748746505.74,-0.49,-0.62,190.60,0.94,Fwd,5.62
1748746505.74,-0.49,-0.62,190.60,0.94,Fwd,5.62
1748746505.74,-0.49,-0.62,190.60,0.94,Fwd,5.62
1748746505.84,-0.49,-0.62,190.60,0.94,Fwd,5.62
1748746505.84,-0.74,-0.62,190.60,0.94,Fwd,5.62
1748746505.84,-0.74,-0.73,190.60,0.94,Fwd,5.62
1748746505.84,-0.74,-0.73,190.54,0.94,Fwd,5.62
1748746505.84,-0.74,-0.73,190.54,1.01,Fwd,5.62
1748746505.84,-0.74,-0.73,190.54,1.01,Fwd,5.62
1748746505.84,-0.74,-0.73,190.54,1.01,Fwd,5.62
1748746505.84,-0.74,-0.73,190.54,1.01,Fwd,5.62
1748746505.94,-0.74,-0.73,190.54,1.01,Fwd,5.62
1748746505.94,-0.69,-0.73,190.54,1.01,Fwd,5.62
1748746505.95,-0.69,-0.45,190.54,1.01,Fwd,5.62
1748746505.95,-0.69,-0.45,190.37,1.01,Fwd,5.62
1748746505.95,-0.69,-0.45,190.37,0.91,Fwd,5.62
1748746505.95,-0.69,-0.45,190.37,0.91,Fwd,5.62
1748746505.96,-0.69,-0.45,190.37,0.91,Fwd,5.62
1748746505.96,-0.69,-0.45,190.37,0.91,Fwd,5.62
1748746506.05,-0.69,-0.45,190.37,0.91,Fwd,5.62
1748746506.05,-0.99,-0.45,190.37,0.91,Fwd,5.62
1748746506.05,-0.99,-0.07,190.37,0.91,Fwd,5.62
1748746506.05,-0.99,-0.07,190.11,0.91,Fwd,5.62
1748746506.06,-0.99,-0.07,190.11,1.06,Fwd,5.62
1748746506.06,-0.99,-0.07,190.11,1.06,Fwd,5.62
1748746506.06,-0.99,-0.07,190.11,1.06,Fwd,5.62
1748746506.06,-0.99,-0.07,190.11,1.06,Fwd,5.62
1748746506.15,-0.99,-0.07,190.11,1.06,Fwd,5.62
1748746506.15,-1.20,-0.07,190.11,1.06,Fwd,5.62
1748746506.15,-1.20,0.44,190.11,1.06,Fwd,5.62
1748746506.15,-1.20,0.44,189.77,1.06,Fwd,5.62
1748746506.17,-1.20,0.44,189.77,0.92,Fwd,5.62
1748746506.17,-1.20,0.44,189.77,0.92,Fwd,5.62
1748746506.17,-1.20,0.44,189.77,0.92,Fwd,5.62
1748746506.17,-1.20,0.44,189.77,0.92,Fwd,5.62
1748746506.25,-1.20,0.44,189.77,0.92,Fwd,6.11
1748746506.29,-0.87,0.44,189.77,0.92,Fwd,6.11
1748746506.29,-0.87,0.77,189.77,0.92,Fwd,6.11
1748746506.30,-0.87,0.77,189.45,0.92,Fwd,6.11
1748746506.30,-0.87,0.77,189.45,1.06,Fwd,6.11
1748746506.30,-0.87,0.77,189.45,1.06,Fwd,6.11
1748746506.30,-0.87,0.77,189.45,1.06,Fwd,6.11
1748746506.31,-0.87,0.77,189.45,1.06,Fwd,6.11
1748746506.32,-0.87,0.77,189.45,1.06,Fwd,6.11
1748746506.36,-0.91,0.77,189.45,1.06,Fwd,6.11
1748746506.36,-0.91,1.20,189.45,1.06,Fwd,6.11
1748746506.36,-0.91,1.20,189.15,1.06,Fwd,6.11
1748746506.36,-0.91,1.20,189.15,0.96,Fwd,6.11
1748746506.36,-0.91,1.20,189.15,0.96,Fwd,6.11
1748746506.36,-0.91,1.20,189.15,0.96,Fwd,6.11
1748746506.37,-0.91,1.20,189.15,0.96,Fwd,6.11
1748746506.43,-0.91,1.20,189.15,0.96,Fwd,6.11
1748746506.43,-0.82,1.20,189.15,0.96,Fwd,6.11
1748746506.43,-0.82,1.55,189.15,0.96,Fwd,6.11
1748746506.44,-0.82,1.55,189.01,0.96,Fwd,6.11
1748746506.44,-0.82,1.55,189.01,0.91,Fwd,6.11
1748746506.44,-0.82,1.55,189.01,0.91,Fwd,6.11
1748746506.44,-0.82,1.55,189.01,0.91,Fwd,6.11
1748746506.44,-0.82,1.55,189.01,0.91,Fwd,6.11
1748746506.54,-0.82,1.55,189.01,0.91,Fwd,6.11
1748746506.54,-0.51,1.55,189.01,0.91,Fwd,6.11
1748746506.54,-0.51,1.84,189.01,0.91,Fwd,6.11
1748746506.54,-0.51,1.84,189.14,0.91,Fwd,6.11
1748746506.55,-0.51,1.84,189.14,0.97,Fwd,6.11
1748746506.55,-0.51,1.84,189.14,0.97,Fwd,6.11
1748746506.55,-0.51,1.84,189.14,0.97,Fwd,6.11
1748746506.55,-0.51,1.84,189.14,0.97,Fwd,6.11
1748746506.64,-0.51,1.84,189.14,0.97,Fwd,6.11
1748746506.65,-0.57,1.84,189.14,0.97,Fwd,6.11
1748746506.65,-0.57,2.09,189.14,0.97,Fwd,6.11
1748746506.65,-0.57,2.09,189.45,0.97,Fwd,6.11
1748746506.65,-0.57,2.09,189.45,1.02,Fwd,6.11
1748746506.65,-0.57,2.09,189.45,1.02,Fwd,6.11
1748746506.66,-0.57,2.09,189.45,1.02,Fwd,6.11
1748746506.66,-0.57,2.09,189.45,1.02,Fwd,6.11
1748746506.75,-0.57,2.09,189.45,1.02,Fwd,6.11
1748746506.75,-0.58,2.09,189.45,1.02,Fwd,6.11
1748746506.75,-0.58,2.42,189.45,1.02,Fwd,6.11
1748746506.76,-0.58,2.42,190.01,1.02,Fwd,6.11
1748746506.76,-0.58,2.42,190.01,1.10,Fwd,6.11
1748746506.76,-0.58,2.42,190.01,1.10,Fwd,6.11
1748746506.76,-0.58,2.42,190.01,1.10,Fwd,6.11
1748746506.76,-0.58,2.42,190.01,1.10,Fwd,6.11
1748746506.85,-0.58,2.42,190.01,1.10,Fwd,6.28
1748746506.89,-0.15,2.42,190.01,1.10,Fwd,6.28
1748746506.89,-0.15,2.12,190.01,1.10,Fwd,6.28
1748746506.89,-0.15,2.12,191.02,1.10,Fwd,6.28
1748746506.89,-0.15,2.12,191.02,1.04,Fwd,6.28
1748746506.90,-0.15,2.12,191.02,1.04,Fwd,6.28
1748746506.90,-0.15,2.12,191.02,1.04,Fwd,6.28
1748746506.90,-0.15,2.12,191.02,1.04,Fwd,6.28
1748746506.96,-0.15,2.12,191.02,1.04,Fwd,6.28
1748746506.97,-0.13,2.12,191.02,1.04,Fwd,6.28
1748746506.97,-0.13,1.75,191.02,1.04,Fwd,6.28
1748746506.97,-0.13,1.75,192.62,1.04,Fwd,6.28
1748746506.97,-0.13,1.75,192.62,1.04,Fwd,6.28
1748746506.98,-0.13,1.75,192.62,1.04,Fwd,6.28
1748746506.98,-0.13,1.75,192.62,1.04,Fwd,6.28
1748746506.98,-0.13,1.75,192.62,1.04,Fwd,6.28
1748746507.03,-0.13,1.75,192.62,1.04,Fwd,6.28
1748746507.03,-0.16,1.75,192.62,1.04,Fwd,6.28
1748746507.03,-0.16,1.09,192.62,1.04,Fwd,6.28
1748746507.03,-0.16,1.09,194.80,1.04,Fwd,6.28
1748746507.04,-0.16,1.09,194.80,0.98,Fwd,6.28
1748746507.04,-0.16,1.09,194.80,0.98,Fwd,6.28
1748746507.06,-0.16,1.09,194.80,0.98,Fwd,6.28
1748746507.06,-0.16,1.09,194.80,0.98,Fwd,6.28
1748746507.13,-0.16,1.09,194.80,0.98,Fwd,6.28
1748746507.14,0.02,1.09,194.80,0.98,Fwd,6.28
1748746507.14,0.02,0.62,194.80,0.98,Fwd,6.28
1748746507.14,0.02,0.62,197.23,0.98,Fwd,6.28
1748746507.14,0.02,0.62,197.23,0.89,Fwd,6.28
1748746507.14,0.02,0.62,197.23,0.89,Fwd,6.28
1748746507.14,0.02,0.62,197.23,0.89,Fwd,6.28
1748746507.14,0.02,0.62,197.23,0.89,Fwd,6.28
1748746507.23,0.02,0.62,197.23,0.89,Fwd,6.28
1748746507.24,-0.60,0.62,197.23,0.89,Fwd,6.28
1748746507.24,-0.60,0.46,197.23,0.89,Fwd,6.28
1748746507.27,-0.60,0.46,199.52,0.89,Fwd,6.28
1748746507.27,-0.60,0.46,199.52,0.99,Fwd,6.28
1748746507.27,-0.60,0.46,199.52,0.99,Fwd,6.28
1748746507.27,-0.60,0.46,199.52,0.99,Fwd,6.28
1748746507.27,-0.60,0.46,199.52,0.99,Fwd,6.28
1748746507.34,-0.60,0.46,199.52,0.99,Fwd,6.28
1748746507.35,-1.04,0.46,199.52,0.99,Fwd,6.28
1748746507.35,-1.04,0.21,199.52,0.99,Fwd,6.28
1748746507.35,-1.04,0.21,201.80,0.99,Fwd,6.28
1748746507.35,-1.04,0.21,201.80,1.13,Fwd,6.28
1748746507.35,-1.04,0.21,201.80,1.13,Fwd,6.28
1748746507.35,-1.04,0.21,201.80,1.13,Fwd,6.28
1748746507.35,-1.04,0.21,201.80,1.13,Fwd,6.28
1748746507.45,-1.04,0.21,201.80,1.13,Fwd,7.05
1748746507.45,-0.76,0.21,201.80,1.13,Fwd,7.05
1748746507.45,-0.76,-0.47,201.80,1.13,Fwd,7.05
1748746507.45,-0.76,-0.47,204.22,1.13,Fwd,7.05
1748746507.45,-0.76,-0.47,204.22,0.85,Fwd,7.05
1748746507.45,-0.76,-0.47,204.22,0.85,Fwd,7.05
1748746507.45,-0.76,-0.47,204.22,0.85,Fwd,7.05
1748746507.46,-0.76,-0.47,204.22,0.85,Fwd,7.05
1748746507.55,-0.76,-0.47,204.22,0.85,Fwd,7.05
1748746507.58,0.27,-0.47,204.22,0.85,Fwd,7.05
1748746507.62,0.27,-1.23,204.22,0.85,Fwd,7.05
1748746507.63,0.27,-1.23,206.73,0.85,Fwd,7.05
1748746507.63,0.27,-1.23,206.73,0.89,Fwd,7.05
1748746507.63,0.27,-1.23,206.73,0.89,Fwd,7.05
1748746507.63,0.27,-1.23,206.73,0.89,Fwd,7.05
1748746507.64,0.27,-1.23,206.73,0.89,Fwd,7.05
1748746507.64,0.27,-1.23,206.73,0.89,Fwd,7.05
1748746507.64,1.53,-1.23,206.73,0.89,Fwd,7.05
1748746507.64,1.53,-2.23,206.73,0.89,Fwd,7.05
1748746507.65,1.53,-2.23,209.14,0.89,Fwd,7.05
1748746507.65,1.53,-2.23,209.14,0.95,Fwd,7.05
1748746507.65,1.53,-2.23,209.14,0.95,Fwd,7.05
1748746507.66,1.53,-2.23,209.14,0.95,Fwd,7.05
1748746507.66,1.53,-2.23,209.14,0.95,Fwd,7.05
1748746507.73,1.53,-2.23,209.14,0.95,Fwd,7.05
1748746507.73,2.37,-2.23,209.14,0.95,Fwd,7.05
1748746507.73,2.37,-3.20,209.14,0.95,Fwd,7.05
1748746507.73,2.37,-3.20,211.24,0.95,Fwd,7.05
1748746507.74,2.37,-3.20,211.24,1.01,Fwd,7.05
1748746507.74,2.37,-3.20,211.24,1.01,Fwd,7.05
1748746507.74,2.37,-3.20,211.24,1.01,Fwd,7.05
1748746507.74,2.37,-3.20,211.24,1.01,Fwd,7.05
1748746507.83,2.37,-3.20,211.24,1.01,Fwd,7.05
1748746507.83,3.04,-3.20,211.24,1.01,Fwd,7.05
1748746507.83,3.04,-4.32,211.24,1.01,Fwd,7.05
1748746507.83,3.04,-4.32,213.02,1.01,Fwd,7.05
1748746507.83,3.04,-4.32,213.02,1.16,Fwd,7.05
1748746507.83,3.04,-4.32,213.02,1.16,Fwd,7.05
1748746507.83,3.04,-4.32,213.02,1.16,Fwd,7.05
1748746507.83,3.04,-4.32,213.02,1.16,Fwd,7.05
1748746507.93,3.04,-4.32,213.02,1.16,Fwd,7.05
1748746507.93,3.77,-4.32,213.02,1.16,Fwd,7.05
1748746507.94,3.77,-4.44,213.02,1.16,Fwd,7.05
1748746507.94,3.77,-4.44,214.51,1.16,Fwd,7.05
1748746507.94,3.77,-4.44,214.51,1.01,Fwd,7.05
1748746507.94,3.77,-4.44,214.51,1.01,Fwd,7.05
1748746507.94,3.77,-4.44,214.51,1.01,Fwd,7.05
1748746507.94,3.77,-4.44,214.51,1.01,Fwd,7.05
1748746508.04,3.77,-4.44,214.51,1.01,Fwd,5.66
1748746508.04,4.34,-4.44,214.51,1.01,Fwd,5.66
1748746508.04,4.34,-4.60,214.51,1.01,Fwd,5.66
1748746508.04,4.34,-4.60,215.47,1.01,Fwd,5.66
1748746508.04,4.34,-4.60,215.47,0.99,Fwd,5.66
1748746508.04,4.34,-4.60,215.47,0.99,Fwd,5.66
1748746508.04,4.34,-4.60,215.47,0.99,Fwd,5.66
1748746508.04,4.34,-4.60,215.47,0.99,Fwd,5.66
1748746508.14,4.34,-4.60,215.47,0.99,Fwd,5.66
1748746508.14,4.71,-4.60,215.47,0.99,Fwd,5.66
1748746508.14,4.71,-4.21,215.47,0.99,Fwd,5.66
1748746508.14,4.71,-4.21,216.01,0.99,Fwd,5.66
1748746508.15,4.71,-4.21,216.01,1.02,Fwd,5.66
1748746508.15,4.71,-4.21,216.01,1.02,Fwd,5.66
1748746508.15,4.71,-4.21,216.01,1.02,Fwd,5.66
1748746508.15,4.71,-4.21,216.01,1.02,Fwd,5.66
1748746508.25,4.71,-4.21,216.01,1.02,Fwd,5.66
1748746508.25,4.15,-4.21,216.01,1.02,Fwd,5.66
1748746508.25,4.15,-4.30,216.01,1.02,Fwd,5.66
1748746508.25,4.15,-4.30,216.34,1.02,Fwd,5.66
1748746508.25,4.15,-4.30,216.34,0.95,Fwd,5.66
1748746508.25,4.15,-4.30,216.34,0.95,Fwd,5.66
1748746508.25,4.15,-4.30,216.34,0.95,Fwd,5.66
1748746508.25,4.15,-4.30,216.34,0.95,Fwd,5.66
1748746508.35,4.15,-4.30,216.34,0.95,Fwd,5.66
1748746508.35,2.98,-4.30,216.34,0.95,Fwd,5.66
1748746508.36,2.98,-4.49,216.34,0.95,Fwd,5.66
1748746508.36,2.98,-4.49,216.35,0.95,Fwd,5.66
1748746508.36,2.98,-4.49,216.35,0.79,Fwd,5.66
1748746508.36,2.98,-4.49,216.35,0.79,Fwd,5.66
1748746508.36,2.98,-4.49,216.35,0.79,Fwd,5.66
1748746508.36,2.98,-4.49,216.35,0.79,Fwd,5.66
1748746508.43,2.98,-4.49,216.35,0.79,Fwd,5.66
1748746508.43,1.93,-4.49,216.35,0.79,Fwd,5.66
1748746508.44,1.93,-3.98,216.35,0.79,Fwd,5.66
1748746508.44,1.93,-3.98,215.94,0.79,Fwd,5.66
1748746508.44,1.93,-3.98,215.94,1.00,Fwd,5.66
1748746508.44,1.93,-3.98,215.94,1.00,Fwd,5.66
1748746508.44,1.93,-3.98,215.94,1.00,Fwd,5.66
1748746508.44,1.93,-3.98,215.94,1.00,Fwd,5.66
1748746508.53,1.93,-3.98,215.94,1.00,Fwd,5.66
1748746508.54,1.18,-3.98,215.94,1.00,Fwd,5.66
1748746508.54,1.18,-3.71,215.94,1.00,Fwd,5.66
1748746508.54,1.18,-3.71,215.05,1.00,Fwd,5.66
1748746508.54,1.18,-3.71,215.05,0.88,Fwd,5.66
1748746508.55,1.18,-3.71,215.05,0.88,Fwd,5.66
1748746508.56,1.18,-3.71,215.05,0.88,Fwd,5.66
1748746508.60,1.18,-3.71,215.05,0.88,Fwd,5.66
1748746508.63,1.18,-3.71,215.05,0.88,Fwd,5.66
1748746508.64,0.59,-3.71,215.05,0.88,Fwd,5.66
1748746508.64,0.59,-3.72,215.05,0.88,Fwd,5.66
1748746508.64,0.59,-3.72,213.63,0.88,Fwd,5.66
1748746508.64,0.59,-3.72,213.63,1.01,Fwd,5.66
1748746508.64,0.59,-3.72,213.63,1.01,Fwd,5.66
1748746508.64,0.59,-3.72,213.63,1.01,Fwd,5.66
1748746508.64,0.59,-3.72,213.63,1.01,Fwd,5.66
1748746508.74,0.59,-3.72,213.63,1.01,Fwd,5.66
1748746508.74,0.31,-3.72,213.63,1.01,Fwd,5.66
1748746508.75,0.31,-3.33,213.63,1.01,Fwd,5.66
1748746508.75,0.31,-3.33,211.64,1.01,Fwd,5.66
1748746508.75,0.31,-3.33,211.64,0.94,Fwd,5.66
1748746508.75,0.31,-3.33,211.64,0.94,Fwd,5.66
1748746508.75,0.31,-3.33,211.64,0.94,Fwd,5.66
1748746508.75,0.31,-3.33,211.64,0.94,Fwd,5.66
1748746508.85,0.31,-3.33,211.64,0.94,Fwd,5.66
1748746508.85,1.08,-3.33,211.64,0.94,Fwd,5.66
1748746508.85,1.08,-2.95,211.64,0.94,Fwd,5.66
1748746508.85,1.08,-2.95,209.46,0.94,Fwd,5.66
1748746508.85,1.08,-2.95,209.46,0.91,Fwd,5.66
1748746508.86,1.08,-2.95,209.46,0.91,Fwd,5.66
1748746508.86,1.08,-2.95,209.46,0.91,Fwd,5.66
1748746508.86,1.08,-2.95,209.46,0.91,Fwd,5.66
1748746508.95,1.08,-2.95,209.46,0.91,Fwd,5.66
1748746508.95,2.66,-2.95,209.46,0.91,Fwd,5.66
1748746508.95,2.66,-3.50,209.46,0.91,Fwd,5.66
1748746508.96,2.66,-3.50,207.78,0.91,Fwd,5.66
1748746508.96,2.66,-3.50,207.78,1.05,Fwd,5.66
1748746508.96,2.66,-3.50,207.78,1.05,Fwd,5.66
1748746508.96,2.66,-3.50,207.78,1.05,Fwd,5.66
1748746508.96,2.66,-3.50,207.78,1.05,Fwd,5.66
1748746509.06,2.66,-3.50,207.78,1.05,Fwd,5.66
1748746509.06,2.82,-3.50,207.78,1.05,Fwd,5.66
1748746509.06,2.82,-4.12,207.78,1.05,Fwd,5.66
1748746509.07,2.82,-4.12,206.70,1.05,Fwd,5.66
1748746509.07,2.82,-4.12,206.70,1.08,Fwd,5.66
1748746509.07,2.82,-4.12,206.70,1.08,Fwd,5.66
1748746509.07,2.82,-4.12,206.70,1.08,Fwd,5.66
1748746509.08,2.82,-4.12,206.70,1.08,Fwd,5.66
1748746509.13,2.82,-4.12,206.70,1.08,Fwd,5.66