1748746805.05,-0.96,0.24,3.44,0.99,Fwd,4.22
1748746805.05,-0.64,0.24,3.44,0.99,Fwd,4.22
1748746805.05,-0.64,-0.16,3.44,0.99,Fwd,4.22
1748746805.05,-0.64,-0.16,1.12,0.99,Fwd,4.22
1748746805.05,-0.64,-0.16,1.12,0.94,Fwd,4.22
1748746805.05,-0.64,-0.16,1.12,0.94,Fwd,4.22
1748746805.05,-0.64,-0.16,1.12,0.94,Fwd,4.22
1748746805.05,-0.64,-0.16,1.12,0.94,Fwd,4.22
1748746805.15,-0.64,-0.16,1.12,0.94,Fwd,4.22
1748746805.15,-0.25,-0.16,1.12,0.94,Fwd,4.22
1748746805.15,-0.25,0.05,1.12,0.94,Fwd,4.22
1748746805.15,-0.25,0.05,359.18,0.94,Fwd,4.22
1748746805.16,-0.25,0.05,359.18,1.04,Fwd,4.22
1748746805.16,-0.25,0.05,359.18,1.04,Fwd,4.22
1748746805.16,-0.25,0.05,359.18,1.04,Fwd,4.22
1748746805.16,-0.25,0.05,359.18,1.04,Fwd,4.22
1748746805.23,-0.25,0.05,359.18,1.04,Fwd,4.22
1748746805.23,0.03,0.05,359.18,1.04,Fwd,4.22
1748746805.23,0.03,0.65,359.18,1.04,Fwd,4.22
1748746805.24,0.03,0.65,357.19,1.04,Fwd,4.22
1748746805.24,0.03,0.65,357.19,0.97,Fwd,4.22
1748746805.24,0.03,0.65,357.19,0.97,Fwd,4.22
1748746805.24,0.03,0.65,357.19,0.97,Fwd,4.22
1748746805.24,0.03,0.65,357.19,0.97,Fwd,4.22
1748746805.33,0.03,0.65,357.19,0.97,Fwd,4.36
1748746805.36,-0.04,0.65,357.19,0.97,Fwd,4.36
1748746805.40,-0.04,1.34,357.19,0.97,Fwd,4.36
1748746805.43,-0.04,1.34,354.70,0.97,Fwd,4.36
1748746805.47,-0.04,1.34,354.70,1.01,Fwd,4.36
1748746805.48,-0.04,1.34,354.70,1.01,Fwd,4.36
1748746805.48,-0.04,1.34,354.70,1.01,Fwd,4.36
1748746805.48,-0.04,1.34,354.70,1.01,Fwd,4.36
1748746805.49,-0.04,1.34,354.70,1.01,Fwd,4.36
1748746805.49,-0.23,1.34,354.70,1.01,Fwd,4.36
1748746805.49,-0.23,2.47,354.70,1.01,Fwd,4.36
1748746805.49,-0.23,2.47,351.93,1.01,Fwd,4.36
1748746805.49,-0.23,2.47,351.93,1.01,Fwd,4.36
1748746805.54,-0.23,2.47,351.93,1.01,Fwd,4.36
1748746805.55,-0.63,2.47,351.93,1.01,Fwd,4.36
1748746805.55,-0.63,3.79,351.93,1.01,Fwd,4.36
1748746805.55,-0.63,3.79,349.14,1.01,Fwd,4.36
1748746805.55,-0.63,3.79,349.14,1.07,Fwd,4.36
1748746805.55,-0.63,3.79,349.14,1.07,Fwd,4.36
1748746805.56,-0.63,3.79,349.14,1.07,Fwd,4.36
1748746805.56,-0.63,3.79,349.14,1.07,Fwd,4.36
1748746805.64,-0.63,3.79,349.14,1.07,Fwd,4.36
1748746805.68,-1.24,3.79,349.14,1.07,Fwd,4.36
1748746805.72,-1.24,4.95,349.14,1.07,Fwd,4.36
1748746805.79,-1.24,4.95,346.56,1.07,Fwd,4.36
1748746805.79,-1.24,4.95,346.56,1.08,Fwd,4.36
1748746805.79,-1.24,4.95,346.56,1.08,Fwd,4.36
1748746805.80,-1.24,4.95,346.56,1.08,Fwd,4.36
1748746805.80,-1.24,4.95,346.56,1.08,Fwd,4.36
1748746805.80,-1.24,4.95,346.56,1.08,Fwd,4.36
1748746805.80,-1.18,4.95,346.56,1.08,Fwd,4.36
1748746805.80,-1.18,5.18,346.56,1.08,Fwd,4.36
1748746805.80,-1.18,5.18,344.86,1.08,Fwd,4.36
1748746805.81,-1.18,5.18,344.86,1.08,Fwd,4.36
1748746805.82,-1.18,5.18,344.86,1.08,Fwd,4.36
1748746805.82,-1.18,5.18,344.86,1.08,Fwd,4.36
1748746805.82,-1.18,5.18,344.86,1.08,Fwd,4.36
1748746805.89,-0.34,5.18,344.86,1.08,Fwd,4.36
1748746805.89,-0.34,4.84,344.86,1.08,Fwd,4.36
1748746805.89,-0.34,4.84,344.45,1.08,Fwd,4.36
1748746805.89,-0.34,4.84,344.45,0.96,Fwd,4.36
1748746805.90,-0.34,4.84,344.45,0.96,Fwd,4.36
1748746805.90,-0.34,4.84,344.45,0.96,Fwd,4.36
1748746805.90,-0.34,4.84,344.45,0.96,Fwd,4.36
1748746805.92,-0.34,4.84,344.45,0.96,Fwd,4.36
1748746805.96,-0.16,4.84,344.45,0.96,Fwd,4.36
1748746805.99,-0.16,4.56,344.45,0.96,Fwd,4.36
1748746806.00,-0.16,4.56,344.80,0.96,Fwd,4.36
1748746806.00,-0.16,4.56,344.80,0.90,Fwd,4.36
1748746806.00,-0.16,4.56,344.80,0.90,Fwd,4.36
1748746806.00,-0.16,4.56,344.80,0.90,Fwd,4.36
1748746806.07,-0.16,4.56,344.80,0.90,Fwd,4.36
1748746806.07,-0.16,4.56,344.80,0.90,Fwd,4.36
1748746806.07,-0.67,4.56,344.80,0.90,Fwd,4.36
1748746806.07,-0.67,3.93,344.80,0.90,Fwd,4.36
1748746806.07,-0.67,3.93,345.74,0.90,Fwd,4.36
1748746806.07,-0.67,3.93,345.74,0.88,Fwd,4.36
1748746806.08,-0.67,3.93,345.74,0.88,Fwd,4.36
1748746806.08,-0.67,3.93,345.74,0.88,Fwd,4.36
1748746806.08,-0.67,3.93,345.74,0.88,Fwd,4.36
1748746806.17,-0.67,3.93,345.74,0.88,Fwd,4.36
1748746806.18,-0.38,3.93,345.74,0.88,Fwd,4.36
1748746806.18,-0.38,2.99,345.74,0.88,Fwd,4.36
1748746806.18,-0.38,2.99,347.34,0.88,Fwd,4.36
1748746806.18,-0.38,2.99,347.34,1.04,Fwd,4.36
1748746806.19,-0.38,2.99,347.34,1.04,Fwd,4.36
1748746806.19,-0.38,2.99,347.34,1.04,Fwd,4.36
1748746806.19,-0.38,2.99,347.34,1.04,Fwd,4.36
1748746806.24,-0.38,2.99,347.34,1.04,Fwd,4.04
1748746806.24,0.35,2.99,347.34,1.04,Fwd,4.04
1748746806.24,0.35,2.21,347.34,1.04,Fwd,4.04
1748746806.24,0.35,2.21,349.46,1.04,Fwd,4.04
1748746806.25,0.35,2.21,349.46,0.95,Fwd,4.04
1748746806.25,0.35,2.21,349.46,0.95,Fwd,4.04
1748746806.25,0.35,2.21,349.46,0.95,Fwd,4.04
1748746806.25,0.35,2.21,349.46,0.95,Fwd,4.04
1748746806.35,0.35,2.21,349.46,0.95,Fwd,4.04
1748746806.38,0.94,2.21,349.46,0.95,Fwd,4.04
1748746806.41,0.94,1.45,349.46,0.95,Fwd,4.04
1748746806.45,0.94,1.45,351.72,0.95,Fwd,4.04
1748746806.46,0.94,1.45,351.72,0.99,Fwd,4.04
1748746806.46,0.94,1.45,351.72,0.99,Fwd,4.04
1748746806.46,0.94,1.45,351.72,0.99,Fwd,4.04
1748746806.46,0.94,1.45,351.72,0.99,Fwd,4.04
1748746806.46,0.94,1.45,351.72,0.99,Fwd,4.04
1748746806.46,1.40,1.45,351.72,0.99,Fwd,4.04
1748746806.46,1.40,1.07,351.72,0.99,Fwd,4.04
1748746806.46,1.40,1.07,353.80,0.99,Fwd,4.04
1748746806.55,1.40,1.07,353.80,0.99,Fwd,4.04
1748746806.60,1.48,1.07,353.80,0.99,Fwd,4.04
1748746806.60,1.48,0.22,353.80,0.99,Fwd,4.04
1748746806.60,1.48,0.22,356.18,0.99,Fwd,4.04
1748746806.60,1.48,0.22,356.18,0.96,Fwd,4.04
1748746806.60,1.48,0.22,356.18,0.96,Fwd,4.04
1748746806.60,1.48,0.22,356.18,0.96,Fwd,4.04
1748746806.61,1.48,0.22,356.18,0.96,Fwd,4.04
1748746806.62,1.48,0.22,356.18,0.96,Fwd,4.04
1748746806.66,1.49,0.22,356.18,0.96,Fwd,4.04
1748746806.70,1.49,-1.22,356.18,0.96,Fwd,4.04
1748746806.70,1.49,-1.22,358.73,0.96,Fwd,4.04
1748746806.70,1.49,-1.22,358.73,1.00,Fwd,4.04
1748746806.71,1.49,-1.22,358.73,1.00,Fwd,4.04
1748746806.71,1.49,-1.22,358.73,1.00,Fwd,4.04
1748746806.71,1.49,-1.22,358.73,1.00,Fwd,4.04
1748746806.73,1.49,-1.22,358.73,1.00,Fwd,4.04
1748746806.73,2.12,-1.22,358.73,1.00,Fwd,4.04
1748746806.73,2.12,-1.06,358.73,1.00,Fwd,4.04
1748746806.73,2.12,-1.06,0.84,1.00,Fwd,4.04
1748746806.73,2.12,-1.06,0.84,0.97,Fwd,4.04
1748746806.74,2.12,-1.06,0.84,0.97,Fwd,4.04
1748746806.74,2.12,-1.06,0.84,0.97,Fwd,4.04
1748746806.74,2.12,-1.06,0.84,0.97,Fwd,4.04
1748746806.84,2.12,-1.06,0.84,0.97,Fwd,4.04
1748746806.84,2.85,-1.06,0.84,0.97,Fwd,4.04
1748746806.84,2.85,-0.39,0.84,0.97,Fwd,4.04
1748746806.85,2.85,-0.39,2.06,0.97,Fwd,4.04
1748746806.85,2.85,-0.39,2.06,0.98,Fwd,4.04
1748746806.85,2.85,-0.39,2.06,0.98,Fwd,4.04
1748746806.85,2.85,-0.39,2.06,0.98,Fwd,4.04
1748746806.85,2.85,-0.39,2.06,0.98,Fwd,4.04
1748746806.94,2.85,-0.39,2.06,0.98,Fwd,4.04
1748746806.94,3.10,-0.39,2.06,0.98,Fwd,4.04
1748746806.94,3.10,0.04,2.06,0.98,Fwd,4.04
1748746806.94,3.10,0.04,2.81,0.98,Fwd,4.04
1748746806.95,3.10,0.04,2.81,0.97,Fwd,4.04
1748746806.95,3.10,0.04,2.81,0.97,Fwd,4.04
1748746806.97,3.10,0.04,2.81,0.97,Fwd,4.04
1748746807.01,3.10,0.04,2.81,0.97,Fwd,4.04
1748746807.05,3.10,0.04,2.81,0.97,Fwd,4.04
1748746807.05,2.75,0.04,2.81,0.97,Fwd,4.04
1748746807.05,2.75,-0.62,2.81,0.97,Fwd,4.04
1748746807.05,2.75,-0.62,4.01,0.97,Fwd,4.04
1748746807.05,2.75,-0.62,4.01,1.08,Fwd,4.04
1748746807.05,2.75,-0.62,4.01,1.08,Fwd,4.04
1748746807.06,2.75,-0.62,4.01,1.08,Fwd,4.04
1748746807.06,2.75,-0.62,4.01,1.08,Fwd,4.04
1748746807.15,2.75,-0.62,4.01,1.08,Fwd,4.04
1748746807.16,3.21,-0.62,4.01,1.08,Fwd,4.04
1748746807.16,3.21,-0.71,4.01,1.08,Fwd,4.04
1748746807.16,3.21,-0.71,4.95,1.08,Fwd,4.04
1748746807.17,3.21,-0.71,4.95,0.95,Fwd,4.04
1748746807.17,3.21,-0.71,4.95,0.95,Fwd,4.04
1748746807.17,3.21,-0.71,4.95,0.95,Fwd,4.04
1748746807.17,3.21,-0.71,4.95,0.95,Fwd,4.04
1748746807.26,3.21,-0.71,4.95,0.95,Fwd,4.04
1748746807.26,4.02,-0.71,4.95,0.95,Fwd,4.04
1748746807.26,4.02,-0.59,4.95,0.95,Fwd,4.04
1748746807.26,4.02,-0.59,5.80,0.95,Fwd,4.04
1748746807.27,4.02,-0.59,5.80,0.97,Fwd,4.04
1748746807.27,4.02,-0.59,5.80,0.97,Fwd,4.04
1748746807.27,4.02,-0.59,5.80,0.97,Fwd,4.04
1748746807.29,4.02,-0.59,5.80,0.97,Fwd,4.04
1748746807.32,4.02,-0.59,5.80,0.97,Fwd,4.04
1748746807.32,3.84,-0.59,5.80,0.97,Fwd,4.04
1748746807.32,3.84,-0.36,5.80,0.97,Fwd,4.04
1748746807.32,3.84,-0.36,6.28,0.97,Fwd,4.04
1748746807.36,3.84,-0.36,6.28,0.95,Fwd,4.04
1748746807.36,3.84,-0.36,6.28,0.95,Fwd,4.04
1748746807.36,3.84,-0.36,6.28,0.95,Fwd,4.04
1748746807.36,3.84,-0.36,6.28,0.95,Fwd,4.04
1748746807.43,3.84,-0.36,6.28,0.95,Fwd,4.04
1748746807.43,3.62,-0.36,6.28,0.95,Fwd,4.04
1748746807.44,3.62,-0.37,6.28,0.95,Fwd,4.04
1748746807.44,3.62,-0.37,6.70,0.95,Fwd,4.04
1748746807.44,3.62,-0.37,6.70,0.99,Fwd,4.04
1748746807.45,3.62,-0.37,6.70,0.99,Fwd,4.04
1748746807.46,3.62,-0.37,6.70,0.99,Fwd,4.04
1748746807.46,3.62,-0.37,6.70,0.99,Fwd,4.04
1748746807.54,3.62,-0.37,6.70,0.99,Fwd,4.04
1748746807.54,3.27,-0.37,6.70,0.99,Fwd,4.04
1748746807.54,3.27,-0.55,6.70,0.99,Fwd,4.04
1748746807.54,3.27,-0.55,7.16,0.99,Fwd,4.04
1748746807.55,3.27,-0.55,7.16,0.96,Fwd,4.04
1748746807.55,3.27,-0.55,7.16,0.96,Fwd,4.04
1748746807.55,3.27,-0.55,7.16,0.96,Fwd,4.04
1748746807.55,3.27,-0.55,7.16,0.96,Fwd,4.04
1748746807.68,3.27,-0.55,7.16,0.96,Fwd,4.04
1748746807.71,2.96,-0.55,7.16,0.96,Fwd,4.04
1748746807.71,2.96,-0.66,7.16,0.96,Fwd,4.04
1748746807.72,2.96,-0.66,7.58,0.96,Fwd,4.04
1748746807.72,2.96,-0.66,7.58,0.99,Fwd,4.04
1748746807.72,2.96,-0.66,7.58,0.99,Fwd,4.04
1748746807.72,2.96,-0.66,7.58,0.99,Fwd,4.04
1748746807.72,2.96,-0.66,7.58,0.99,Fwd,4.04
1748746807.74,2.96,-0.66,7.58,0.99,Fwd,4.04
1748746807.78,2.70,-0.66,7.58,0.99,Fwd,4.04
1748746807.78,2.70,-0.69,7.58,0.99,Fwd,4.04
1748746807.79,2.70,-0.69,8.08,0.99,Fwd,4.04
1748746807.79,2.70,-0.69,8.08,0.98,Fwd,4.04
1748746807.79,2.70,-0.69,8.08,0.98,Fwd,4.04
1748746807.79,2.70,-0.69,8.08,0.98,Fwd,4.04
1748746807.80,2.70,-0.69,8.08,0.98,Fwd,4.04
1748746807.85,2.70,-0.69,8.08,0.98,Fwd,4.04
1748746807.88,2.42,-0.69,8.08,0.98,Fwd,4.04
1748746807.88,2.42,-0.90,8.08,0.98,Fwd,4.04
1748746807.89,2.42,-0.90,8.55,0.98,Fwd,4.04
1748746807.95,2.42,-0.90,8.55,0.99,Fwd,4.04
1748746807.95,2.42,-0.90,8.55,0.99,Fwd,4.04
1748746807.95,2.42,-0.90,8.55,0.99,Fwd,4.04
1748746807.95,2.42,-0.90,8.55,0.99,Fwd,4.04
1748746807.95,2.42,-0.90,8.55,0.99,Fwd,4.04
1748746807.95,2.20,-0.90,8.55,0.99,Fwd,4.04
1748746807.96,2.20,-0.78,8.55,0.99,Fwd,4.04
1748746807.96,2.20,-0.78,9.10,0.99,Fwd,4.04
1748746807.96,2.20,-0.78,9.10,0.99,Fwd,4.04
1748746807.96,2.20,-0.78,9.10,0.99,Fwd,4.04
1748746807.96,2.20,-0.78,9.10,0.99,Fwd,4.04
1748746807.96,2.20,-0.78,9.10,0.99,Fwd,4.04
1748746808.02,2.20,-0.78,9.10,0.99,Fwd,4.04
1748746808.02,1.98,-0.78,9.10,0.99,Fwd,4.04
1748746808.02,1.98,-0.97,9.10,0.99,Fwd,4.04
1748746808.02,1.98,-0.97,9.71,0.99,Fwd,4.04
1748746808.03,1.98,-0.97,9.71,0.97,Fwd,4.04
1748746808.03,1.98,-0.97,9.71,0.97,Fwd,4.04
1748746808.03,1.98,-0.97,9.71,0.97,Fwd,4.04
1748746808.03,1.98,-0.97,9.71,0.97,Fwd,4.04
1748746808.20,1.98,-0.97,9.71,0.97,Fwd,4.04
1748746808.20,1.76,-0.97,9.71,0.97,Fwd,4.04
1748746808.20,1.76,-1.20,9.71,0.97,Fwd,4.04
1748746808.20,1.76,-1.20,10.34,0.97,Fwd,4.04
1748746808.20,1.76,-1.20,10.34,0.96,Fwd,4.04
1748746808.20,1.76,-1.20,10.34,0.96,Fwd,4.04
1748746808.20,1.76,-1.20,10.34,0.96,Fwd,4.04
1748746808.20,1.76,-1.20,10.34,0.96,Fwd,4.04
1748746808.23,1.76,-1.20,10.34,0.96,Fwd,4.04
1748746808.23,1.59,-1.20,10.34,0.96,Fwd,4.04
1748746808.23,1.59,-0.60,10.34,0.96,Fwd,4.04
1748746808.23,1.59,-0.60,10.95,0.96,Fwd,4.04
1748746808.24,1.59,-0.60,10.95,1.01,Fwd,4.04
1748746808.24,1.59,-0.60,10.95,1.01,Fwd,4.04
1748746808.24,1.59,-0.60,10.95,1.01,Fwd,4.04
1748746808.24,1.59,-0.60,10.95,1.01,Fwd,4.04
1748746808.34,1.59,-0.60,10.95,1.01,Fwd,4.04
1748746808.34,1.53,-0.60,10.95,1.01,Fwd,4.04
1748746808.34,1.53,-0.25,10.95,1.01,Fwd,4.04
1748746808.34,1.53,-0.25,11.48,1.01,Fwd,4.04
1748746808.34,1.53,-0.25,11.48,0.98,Fwd,4.04
1748746808.34,1.53,-0.25,11.48,0.98,Fwd,4.04
1748746808.34,1.53,-0.25,11.48,0.98,Fwd,4.04
1748746808.34,1.53,-0.25,11.48,0.98,Fwd,4.04
1748746808.45,1.53,-0.25,11.48,0.98,Fwd,4.04
1748746808.45,1.51,-0.25,11.48,0.98,Fwd,4.04
1748746808.45,1.51,-0.98,11.48,0.98,Fwd,4.04
1748746808.48,1.51,-0.98,11.95,0.98,Fwd,4.04
1748746808.48,1.51,-0.98,11.95,0.96,Fwd,4.04
1748746808.48,1.51,-0.98,11.95,0.96,Fwd,4.04
1748746808.49,1.51,-0.98,11.95,0.96,Fwd,4.04
1748746808.49,1.51,-0.98,11.95,0.96,Fwd,4.04
1748746808.55,1.51,-0.98,11.95,0.96,Fwd,4.04
1748746808.56,1.24,-0.98,11.95,0.96,Fwd,4.04
1748746808.56,1.24,-2.10,11.95,0.96,Fwd,4.04
1748746808.56,1.24,-2.10,12.46,0.96,Fwd,4.04
1748746808.56,1.24,-2.10,12.46,0.98,Fwd,4.04
1748746808.57,1.24,-2.10,12.46,0.98,Fwd,4.04
1748746808.57,1.24,-2.10,12.46,0.98,Fwd,4.04
1748746808.57,1.24,-2.10,12.46,0.98,Fwd,4.04
1748746808.65,1.24,-2.10,12.46,0.98,Fwd,4.04
1748746808.65,1.29,-2.10,12.46,0.98,Fwd,4.04
1748746808.66,1.29,-2.19,12.46,0.98,Fwd,4.04
1748746808.66,1.29,-2.19,13.10,0.98,Fwd,4.04
1748746808.66,1.29,-2.19,13.10,0.87,Fwd,4.04
1748746808.66,1.29,-2.19,13.10,0.87,Fwd,4.04
1748746808.66,1.29,-2.19,13.10,0.87,Fwd,4.04
1748746808.66,1.29,-2.19,13.10,0.87,Fwd,4.04
1748746808.73,1.29,-2.19,13.10,0.87,Fwd,4.04
1748746808.76,0.81,-2.19,13.10,0.87,Fwd,4.04
1748746808.76,0.81,-4.37,13.10,0.87,Fwd,4.04
1748746808.77,0.81,-4.37,13.39,0.87,Fwd,4.04
1748746808.77,0.81,-4.37,13.39,1.05,Fwd,4.04
1748746808.77,0.81,-4.37,13.39,1.05,Fwd,4.04
1748746808.77,0.81,-4.37,13.39,1.05,Fwd,4.04
1748746808.77,0.81,-4.37,13.39,1.05,Fwd,4.04
1748746808.83,0.81,-4.37,13.39,1.05,Fwd,4.04
1748746808.84,1.04,-4.37,13.39,1.05,Fwd,4.04
1748746808.84,1.04,-4.33,13.39,1.05,Fwd,4.04
1748746808.84,1.04,-4.33,12.82,1.05,Fwd,4.04
1748746808.84,1.04,-4.33,12.82,0.99,Fwd,4.04
1748746808.85,1.04,-4.33,12.82,0.99,Fwd,4.04
1748746808.85,1.04,-4.33,12.82,0.99,Fwd,4.04
1748746808.85,1.04,-4.33,12.82,0.99,Fwd,4.04
1748746808.93,1.04,-4.33,12.82,0.99,Fwd,4.04
1748746808.97,-1.31,-4.33,12.82,0.99,Fwd,4.04
1748746809.01,-1.31,-5.38,12.82,0.99,Fwd,4.04
1748746809.01,-1.31,-5.38,11.37,0.99,Fwd,4.04
1748746809.01,-1.31,-5.38,11.37,1.63,Fwd,4.04
1748746809.01,-1.31,-5.38,11.37,1.63,Fwd,4.04
1748746809.01,-1.31,-5.38,11.37,1.63,Fwd,4.04
1748746809.01,-1.31,-5.38,11.37,1.63,Fwd,4.04
1748746809.04,-1.31,-5.38,11.37,1.63,Fwd,4.04
1748746809.04,-14.35,-5.38,11.37,1.63,Fwd,4.04
1748746809.04,-14.35,3.69,11.37,1.63,Fwd,4.04
1748746809.04,-14.35,3.69,0.08,1.63,Fwd,4.04
1748746809.04,-14.35,3.69,0.08,0.77,Fwd,4.04
1748746809.05,-14.35,3.69,0.08,0.77,Fwd,4.04
1748746809.05,-14.35,3.69,0.08,0.77,Fwd,4.04
1748746809.05,-14.35,3.69,0.08,0.77,Fwd,4.04
1748746809.15,-14.35,3.69,0.08,0.77,Fwd,4.04
1748746809.15,-29.11,3.69,0.08,0.77,Fwd,4.04
1748746809.15,-29.11,12.21,0.08,0.77,Fwd,4.04
1748746809.15,-29.11,12.21,327.90,0.77,Fwd,4.04
1748746809.15,-29.11,12.21,327.90,0.52,Fwd,4.04
1748746809.16,-29.11,12.21,327.90,0.52,Fwd,4.04
1748746809.16,-29.11,12.21,327.90,0.52,Fwd,4.04
1748746809.16,-29.11,12.21,327.90,0.52,Fwd,4.04
1748746809.16,-29.11,12.21,327.90,0.52,Fwd,4.04
1748746809.25,-29.11,12.21,327.90,0.52,Fwd,0.00
1748746809.25,-32.70,12.21,327.90,0.52,Fwd,0.00
1748746809.26,-32.70,10.56,327.90,0.52,Fwd,0.00
1748746809.26,-32.70,10.56,292.12,0.52,Fwd,0.00
1748746809.28,-32.70,10.56,292.12,-0.51,Fwd,0.00
1748746809.32,-32.70,10.56,292.12,-0.51,Fwd,0.00
1748746809.32,-32.70,10.56,292.12,-0.51,Fwd,0.00
1748746809.33,-32.70,10.56,292.12,-0.51,Fwd,0.00
1748746809.35,-32.70,10.56,292.12,-0.51,Fwd,0.00
1748746809.36,-33.76,10.56,292.12,-0.51,Fwd,0.00
1748746809.36,-33.76,8.38,292.12,-0.51,Fwd,0.00
1748746809.36,-33.76,8.38,261.12,-0.51,Fwd,0.00
1748746809.36,-33.76,8.38,261.12,-0.84,Fwd,0.00
1748746809.36,-33.76,8.38,261.12,-0.84,Fwd,0.00
1748746809.36,-33.76,8.38,261.12,-0.84,Fwd,0.00
1748746809.36,-33.76,8.38,261.12,-0.84,Fwd,0.00
1748746809.42,-33.76,8.38,261.12,-0.84,Fwd,0.00
1748746809.43,-35.79,8.38,261.12,-0.84,Fwd,0.00
1748746809.43,-35.79,5.63,261.12,-0.84,Fwd,0.00
1748746809.43,-35.79,5.63,235.54,-0.84,Fwd,0.00
1748746809.44,-35.79,5.63,235.54,0.07,Fwd,0.00
1748746809.44,-35.79,5.63,235.54,0.07,Fwd,0.00
1748746809.44,-35.79,5.63,235.54,0.07,Fwd,0.00
1748746809.44,-35.79,5.63,235.54,0.07,Fwd,0.00
1748746809.53,-35.79,5.63,235.54,0.07,Fwd,0.00
1748746809.53,-23.21,5.63,235.54,0.07,Fwd,0.00
1748746809.54,-23.21,2.22,235.54,0.07,Fwd,0.00
1748746809.54,-23.21,2.22,218.14,0.07,Fwd,0.00
1748746809.55,-23.21,2.22,218.14,-0.06,Fwd,0.00
1748746809.55,-23.21,2.22,218.14,-0.06,Fwd,0.00
1748746809.55,-23.21,2.22,218.14,-0.06,Fwd,0.00
1748746809.55,-23.21,2.22,218.14,-0.06,Fwd,0.00
1748746809.55,-23.21,2.22,218.14,-0.06,Fwd,0.00
1748746809.63,-23.21,2.22,218.14,-0.06,Fwd,0.00
1748746809.67,-16.85,2.22,218.14,-0.06,Fwd,0.00
1748746809.67,-16.85,2.47,218.14,-0.06,Fwd,0.00
1748746809.67,-16.85,2.47,213.12,-0.06,Fwd,0.00
1748746809.67,-16.85,2.47,213.12,1.07,Fwd,0.00
1748746809.67,-16.85,2.47,213.12,1.07,Fwd,0.00
1748746809.67,-16.85,2.47,213.12,1.07,Fwd,0.00
1748746809.67,-16.85,2.47,213.12,1.07,Fwd,0.00
1748746809.74,-16.85,2.47,213.12,1.07,Fwd,0.00
1748746809.74,-17.64,2.47,213.12,1.07,Fwd,0.00
1748746809.74,-17.64,0.31,213.12,1.07,Fwd,0.00
1748746809.74,-17.64,0.31,213.45,1.07,Fwd,0.00
1748746809.74,-17.64,0.31,213.45,1.34,Fwd,0.00
1748746809.74,-17.64,0.31,213.45,1.34,Fwd,0.00
1748746809.74,-17.64,0.31,213.45,1.34,Fwd,0.00
1748746809.74,-17.64,0.31,213.45,1.34,Fwd,0.00
1748746809.84,-17.64,0.31,213.45,1.34,Fwd,0.00
1748746809.84,-17.32,0.31,213.45,1.34,Fwd,0.00
1748746809.84,-17.32,2.30,213.45,1.34,Fwd,0.00
1748746809.84,-17.32,2.30,210.64,1.34,Fwd,0.00
1748746809.85,-17.32,2.30,210.64,0.99,Fwd,0.00
1748746809.85,-17.32,2.30,210.64,0.99,Fwd,0.00
1748746809.85,-17.32,2.30,210.64,0.99,Fwd,0.00
1748746809.85,-17.32,2.30,210.64,0.99,Fwd,0.00
1748746809.95,-17.32,2.30,210.64,0.99,Fwd,0.00
1748746809.95,-16.35,2.30,210.64,0.99,Fwd,0.00
1748746809.95,-16.35,4.84,210.64,0.99,Fwd,0.00
1748746809.98,-16.35,4.84,205.62,0.99,Fwd,0.00
1748746809.98,-16.35,4.84,205.62,0.88,Fwd,0.00
1748746809.98,-16.35,4.84,205.62,0.88,Fwd,0.00
1748746810.01,-16.35,4.84,205.62,0.88,Fwd,0.00
1748746810.02,-16.35,4.84,205.62,0.88,Fwd,0.00
1748746810.05,-16.35,4.84,205.62,0.88,Fwd,4.85
1748746810.05,-15.58,4.84,205.62,0.88,Fwd,4.85
1748746810.05,-15.58,6.73,205.62,0.88,Fwd,4.85
1748746810.05,-15.58,6.73,199.24,0.88,Fwd,4.85
1748746810.05,-15.58,6.73,199.24,1.02,Fwd,4.85
1748746810.05,-15.58,6.73,199.24,1.02,Fwd,4.85
1748746810.08,-15.58,6.73,199.24,1.02,Fwd,4.85
1748746810.09,-15.58,6.73,199.24,1.02,Fwd,4.85
1748746810.16,-15.58,6.73,199.24,1.02,Fwd,4.85
1748746810.19,-13.39,6.73,199.24,1.02,Fwd,4.85
1748746810.22,-13.39,7.41,199.24,1.02,Fwd,4.85
1748746810.26,-13.39,7.41,195.57,1.02,Fwd,4.85
1748746810.30,-13.39,7.41,195.57,0.98,Fwd,4.85
1748746810.30,-13.39,7.41,195.57,0.98,Fwd,4.85
1748746810.30,-13.39,7.41,195.57,0.98,Fwd,4.85
1748746810.30,-13.39,7.41,195.57,0.98,Fwd,4.85
1748746810.30,-13.39,7.41,195.57,0.98,Fwd,4.85
1748746810.30,-11.24,7.41,195.57,0.98,Fwd,4.85
1748746810.33,-11.24,5.24,195.57,0.98,Fwd,4.85
1748746810.33,-11.24,5.24,195.69,0.98,Fwd,4.85
1748746810.33,-11.24,5.24,195.69,0.91,Fwd,4.85
1748746810.33,-11.24,5.24,195.69,0.91,Fwd,4.85
1748746810.34,-11.24,5.24,195.69,0.91,Fwd,4.85
1748746810.34,-11.24,5.24,195.69,0.91,Fwd,4.85
1748746810.37,-11.24,5.24,195.69,0.91,Fwd,4.85
1748746810.41,-9.80,5.24,195.69,0.91,Fwd,4.85
1748746810.44,-9.80,1.60,195.69,0.91,Fwd,4.85
1748746810.47,-9.80,1.60,197.83,0.91,Fwd,4.85
1748746810.51,-9.80,1.60,197.83,1.06,Fwd,4.85
1748746810.55,-9.80,1.60,197.83,1.06,Fwd,4.85
1748746810.58,-9.80,1.60,197.83,1.06,Fwd,4.85
1748746810.61,-9.80,1.60,197.83,1.06,Fwd,4.85
1748746810.65,-9.80,1.60,197.83,1.06,Fwd,4.85
1748746810.69,-8.67,1.60,197.83,1.06,Fwd,4.85
1748746810.72,-8.67,-2.44,197.83,1.06,Fwd,4.85
1748746810.75,-8.67,-2.44,201.17,1.06,Fwd,4.85
1748746810.79,-8.67,-2.44,201.17,0.90,Fwd,4.85
1748746810.83,-8.67,-2.44,201.17,0.90,Fwd,4.85
1748746810.83,-8.67,-2.44,201.17,0.90,Fwd,4.85
1748746810.83,-8.67,-2.44,201.17,0.90,Fwd,4.85
1748746810.83,-8.67,-2.44,201.17,0.90,Fwd,4.85
1748746810.83,-8.18,-2.44,201.17,0.90,Fwd,4.85
1748746810.84,-8.18,-3.99,201.17,0.90,Fwd,4.85
1748746810.86,-8.18,-3.99,205.23,0.90,Fwd,4.85
1748746810.89,-8.18,-3.99,205.23,0.82,Fwd,4.85
1748746810.90,-8.18,-3.99,205.23,0.82,Fwd,4.85
1748746810.90,-8.18,-3.99,205.23,0.82,Fwd,4.85
1748746810.90,-8.18,-3.99,205.23,0.82,Fwd,4.85
1748746810.91,-8.18,-3.99,205.23,0.82,Fwd,4.85
1748746810.91,-7.63,-3.99,205.23,0.82,Fwd,4.85
1748746810.93,-7.63,-4.68,205.23,0.82,Fwd,4.85
1748746810.96,-7.63,-4.68,210.18,0.82,Fwd,4.85
1748746811.00,-7.63,-4.68,210.18,0.98,Fwd,4.85
1748746811.03,-7.63,-4.68,210.18,0.98,Fwd,4.85
1748746811.06,-7.63,-4.68,210.18,0.98,Fwd,4.85
1748746811.07,-7.63,-4.68,210.18,0.98,Fwd,4.85
1748746811.07,-7.63,-4.68,210.18,0.98,Fwd,4.85
1748746811.07,-6.97,-4.68,210.18,0.98,Fwd,4.85
1748746811.07,-6.97,-5.19,210.18,0.98,Fwd,4.85
1748746811.07,-6.97,-5.19,215.62,0.98,Fwd,4.85
1748746811.07,-6.97,-5.19,215.62,0.99,Fwd,4.85
1748746811.07,-6.97,-5.19,215.62,0.99,Fwd,4.85
1748746811.07,-6.97,-5.19,215.62,0.99,Fwd,4.85
1748746811.07,-6.97,-5.19,215.62,0.99,Fwd,4.85
1748746811.07,-6.97,-5.19,215.62,0.99,Fwd,4.85
1748746811.08,-5.28,-5.19,215.62,0.99,Fwd,4.85
1748746811.08,-5.28,-3.47,215.62,0.99,Fwd,4.85
1748746811.08,-5.28,-3.47,223.56,0.99,Fwd,4.85
1748746811.08,-5.28,-3.47,223.56,0.98,Fwd,4.85
1748746811.08,-5.28,-3.47,223.56,0.98,Fwd,4.85
1748746811.08,-5.28,-3.47,223.56,0.95,Fwd,4.85
1748746811.08,-5.28,-3.47,223.56,0.95,Fwd,4.85
1748746811.08,-5.28,-3.47,223.56,0.95,Fwd,4.85
1748746811.08,-5.28,-3.47,223.56,0.95,Fwd,4.85
1748746811.08,-5.28,-3.47,223.56,0.95,Fwd,4.85
1748746811.08,-4.42,-3.47,223.56,0.95,Fwd,4.85
1748746811.08,-4.42,-1.92,223.56,0.95,Fwd,4.85
1748746811.08,-4.42,-1.92,225.68,0.95,Fwd,4.85
1748746811.08,-4.42,-1.92,225.68,0.95,Fwd,4.85
1748746811.08,-4.42,-1.92,225.68,0.95,Fwd,4.85
1748746811.08,-4.42,-1.92,225.68,0.95,Fwd,4.85
1748746811.10,-4.42,-1.92,225.68,0.95,Fwd,4.85
1748746811.13,-4.42,-1.92,225.68,0.95,Fwd,3.28
1748746811.17,-3.85,-1.92,225.68,0.95,Fwd,3.28
1748746811.17,-3.85,-0.49,225.68,0.95,Fwd,3.28
1748746811.17,-3.85,-0.49,226.67,0.95,Fwd,3.28
1748746811.20,-3.85,-0.49,226.67,0.98,Fwd,3.28
1748746811.24,-3.85,-0.49,226.67,0.98,Fwd,3.28
1748746811.27,-3.85,-0.49,226.67,0.98,Fwd,3.28
1748746811.31,-3.85,-0.49,226.67,0.98,Fwd,3.28
1748746811.34,-3.85,-0.49,226.67,0.98,Fwd,3.28
1748746811.38,-2.79,-0.49,226.67,0.98,Fwd,3.28
1748746811.38,-2.79,0.17,226.67,0.98,Fwd,3.28
1748746811.38,-2.79,0.17,227.10,0.98,Fwd,3.28
1748746811.38,-2.79,0.17,227.10,0.98,Fwd,3.28
1748746811.38,-2.79,0.17,227.10,0.98,Fwd,3.28
1748746811.38,-2.79,0.17,227.10,0.98,Fwd,3.28
1748746811.38,-2.79,0.17,227.10,0.98,Fwd,3.28
1748746811.38,-2.79,0.17,227.10,0.98,Fwd,3.28
1748746811.38,-1.27,0.17,227.10,0.98,Fwd,3.28
1748746811.39,-1.27,-0.24,227.10,0.98,Fwd,3.28
1748746811.41,-1.27,-0.24,227.46,0.98,Fwd,3.28
1748746811.41,-1.27,-0.24,227.46,1.00,Fwd,3.28
1748746811.41,-1.27,-0.24,227.46,1.00,Fwd,3.28
1748746811.41,-1.27,-0.24,227.46,1.00,Fwd,3.28
1748746811.42,-1.27,-0.24,227.46,1.00,Fwd,3.28
1748746811.42,-1.27,-0.24,227.46,1.00,Fwd,3.28
1748746811.42,-0.63,-0.24,227.46,1.00,Fwd,3.28
1748746811.42,-0.63,-1.07,227.46,1.00,Fwd,3.28
1748746811.45,-0.63,-1.07,227.98,1.00,Fwd,3.28
1748746811.45,-0.63,-1.07,227.98,0.99,Fwd,3.28
1748746811.45,-0.63,-1.07,227.98,0.99,Fwd,3.28
1748746811.45,-0.63,-1.07,227.98,0.99,Fwd,3.28
1748746811.45,-0.63,-1.07,227.98,0.99,Fwd,3.28
1748746811.52,-0.63,-1.07,227.98,0.99,Fwd,3.28
1748746811.55,-1.44,-1.07,227.98,0.99,Fwd,3.28
1748746811.55,-1.44,-1.15,227.98,0.99,Fwd,3.28
1748746811.56,-1.44,-1.15,228.38,0.99,Fwd,3.28
1748746811.56,-1.44,-1.15,228.38,0.98,Fwd,3.28
1748746811.56,-1.44,-1.15,228.38,0.98,Fwd,3.28
1748746811.56,-1.44,-1.15,228.38,0.98,Fwd,3.28
1748746811.56,-1.44,-1.15,228.38,0.98,Fwd,3.28
1748746811.62,-1.44,-1.15,228.38,0.98,Fwd,3.28
1748746811.66,-2.00,-1.15,228.38,0.98,Fwd,3.28
1748746811.66,-2.00,-0.85,228.38,0.98,Fwd,3.28
1748746811.66,-2.00,-0.85,228.72,0.98,Fwd,3.28
1748746811.66,-2.00,-0.85,228.72,0.97,Fwd,3.28
1748746811.66,-2.00,-0.85,228.72,0.97,Fwd,3.28
1748746811.66,-2.00,-0.85,228.72,0.97,Fwd,3.28
1748746811.67,-2.00,-0.85,228.72,0.97,Fwd,3.28
1748746811.73,-2.00,-0.85,228.72,0.97,Fwd,3.28
1748746811.73,-3.55,-0.85,228.72,0.97,Fwd,3.28
1748746811.73,-3.55,-1.17,228.72,0.97,Fwd,3.28
1748746811.73,-3.55,-1.17,229.14,0.97,Fwd,3.28
1748746811.73,-3.55,-1.17,229.14,1.00,Fwd,3.28
1748746811.73,-3.55,-1.17,229.14,1.00,Fwd,3.28
1748746811.73,-3.55,-1.17,229.14,1.00,Fwd,3.28
1748746811.73,-3.55,-1.17,229.14,1.00,Fwd,3.28
1748746811.83,-3.55,-1.17,229.14,1.00,Fwd,3.28
1748746811.83,-5.08,-1.17,229.14,1.00,Fwd,3.28
1748746811.83,-5.08,-1.96,229.14,1.00,Fwd,3.28
1748746811.84,-5.08,-1.96,229.68,1.00,Fwd,3.28
1748746811.84,-5.08,-1.96,229.68,0.99,Fwd,3.28
1748746811.84,-5.08,-1.96,229.68,0.99,Fwd,3.28
1748746811.84,-5.08,-1.96,229.68,0.99,Fwd,3.28
1748746811.84,-5.08,-1.96,229.68,0.99,Fwd,3.28
1748746811.94,-5.08,-1.96,229.68,0.99,Fwd,3.28
1748746811.97,-6.25,-1.96,229.68,0.99,Fwd,3.28
1748746812.01,-6.25,-3.44,229.68,0.99,Fwd,3.28
1748746812.01,-6.25,-3.44,230.42,0.99,Fwd,3.28
1748746812.01,-6.25,-3.44,230.42,0.98,Fwd,3.28
1748746812.01,-6.25,-3.44,230.42,0.98,Fwd,3.28
1748746812.01,-6.25,-3.44,230.42,0.98,Fwd,3.28
1748746812.01,-6.25,-3.44,230.42,0.98,Fwd,3.28
1748746812.04,-6.25,-3.44,230.42,0.98,Fwd,3.28
1748746812.04,-7.44,-3.44,230.42,0.98,Fwd,3.28
1748746812.05,-7.44,-4.81,230.42,0.98,Fwd,3.28
1748746812.05,-7.44,-4.81,231.24,0.98,Fwd,3.28
1748746812.05,-7.44,-4.81,231.24,0.99,Fwd,3.28
1748746812.05,-7.44,-4.81,231.24,0.99,Fwd,3.28
1748746812.05,-7.44,-4.81,231.24,0.99,Fwd,3.28
1748746812.05,-7.44,-4.81,231.24,0.99,Fwd,3.28
1748746812.15,-7.44,-4.81,231.24,0.99,Fwd,3.28
1748746812.19,-8.38,-4.81,231.24,0.99,Fwd,3.28
1748746812.22,-8.38,-5.26,231.24,0.99,Fwd,3.28
1748746812.22,-8.38,-5.26,231.59,0.99,Fwd,3.28
1748746812.22,-8.38,-5.26,231.59,0.97,Fwd,3.28
1748746812.22,-8.38,-5.26,231.59,0.97,Fwd,3.28
1748746812.22,-8.38,-5.26,231.59,0.97,Fwd,3.28
1748746812.22,-8.38,-5.26,231.59,0.97,Fwd,3.28
1748746812.23,-8.38,-5.26,231.59,0.97,Fwd,3.28
1748746812.23,-8.02,-5.26,231.59,0.97,Fwd,3.28
1748746812.23,-8.02,-4.89,231.59,0.97,Fwd,3.28
1748746812.23,-8.02,-4.89,231.03,0.97,Fwd,3.28
1748746812.25,-8.02,-4.89,231.03,0.84,Fwd,3.28
1748746812.29,-8.02,-4.89,231.03,0.84,Fwd,3.28
1748746812.29,-8.02,-4.89,231.03,0.84,Fwd,3.28
1748746812.29,-8.02,-4.89,231.03,0.84,Fwd,3.28
1748746812.32,-8.02,-4.89,231.03,0.84,Fwd,3.19
1748746812.32,-6.44,-4.89,231.03,0.84,Fwd,3.19
1748746812.33,-6.44,-4.42,231.03,0.84,Fwd,3.19
1748746812.33,-6.44,-4.42,229.73,0.84,Fwd,3.19
1748746812.33,-6.44,-4.42,229.73,0.96,Fwd,3.19
1748746812.33,-6.44,-4.42,229.73,0.96,Fwd,3.19
1748746812.33,-6.44,-4.42,229.73,0.96,Fwd,3.19
1748746812.33,-6.44,-4.42,229.73,0.96,Fwd,3.19
1748746812.43,-6.44,-4.42,229.73,0.96,Fwd,3.19
1748746812.43,-5.53,-4.42,229.73,0.96,Fwd,3.19
1748746812.43,-5.53,-3.47,229.73,0.96,Fwd,3.19
1748746812.43,-5.53,-3.47,227.90,0.96,Fwd,3.19
1748746812.43,-5.53,-3.47,227.90,1.05,Fwd,3.19
1748746812.43,-5.53,-3.47,227.90,1.05,Fwd,3.19
1748746812.43,-5.53,-3.47,227.90,1.05,Fwd,3.19
1748746812.44,-5.53,-3.47,227.90,1.05,Fwd,3.19
1748746812.57,-5.53,-3.47,227.90,1.05,Fwd,3.19
1748746812.57,-4.56,-3.47,227.90,1.05,Fwd,3.19
1748746812.57,-4.56,-2.71,227.90,1.05,Fwd,3.19
1748746812.57,-4.56,-2.71,226.06,1.05,Fwd,3.19
1748746812.57,-4.56,-2.71,226.06,1.01,Fwd,3.19
1748746812.57,-4.56,-2.71,226.06,1.01,Fwd,3.19
1748746812.58,-4.56,-2.71,226.06,1.01,Fwd,3.19
1748746812.58,-4.56,-2.71,226.06,1.01,Fwd,3.19
1748746812.64,-4.56,-2.71,226.06,1.01,Fwd,3.19
1748746812.68,-4.72,-2.71,226.06,1.01,Fwd,3.19
1748746812.71,-4.72,-2.53,226.06,1.01,Fwd,3.19
1748746812.71,-4.72,-2.53,224.08,1.01,Fwd,3.19
1748746812.71,-4.72,-2.53,224.08,0.93,Fwd,3.19
1748746812.71,-4.72,-2.53,224.08,0.93,Fwd,3.19
1748746812.71,-4.72,-2.53,224.08,0.93,Fwd,3.19
1748746812.71,-4.72,-2.53,224.08,0.93,Fwd,3.19
1748746812.74,-4.72,-2.53,224.08,0.93,Fwd,3.19
1748746812.74,-4.42,-2.53,224.08,0.93,Fwd,3.19
1748746812.75,-4.42,-1.72,224.08,0.93,Fwd,3.19
1748746812.75,-4.42,-1.72,221.82,0.93,Fwd,3.19
1748746812.75,-4.42,-1.72,221.82,1.08,Fwd,3.19
1748746812.75,-4.42,-1.72,221.82,1.08,Fwd,3.19
1748746812.75,-4.42,-1.72,221.82,1.08,Fwd,3.19
1748746812.75,-4.42,-1.72,221.82,1.08,Fwd,3.19
1748746812.85,-4.42,-1.72,221.82,1.08,Fwd,3.19
1748746812.88,-4.09,-1.72,221.82,1.08,Fwd,3.19
1748746812.88,-4.09,-1.36,221.82,1.08,Fwd,3.19
1748746812.89,-4.09,-1.36,219.44,1.08,Fwd,3.19
1748746812.89,-4.09,-1.36,219.44,0.96,Fwd,3.19
1748746812.89,-4.09,-1.36,219.44,0.96,Fwd,3.19
1748746812.89,-4.09,-1.36,219.44,0.96,Fwd,3.19
1748746812.89,-4.09,-1.36,219.44,0.96,Fwd,3.19
1748746812.92,-4.09,-1.36,219.44,0.96,Fwd,5.57
1748746812.92,-3.26,-1.36,219.44,0.96,Fwd,5.57
1748746812.92,-3.26,-1.76,219.44,0.96,Fwd,5.57
1748746812.92,-3.26,-1.76,217.40,0.96,Fwd,5.57
1748746812.92,-3.26,-1.76,217.40,1.01,Fwd,5.57
1748746812.92,-3.26,-1.76,217.40,1.01,Fwd,5.57
1748746812.92,-3.26,-1.76,217.40,1.01,Fwd,5.57
1748746812.93,-3.26,-1.76,217.40,1.01,Fwd,5.57
1748746813.03,-3.26,-1.76,217.40,1.01,Fwd,5.57
1748746813.03,-3.31,-1.76,217.40,1.01,Fwd,5.57
1748746813.03,-3.31,-2.12,217.40,1.01,Fwd,5.57
1748746813.03,-3.31,-2.12,215.96,1.01,Fwd,5.57
1748746813.03,-3.31,-2.12,215.96,0.86,Fwd,5.57
1748746813.03,-3.31,-2.12,215.96,0.86,Fwd,5.57
1748746813.03,-3.31,-2.12,215.96,0.86,Fwd,5.57
1748746813.03,-3.31,-2.12,215.96,0.86,Fwd,5.57
1748746813.13,-3.31,-2.12,215.96,0.86,Fwd,5.57
1748746813.17,-2.88,-2.12,215.96,0.86,Fwd,5.57
1748746813.17,-2.88,-1.71,215.96,0.86,Fwd,5.57
1748746813.17,-2.88,-1.71,214.25,0.86,Fwd,5.57
1748746813.17,-2.88,-1.71,214.25,0.96,Fwd,5.57
1748746813.17,-2.88,-1.71,214.25,0.96,Fwd,5.57
1748746813.17,-2.88,-1.71,214.25,0.96,Fwd,5.57
1748746813.17,-2.88,-1.71,214.25,0.96,Fwd,5.57
1748746813.24,-2.88,-1.71,214.25,0.96,Fwd,5.57
1748746813.24,-1.50,-1.71,214.25,0.96,Fwd,5.57
1748746813.24,-1.50,-1.34,214.25,0.96,Fwd,5.57
1748746813.24,-1.50,-1.34,212.94,0.96,Fwd,5.57
1748746813.24,-1.50,-1.34,212.94,0.93,Fwd,5.57
1748746813.24,-1.50,-1.34,212.94,0.93,Fwd,5.57
1748746813.24,-1.50,-1.34,212.94,0.93,Fwd,5.57
1748746813.24,-1.50,-1.34,212.94,0.93,Fwd,5.57
1748746813.34,-1.50,-1.34,212.94,0.93,Fwd,5.57
1748746813.38,-1.91,-1.34,212.94,0.93,Fwd,5.57
1748746813.38,-1.91,-1.55,212.94,0.93,Fwd,5.57
1748746813.38,-1.91,-1.55,212.34,0.93,Fwd,5.57
1748746813.38,-1.91,-1.55,212.34,0.91,Fwd,5.57
1748746813.38,-1.91,-1.55,212.34,0.91,Fwd,5.57
1748746813.38,-1.91,-1.55,212.34,0.91,Fwd,5.57
1748746813.39,-1.91,-1.55,212.34,0.91,Fwd,5.57
1748746813.45,-1.91,-1.55,212.34,0.91,Fwd,5.57
1748746813.46,-1.94,-1.55,212.34,0.91,Fwd,5.57
1748746813.46,-1.94,-1.40,212.34,0.91,Fwd,5.57
1748746813.46,-1.94,-1.40,211.65,0.91,Fwd,5.57
1748746813.46,-1.94,-1.40,211.65,0.97,Fwd,5.57
1748746813.47,-1.94,-1.40,211.65,0.97,Fwd,5.57
1748746813.47,-1.94,-1.40,211.65,0.97,Fwd,5.57
1748746813.47,-1.94,-1.40,211.65,0.97,Fwd,5.57
1748746813.56,-1.94,-1.40,211.65,0.97,Fwd,5.57
1748746813.56,-0.59,-1.40,211.65,0.97,Fwd,5.57
1748746813.56,-0.59,-0.64,211.65,0.97,Fwd,5.57
1748746813.57,-0.59,-0.64,210.93,0.97,Fwd,5.57
1748746813.57,-0.59,-0.64,210.93,1.01,Fwd,5.57
1748746813.57,-0.59,-0.64,210.93,1.01,Fwd,5.57
1748746813.57,-0.59,-0.64,210.93,1.01,Fwd,5.57
1748746813.58,-0.59,-0.64,210.93,1.01,Fwd,5.57
1748746813.62,-0.59,-0.64,210.93,1.01,Fwd,5.57
1748746813.66,-0.27,-0.64,210.93,1.01,Fwd,5.57
1748746813.67,-0.27,1.05,210.93,1.01,Fwd,5.57
1748746813.67,-0.27,1.05,210.28,1.01,Fwd,5.57
1748746813.67,-0.27,1.05,210.28,0.93,Fwd,5.57
1748746813.68,-0.27,1.05,210.28,0.93,Fwd,5.57
1748746813.68,-0.27,1.05,210.28,0.93,Fwd,5.57
1748746813.68,-0.27,1.05,210.28,0.93,Fwd,5.57
1748746813.73,-0.27,1.05,210.28,0.93,Fwd,5.57
1748746813.74,-1.98,1.05,210.28,0.93,Fwd,5.57
1748746813.74,-1.98,2.63,210.28,0.93,Fwd,5.57
1748746813.74,-1.98,2.63,209.25,0.93,Fwd,5.57
1748746813.74,-1.98,2.63,209.25,0.90,Fwd,5.57
1748746813.75,-1.98,2.63,209.25,0.90,Fwd,5.57
1748746813.75,-1.98,2.63,209.25,0.90,Fwd,5.57
1748746813.75,-1.98,2.63,209.25,0.90,Fwd,5.57
1748746813.83,-1.98,2.63,209.25,0.90,Fwd,4.37
1748746813.84,-3.81,2.63,209.25,0.90,Fwd,4.37
1748746813.84,-3.81,4.13,209.25,0.90,Fwd,4.37
1748746813.84,-3.81,4.13,207.67,0.90,Fwd,4.37
1748746813.84,-3.81,4.13,207.67,1.12,Fwd,4.37
1748746813.84,-3.81,4.13,207.67,1.12,Fwd,4.37
1748746813.84,-3.81,4.13,207.67,1.12,Fwd,4.37
1748746813.85,-3.81,4.13,207.67,1.12,Fwd,4.37
1748746813.94,-3.81,4.13,207.67,1.12,Fwd,4.37
1748746813.97,-5.37,4.13,207.67,1.12,Fwd,4.37
1748746814.01,-5.37,5.41,207.67,1.12,Fwd,4.37
1748746814.01,-5.37,5.41,205.96,1.12,Fwd,4.37
1748746814.01,-5.37,5.41,205.96,0.91,Fwd,4.37
1748746814.01,-5.37,5.41,205.96,0.91,Fwd,4.37
1748746814.01,-5.37,5.41,205.96,0.91,Fwd,4.37
1748746814.08,-5.37,5.41,205.96,0.91,Fwd,4.37
1748746814.08,-5.37,5.41,205.96,0.91,Fwd,4.37
1748746814.08,-5.55,5.41,205.96,0.91,Fwd,4.37
1748746814.08,-5.55,5.65,205.96,0.91,Fwd,4.37
1748746814.08,-5.55,5.65,205.09,0.91,Fwd,4.37
1748746814.09,-5.55,5.65,205.09,0.85,Fwd,4.37
1748746814.09,-5.55,5.65,205.09,0.85,Fwd,4.37
1748746814.09,-5.55,5.65,205.09,0.85,Fwd,4.37
1748746814.09,-5.55,5.65,205.09,0.85,Fwd,4.37
1748746814.15,-5.55,5.65,205.09,0.85,Fwd,4.37
1748746814.15,-4.76,5.65,205.09,0.85,Fwd,4.37
1748746814.15,-4.76,5.25,205.09,0.85,Fwd,4.37
1748746814.15,-4.76,5.25,205.09,0.85,Fwd,4.37
1748746814.16,-4.76,5.25,205.09,0.90,Fwd,4.37
1748746814.16,-4.76,5.25,205.09,0.90,Fwd,4.37
1748746814.16,-4.76,5.25,205.09,0.90,Fwd,4.37
1748746814.16,-4.76,5.25,205.09,0.90,Fwd,4.37
1748746814.26,-4.76,5.25,205.09,0.90,Fwd,4.37
1748746814.26,-3.81,5.25,205.09,0.90,Fwd,4.37
1748746814.26,-3.81,5.25,205.09,0.90,Fwd,4.37
1748746814.26,-3.81,5.25,205.52,0.90,Fwd,4.37
1748746814.26,-3.81,5.25,205.52,1.23,Fwd,4.37
1748746814.26,-3.81,5.25,205.52,1.23,Fwd,4.37
1748746814.26,-3.81,5.25,205.52,1.23,Fwd,4.37
1748746814.27,-3.81,5.25,205.52,1.23,Fwd,4.37
1748746814.32,-3.81,5.25,205.52,1.23,Fwd,7.39
1748746814.32,-3.28,5.25,205.52,1.23,Fwd,7.39
1748746814.32,-3.28,5.45,205.52,1.23,Fwd,7.39
1748746814.32,-3.28,5.45,206.10,1.23,Fwd,7.39
1748746814.32,-3.28,5.45,206.10,0.83,Fwd,7.39
1748746814.32,-3.28,5.45,206.10,0.83,Fwd,7.39
1748746814.35,-3.28,5.45,206.10,0.83,Fwd,7.39
1748746814.36,-3.28,5.45,206.10,0.83,Fwd,7.39
1748746814.43,-3.28,5.45,206.10,0.83,Fwd,7.39
1748746814.43,-2.91,5.45,206.10,0.83,Fwd,7.39
1748746814.43,-2.91,6.00,206.10,0.83,Fwd,7.39
1748746814.43,-2.91,6.00,207.05,0.83,Fwd,7.39
1748746814.43,-2.91,6.00,207.05,0.98,Fwd,7.39
1748746814.43,-2.91,6.00,207.05,0.98,Fwd,7.39
1748746814.43,-2.91,6.00,207.05,0.98,Fwd,7.39
1748746814.43,-2.91,6.00,207.05,0.98,Fwd,7.39
1748746814.53,-2.91,6.00,207.05,0.98,Fwd,7.39
1748746814.53,-2.18,6.00,207.05,0.98,Fwd,7.39
1748746814.53,-2.18,6.25,207.05,0.98,Fwd,7.39
1748746814.53,-2.18,6.25,208.79,0.98,Fwd,7.39
1748746814.53,-2.18,6.25,208.79,0.92,Fwd,7.39
1748746814.53,-2.18,6.25,208.79,0.92,Fwd,7.39
1748746814.53,-2.18,6.25,208.79,0.92,Fwd,7.39
1748746814.53,-2.18,6.25,208.79,0.92,Fwd,7.39
1748746814.64,-2.18,6.25,208.79,0.92,Fwd,7.39
1748746814.64,-1.49,6.25,208.79,0.92,Fwd,7.39
1748746814.64,-1.49,6.05,208.79,0.92,Fwd,7.39
1748746814.64,-1.49,6.05,211.34,0.92,Fwd,7.39
1748746814.64,-1.49,6.05,211.34,1.17,Fwd,7.39
1748746814.64,-1.49,6.05,211.34,1.17,Fwd,7.39
1748746814.64,-1.49,6.05,211.34,1.17,Fwd,7.39
1748746814.64,-1.49,6.05,211.34,1.17,Fwd,7.39
1748746814.74,-1.49,6.05,211.34,1.17,Fwd,7.39
1748746814.74,-0.59,6.05,211.34,1.17,Fwd,7.39
1748746814.74,-0.59,5.87,211.34,1.17,Fwd,7.39
1748746814.74,-0.59,5.87,214.20,1.17,Fwd,7.39
1748746814.74,-0.59,5.87,214.20,0.90,Fwd,7.39
1748746814.74,-0.59,5.87,214.20,0.90,Fwd,7.39
1748746814.74,-0.59,5.87,214.20,0.90,Fwd,7.39
1748746814.74,-0.59,5.87,214.20,0.90,Fwd,7.39
1748746814.84,-0.59,5.87,214.20,0.90,Fwd,7.32
1748746814.84,0.24,5.87,214.20,0.90,Fwd,7.32
1748746814.85,0.24,5.72,214.20,0.90,Fwd,7.32
1748746814.85,0.24,5.72,217.12,0.90,Fwd,7.32
1748746814.85,0.24,5.72,217.12,0.94,Fwd,7.32
1748746814.85,0.24,5.72,217.12,0.94,Fwd,7.32
1748746814.88,0.24,5.72,217.12,0.94,Fwd,7.32
1748746814.88,0.24,5.72,217.12,0.94,Fwd,7.32
1748746814.95,0.24,5.72,217.12,0.94,Fwd,7.32
1748746814.95,0.33,5.72,217.12,0.94,Fwd,7.32
1748746814.95,0.33,5.73,217.12,0.94,Fwd,7.32
1748746814.95,0.33,5.73,220.17,0.94,Fwd,7.32
1748746814.95,0.33,5.73,220.17,1.04,Fwd,7.32
1748746814.95,0.33,5.73,220.17,1.04,Fwd,7.32
1748746814.95,0.33,5.73,220.17,1.04,Fwd,7.32
1748746814.95,0.33,5.73,220.17,1.04,Fwd,7.32