1748746221.85,-1.25,-2.89,317.22,0.91,Fwd,1.36
1748746221.88,-0.91,-2.89,317.22,0.91,Fwd,1.36
1748746221.88,-0.91,-2.61,317.22,0.91,Fwd,1.36
1748746221.89,-0.91,-2.61,317.84,0.91,Fwd,1.36
1748746221.89,-0.91,-2.61,317.84,0.94,Fwd,1.36
1748746221.89,-0.91,-2.61,317.84,0.94,Fwd,1.36
1748746221.89,-0.91,-2.61,317.84,0.94,Fwd,1.36
1748746221.89,-0.91,-2.61,317.84,0.94,Fwd,1.36
1748746221.96,-0.91,-2.61,317.84,0.94,Fwd,1.36
1748746221.96,-1.40,-2.61,317.84,0.94,Fwd,1.36
1748746221.96,-1.40,-4.48,317.84,0.94,Fwd,1.36
1748746221.96,-1.40,-4.48,318.75,0.94,Fwd,1.36
1748746221.97,-1.40,-4.48,318.75,0.96,Fwd,1.36
1748746221.97,-1.40,-4.48,318.75,0.96,Fwd,1.36
1748746221.97,-1.40,-4.48,318.75,0.96,Fwd,1.36
1748746221.97,-1.40,-4.48,318.75,0.96,Fwd,1.36
1748746222.06,-1.40,-4.48,318.75,0.96,Fwd,1.36
1748746222.06,-1.29,-4.48,318.75,0.96,Fwd,1.36
1748746222.07,-1.29,-3.59,318.75,0.96,Fwd,1.36
1748746222.07,-1.29,-3.59,319.25,0.96,Fwd,1.36
1748746222.07,-1.29,-3.59,319.25,0.95,Fwd,1.36
1748746222.07,-1.29,-3.59,319.25,0.95,Fwd,1.36
1748746222.07,-1.29,-3.59,319.25,0.95,Fwd,1.36
1748746222.07,-1.29,-3.59,319.25,0.95,Fwd,1.36
1748746222.16,-1.29,-3.59,319.25,0.95,Fwd,1.36
1748746222.17,-1.25,-3.59,319.25,0.95,Fwd,1.36
1748746222.17,-1.25,-2.06,319.25,0.95,Fwd,1.36
1748746222.17,-1.25,-2.06,319.49,0.95,Fwd,1.36
1748746222.17,-1.25,-2.06,319.49,1.00,Fwd,1.36
1748746222.17,-1.25,-2.06,319.49,1.00,Fwd,1.36
1748746222.17,-1.25,-2.06,319.49,1.00,Fwd,1.36
1748746222.18,-1.25,-2.06,319.49,1.00,Fwd,1.36
1748746222.23,-1.25,-2.06,319.49,1.00,Fwd,1.36
1748746222.23,-0.91,-2.06,319.49,1.00,Fwd,1.36
1748746222.23,-0.91,-2.09,319.49,1.00,Fwd,1.36
1748746222.24,-0.91,-2.09,319.59,1.00,Fwd,1.36
1748746222.24,-0.91,-2.09,319.59,0.99,Fwd,1.36
1748746222.24,-0.91,-2.09,319.59,0.99,Fwd,1.36
1748746222.24,-0.91,-2.09,319.59,0.99,Fwd,1.36
1748746222.24,-0.91,-2.09,319.59,0.99,Fwd,1.36
1748746222.34,-0.91,-2.09,319.59,0.99,Fwd,1.36
1748746222.37,-0.27,-2.09,319.59,0.99,Fwd,1.36
1748746222.41,-0.27,-0.92,319.59,0.99,Fwd,1.36
1748746222.44,-0.27,-0.92,319.36,0.99,Fwd,1.36
1748746222.48,-0.27,-0.92,319.36,1.00,Fwd,1.36
1748746222.52,-0.27,-0.92,319.36,1.00,Fwd,1.36
1748746222.52,-0.27,-0.92,319.36,1.00,Fwd,1.36
1748746222.52,-0.27,-0.92,319.36,1.00,Fwd,1.36
1748746222.52,-0.27,-0.92,319.36,1.00,Fwd,1.36
1748746222.52,-1.05,-0.92,319.36,1.00,Fwd,1.36
1748746222.52,-1.05,-0.50,319.36,1.00,Fwd,1.36
1748746222.53,-1.05,-0.50,318.61,1.00,Fwd,1.36
1748746222.53,-1.05,-0.50,318.61,0.98,Fwd,1.36
1748746222.53,-1.05,-0.50,318.61,0.98,Fwd,1.36
1748746222.54,-1.05,-0.50,318.61,0.98,Fwd,1.36
1748746222.58,-1.66,-0.50,318.61,0.98,Fwd,1.36
1748746222.58,-1.66,1.17,318.61,0.98,Fwd,1.36
1748746222.59,-1.66,1.17,316.94,0.98,Fwd,1.36
1748746222.59,-1.66,1.17,316.94,1.00,Fwd,1.36
1748746222.59,-1.66,1.17,316.94,1.00,Fwd,1.36
1748746222.59,-1.66,1.17,316.94,1.00,Fwd,1.36
1748746222.59,-1.66,1.17,316.94,1.00,Fwd,1.36
1748746222.66,-1.66,1.17,316.94,1.00,Fwd,1.36
1748746222.66,-1.20,1.17,316.94,1.00,Fwd,1.36
1748746222.66,-1.20,1.86,316.94,1.00,Fwd,1.36
1748746222.66,-1.20,1.86,315.91,1.00,Fwd,1.36
1748746222.67,-1.20,1.86,315.91,0.97,Fwd,1.36
1748746222.67,-1.20,1.86,315.91,0.97,Fwd,1.36
1748746222.67,-1.20,1.86,315.91,0.97,Fwd,1.36
1748746222.67,-1.20,1.86,315.91,0.97,Fwd,1.36
1748746222.76,-1.20,1.86,315.91,0.97,Fwd,1.36
1748746222.76,-0.27,1.86,315.91,0.97,Fwd,1.36
1748746222.76,-0.27,1.68,315.91,0.97,Fwd,1.36
1748746222.76,-0.27,1.68,316.53,0.97,Fwd,1.36
1748746222.76,-0.27,1.68,316.53,1.05,Fwd,1.36
1748746222.76,-0.27,1.68,316.53,1.05,Fwd,1.36
1748746222.77,-0.27,1.68,316.53,1.05,Fwd,1.36
1748746222.77,-0.27,1.68,316.53,1.05,Fwd,1.36
1748746222.83,-0.27,1.68,316.53,1.05,Fwd,1.36
1748746222.86,-0.81,1.68,316.53,1.05,Fwd,1.36
1748746222.86,-0.81,-0.63,316.53,1.05,Fwd,1.36
1748746222.86,-0.81,-0.63,317.70,1.05,Fwd,1.36
1748746222.86,-0.81,-0.63,317.70,0.95,Fwd,1.36
1748746222.86,-0.81,-0.63,317.70,0.95,Fwd,1.36
1748746222.87,-0.81,-0.63,317.70,0.95,Fwd,1.36
1748746222.87,-0.81,-0.63,317.70,0.95,Fwd,1.36
1748746222.93,-0.81,-0.63,317.70,0.95,Fwd,1.36
1748746222.93,-0.72,-0.63,317.70,0.95,Fwd,1.36
1748746222.93,-0.72,-1.45,317.70,0.95,Fwd,1.36
1748746222.96,-0.72,-1.45,318.57,0.95,Fwd,1.36
1748746223.00,-0.72,-1.45,318.57,1.26,Fwd,1.36
1748746223.04,-0.72,-1.45,318.57,1.26,Fwd,1.36
1748746223.07,-0.72,-1.45,318.57,1.26,Fwd,1.36
1748746223.11,-0.72,-1.45,318.57,1.26,Fwd,1.36
1748746223.14,-0.72,-1.45,318.57,1.26,Fwd,1.36
1748746223.18,-0.57,-1.45,318.57,1.26,Fwd,1.36
1748746223.22,-0.57,-0.46,318.57,1.26,Fwd,1.36
1748746223.22,-0.57,-0.46,319.21,1.26,Fwd,1.36
1748746223.22,-0.57,-0.46,319.21,0.93,Fwd,1.36
1748746223.22,-0.57,-0.46,319.21,0.93,Fwd,1.36
1748746223.22,-0.57,-0.46,319.21,0.93,Fwd,1.36
1748746223.23,-0.57,-0.46,319.21,0.93,Fwd,1.36
1748746223.23,-0.57,-0.46,319.21,0.93,Fwd,1.36
1748746223.23,-0.33,-0.46,319.21,0.93,Fwd,1.36
1748746223.23,-0.33,-1.34,319.21,0.93,Fwd,1.36
1748746223.23,-0.33,-1.34,319.92,0.93,Fwd,1.36
1748746223.23,-0.33,-1.34,319.92,0.93,Fwd,1.36
1748746223.24,-0.33,-1.34,319.92,0.93,Fwd,1.36
1748746223.24,-0.33,-1.34,319.92,0.93,Fwd,1.36
1748746223.24,-0.33,-1.34,319.92,0.93,Fwd,1.36
1748746223.24,-1.10,-1.34,319.92,0.93,Fwd,1.36
1748746223.25,-1.10,-1.98,319.92,0.93,Fwd,1.36
1748746223.25,-1.10,-1.98,320.42,0.93,Fwd,1.36
1748746223.25,-1.10,-1.98,320.42,0.94,Fwd,1.36
1748746223.25,-1.10,-1.98,320.42,0.94,Fwd,1.36
1748746223.25,-1.10,-1.98,320.42,0.94,Fwd,1.36
1748746223.25,-1.10,-1.98,320.42,0.94,Fwd,1.36
1748746223.35,-1.10,-1.98,320.42,0.94,Fwd,1.36
1748746223.42,-2.01,-1.98,320.42,0.94,Fwd,1.36
1748746223.45,-2.01,-0.93,320.42,0.94,Fwd,1.36
1748746223.49,-2.01,-0.93,320.76,0.94,Fwd,1.36
1748746223.49,-2.01,-0.93,320.76,0.99,Fwd,1.36
1748746223.50,-2.01,-0.93,320.76,0.99,Fwd,1.36
1748746223.50,-2.01,-0.93,320.76,0.99,Fwd,1.36
1748746223.50,-2.01,-0.93,320.76,0.99,Fwd,1.36
1748746223.50,-2.01,-0.93,320.76,0.99,Fwd,2.05
1748746223.50,-1.64,-0.93,320.76,0.99,Fwd,2.05
1748746223.51,-1.64,0.34,320.76,0.99,Fwd,2.05
1748746223.51,-1.64,0.34,320.98,0.99,Fwd,2.05
1748746223.51,-1.64,0.34,320.98,0.93,Fwd,2.05
1748746223.51,-1.64,0.34,320.98,0.93,Fwd,2.05
1748746223.51,-1.64,0.34,320.98,0.93,Fwd,2.05
1748746223.59,-1.64,0.34,320.98,0.93,Fwd,2.05
1748746223.59,0.40,0.34,320.98,0.93,Fwd,2.05
1748746223.59,0.40,0.51,320.98,0.93,Fwd,2.05
1748746223.60,0.40,0.51,321.32,0.93,Fwd,2.05
1748746223.60,0.40,0.51,321.32,1.05,Fwd,2.05
1748746223.60,0.40,0.51,321.32,1.05,Fwd,2.05
1748746223.60,0.40,0.51,321.32,1.05,Fwd,2.05
1748746223.60,0.40,0.51,321.32,1.05,Fwd,2.05
1748746223.66,0.40,0.51,321.32,1.05,Fwd,2.05
1748746223.66,1.12,0.51,321.32,1.05,Fwd,2.05
1748746223.66,1.12,1.10,321.32,1.05,Fwd,2.05
1748746223.66,1.12,1.10,321.91,1.05,Fwd,2.05
1748746223.67,1.12,1.10,321.91,1.00,Fwd,2.05
1748746223.67,1.12,1.10,321.91,1.00,Fwd,2.05
1748746223.67,1.12,1.10,321.91,1.00,Fwd,2.05
1748746223.67,1.12,1.10,321.91,1.00,Fwd,2.05
1748746223.73,1.12,1.10,321.91,1.00,Fwd,2.05
1748746223.74,1.16,1.10,321.91,1.00,Fwd,2.05
1748746223.74,1.16,1.91,321.91,1.00,Fwd,2.05
1748746223.74,1.16,1.91,322.45,1.00,Fwd,2.05
1748746223.74,1.16,1.91,322.45,1.03,Fwd,2.05
1748746223.74,1.16,1.91,322.45,1.03,Fwd,2.05
1748746223.74,1.16,1.91,322.45,1.03,Fwd,2.05
1748746223.74,1.16,1.91,322.45,1.03,Fwd,2.05
1748746223.84,1.16,1.91,322.45,1.03,Fwd,2.05
1748746223.84,1.62,1.91,322.45,1.03,Fwd,2.05
1748746223.84,1.62,1.11,322.45,1.03,Fwd,2.05
1748746223.84,1.62,1.11,322.32,1.03,Fwd,2.05
1748746223.84,1.62,1.11,322.32,0.55,Fwd,2.05
1748746223.84,1.62,1.11,322.32,0.55,Fwd,2.05
1748746223.85,1.62,1.11,322.32,0.55,Fwd,2.05
1748746223.85,1.62,1.11,322.32,0.55,Fwd,2.05
1748746223.94,1.62,1.11,322.32,0.55,Fwd,2.05
1748746223.98,0.71,1.11,322.32,0.55,Fwd,2.05
1748746224.01,0.71,1.41,322.32,0.55,Fwd,2.05
1748746224.05,0.71,1.41,322.50,0.55,Fwd,2.05
1748746224.05,0.71,1.41,322.50,1.06,Fwd,2.05
1748746224.05,0.71,1.41,322.50,1.06,Fwd,2.05
1748746224.05,0.71,1.41,322.50,1.06,Fwd,2.05
1748746224.05,0.71,1.41,322.50,1.06,Fwd,2.05
1748746224.06,0.71,1.41,322.50,1.06,Fwd,2.05
1748746224.06,0.76,1.41,322.50,1.06,Fwd,2.05
1748746224.08,0.76,3.00,322.50,1.06,Fwd,2.05
1748746224.08,0.76,3.00,323.42,1.06,Fwd,2.05
1748746224.09,0.76,3.00,323.42,1.02,Fwd,2.05
1748746224.09,0.76,3.00,323.42,1.02,Fwd,2.05
1748746224.09,0.76,3.00,323.42,1.02,Fwd,2.05
1748746224.09,0.76,3.00,323.42,1.02,Fwd,2.05
1748746224.15,0.76,3.00,323.42,1.02,Fwd,2.05
1748746224.19,0.55,3.00,323.42,1.02,Fwd,2.05
1748746224.19,0.55,4.25,323.42,1.02,Fwd,2.05
1748746224.19,0.55,4.25,324.19,1.02,Fwd,2.05
1748746224.19,0.55,4.25,324.19,0.96,Fwd,2.05
1748746224.19,0.55,4.25,324.19,0.96,Fwd,2.05
1748746224.20,0.55,4.25,324.19,0.96,Fwd,2.05
1748746224.20,0.55,4.25,324.19,0.96,Fwd,2.05
1748746224.22,0.55,4.25,324.19,0.96,Fwd,2.05
1748746224.26,0.78,4.25,324.19,0.96,Fwd,2.05
1748746224.26,0.78,5.57,324.19,0.96,Fwd,2.05
1748746224.26,0.78,5.57,324.70,0.96,Fwd,2.05
1748746224.26,0.78,5.57,324.70,0.97,Fwd,2.05
1748746224.30,0.78,5.57,324.70,0.97,Fwd,2.05
1748746224.30,0.78,5.57,324.70,0.97,Fwd,2.05
1748746224.30,0.78,5.57,324.70,0.97,Fwd,2.05
1748746224.33,0.78,5.57,324.70,0.97,Fwd,2.05
1748746224.33,1.11,5.57,324.70,0.97,Fwd,2.05
1748746224.33,1.11,5.64,324.70,0.97,Fwd,2.05
1748746224.33,1.11,5.64,325.08,0.97,Fwd,2.05
1748746224.33,1.11,5.64,325.08,0.99,Fwd,2.05
1748746224.34,1.11,5.64,325.08,0.99,Fwd,2.05
1748746224.34,1.11,5.64,325.08,0.99,Fwd,2.05
1748746224.34,1.11,5.64,325.08,0.99,Fwd,2.05
1748746224.43,1.11,5.64,325.08,0.99,Fwd,2.05
1748746224.44,-3.39,5.64,325.08,0.99,Fwd,2.05
1748746224.44,-3.39,5.08,325.08,0.99,Fwd,2.05
1748746224.44,-3.39,5.08,327.67,0.99,Fwd,2.05
1748746224.44,-3.39,5.08,327.67,1.17,Fwd,2.05
1748746224.44,-3.39,5.08,327.67,1.17,Fwd,2.05
1748746224.44,-3.39,5.08,327.67,1.17,Fwd,2.05
1748746224.44,-3.39,5.08,327.67,1.17,Fwd,2.05
1748746224.54,-3.39,5.08,327.67,1.17,Fwd,2.05
1748746224.54,-16.85,5.08,327.67,1.17,Fwd,2.05
1748746224.54,-16.85,17.04,327.67,1.17,Fwd,2.05
1748746224.54,-16.85,17.04,317.89,1.17,Fwd,2.05
1748746224.54,-16.85,17.04,317.89,1.21,Fwd,2.05
1748746224.54,-16.85,17.04,317.89,1.21,Fwd,2.05
1748746224.55,-16.85,17.04,317.89,1.21,Fwd,2.05
1748746224.57,-16.85,17.04,317.89,1.21,Fwd,2.05
1748746224.65,-16.85,17.04,317.89,1.21,Fwd,2.05
1748746224.65,-34.56,17.04,317.89,1.21,Fwd,2.05
1748746224.65,-34.56,19.94,317.89,1.21,Fwd,2.05
1748746224.65,-34.56,19.94,282.27,1.21,Fwd,2.05
1748746224.66,-34.56,19.94,282.27,0.05,Fwd,2.05
1748746224.67,-34.56,19.94,282.27,0.05,Fwd,2.05
1748746224.67,-34.56,19.94,282.27,0.05,Fwd,2.05
1748746224.67,-34.56,19.94,282.27,0.05,Fwd,2.05
1748746224.67,-34.56,19.94,282.27,0.05,Fwd,2.05
1748746224.75,-34.56,19.94,282.27,0.05,Fwd,2.05
1748746224.75,-31.64,19.94,282.27,0.05,Fwd,2.05
1748746224.78,-31.64,17.68,282.27,0.05,Fwd,2.05
1748746224.82,-31.64,17.68,245.01,0.05,Fwd,2.05
1748746224.82,-31.64,17.68,245.01,-0.74,Fwd,2.05
1748746224.82,-31.64,17.68,245.01,-0.74,Fwd,2.05
1748746224.82,-31.64,17.68,245.01,-0.74,Fwd,2.05
1748746224.82,-31.64,17.68,245.01,-0.74,Fwd,2.05
1748746224.85,-31.64,17.68,245.01,-0.74,Fwd,2.05
1748746224.85,-35.40,17.68,245.01,-0.74,Fwd,2.05
1748746224.85,-35.40,20.64,245.01,-0.74,Fwd,2.05
1748746224.86,-35.40,20.64,209.19,-0.74,Fwd,2.05
1748746224.86,-35.40,20.64,209.19,-0.09,Fwd,2.05
1748746224.86,-35.40,20.64,209.19,-0.09,Fwd,2.05
1748746224.86,-35.40,20.64,209.19,-0.09,Fwd,2.05
1748746224.86,-35.40,20.64,209.19,-0.09,Fwd,2.05
1748746224.92,-35.40,20.64,209.19,-0.09,Fwd,2.05
1748746224.92,-41.13,20.64,209.19,-0.09,Fwd,2.05
1748746224.93,-41.13,21.20,209.19,-0.09,Fwd,2.05
1748746224.93,-41.13,21.20,179.59,-0.09,Fwd,2.05
1748746224.93,-41.13,21.20,179.59,3.36,Fwd,2.05
1748746224.93,-41.13,21.20,179.59,3.36,Fwd,2.05
1748746224.93,-41.13,21.20,179.59,3.36,Fwd,2.05
1748746224.93,-41.13,21.20,179.59,3.36,Fwd,2.05
1748746224.93,-41.13,21.20,179.59,3.36,Fwd,2.05
1748746225.06,-41.13,21.20,179.59,3.36,Fwd,2.05
1748746225.10,-32.21,21.20,179.59,3.36,Fwd,2.05
1748746225.10,-32.21,13.96,179.59,3.36,Fwd,2.05
1748746225.10,-32.21,13.96,159.42,3.36,Fwd,2.05
1748746225.10,-32.21,13.96,159.42,1.15,Fwd,2.05
1748746225.10,-32.21,13.96,159.42,1.15,Fwd,2.05
1748746225.10,-32.21,13.96,159.42,1.15,Fwd,2.05
1748746225.11,-32.21,13.96,159.42,1.15,Fwd,2.05
1748746225.13,-32.21,13.96,159.42,1.15,Fwd,2.05
1748746225.13,-20.91,13.96,159.42,1.15,Fwd,2.05
1748746225.13,-20.91,7.38,159.42,1.15,Fwd,2.05
1748746225.13,-20.91,7.38,153.60,1.15,Fwd,2.05
1748746225.14,-20.91,7.38,153.60,0.48,Fwd,2.05
1748746225.14,-20.91,7.38,153.60,0.48,Fwd,2.05
1748746225.14,-20.91,7.38,153.60,0.48,Fwd,2.05
1748746225.14,-20.91,7.38,153.60,0.48,Fwd,2.05
1748746225.24,-20.91,7.38,153.60,0.48,Fwd,2.12
1748746225.27,-14.54,7.38,153.60,0.48,Fwd,2.12
1748746225.31,-14.54,1.11,153.60,0.48,Fwd,2.12
1748746225.31,-14.54,1.11,148.87,0.48,Fwd,2.12
1748746225.31,-14.54,1.11,148.87,-1.52,Fwd,2.12
1748746225.31,-14.54,1.11,148.87,-1.52,Fwd,2.12
1748746225.31,-14.54,1.11,148.87,-1.52,Rev,2.12
1748746225.31,-14.54,1.11,148.87,-1.52,Rev,2.12
1748746225.34,-14.54,1.11,148.87,-1.52,Rev,2.12
1748746225.38,-17.25,1.11,148.87,-1.52,Rev,2.12
1748746225.41,-17.25,-4.38,148.87,-1.52,Rev,2.12
1748746225.45,-17.25,-4.38,147.93,-1.52,Rev,2.12
1748746225.48,-17.25,-4.38,147.93,1.42,Rev,2.12
1748746225.49,-17.25,-4.38,147.93,1.42,Rev,2.12
1748746225.49,-17.25,-4.38,147.93,1.42,Rev,2.12
1748746225.49,-17.25,-4.38,147.93,1.42,Rev,2.12
1748746225.49,-17.25,-4.38,147.93,1.42,Rev,2.12
1748746225.49,-20.39,-4.38,147.93,1.42,Rev,2.12
1748746225.52,-20.39,-7.47,147.93,1.42,Rev,2.12
1748746225.55,-20.39,-7.47,142.12,1.42,Rev,2.12
1748746225.62,-20.39,-7.47,142.12,1.17,Rev,2.12
1748746225.66,-20.39,-7.47,142.12,1.17,Rev,2.12
1748746225.69,-20.39,-7.47,142.12,1.17,Rev,2.12
1748746225.73,-20.39,-7.47,142.12,1.17,Rev,2.12
1748746225.76,-20.39,-7.47,142.12,1.17,Rev,2.12
1748746225.76,-22.90,-7.47,142.12,1.17,Rev,2.12
1748746225.77,-22.90,-10.38,142.12,1.17,Rev,2.12
1748746225.77,-22.90,-10.38,130.10,1.17,Rev,2.12
1748746225.77,-22.90,-10.38,130.10,0.98,Rev,2.12
1748746225.77,-22.90,-10.38,130.10,0.98,Rev,2.12
1748746225.80,-22.90,-10.38,130.10,0.98,Rev,2.12
1748746225.83,-22.90,-10.38,130.10,0.98,Rev,2.12
1748746225.84,-22.90,-10.38,130.10,0.98,Rev,2.12
1748746225.84,-20.93,-10.38,130.10,0.98,Rev,2.12
1748746225.84,-20.93,-10.35,130.10,0.98,Rev,2.12
1748746225.84,-20.93,-10.35,112.55,0.98,Rev,2.12
1748746225.84,-20.93,-10.35,112.55,0.58,Rev,2.12
1748746225.87,-20.93,-10.35,112.55,0.58,Rev,2.12
1748746225.87,-20.93,-10.35,112.55,0.58,Rev,2.12
1748746225.87,-20.93,-10.35,112.55,0.58,Rev,2.12
1748746225.87,-20.93,-10.35,112.55,0.58,Rev,7.47
1748746225.87,-18.05,-10.35,112.55,0.58,Rev,7.47
1748746225.87,-18.05,-7.71,112.55,0.58,Rev,7.47
1748746225.94,-18.05,-7.71,96.53,0.58,Rev,7.47
1748746225.98,-18.05,-7.71,96.53,0.90,Rev,7.47
1748746225.98,-18.05,-7.71,96.53,0.90,Rev,7.47
1748746225.99,-18.05,-7.71,96.53,0.90,Fwd,7.47
1748746225.99,-18.05,-7.71,96.53,0.90,Fwd,7.47
1748746225.99,-18.05,-7.71,96.53,0.90,Fwd,7.47
1748746225.99,-16.15,-7.71,96.53,0.90,Fwd,7.47
1748746226.01,-16.15,-2.35,96.53,0.90,Fwd,7.47
1748746226.05,-16.15,-2.35,82.74,0.90,Fwd,7.47
1748746226.08,-16.15,-2.35,82.74,0.97,Fwd,7.47
1748746226.12,-16.15,-2.35,82.74,0.97,Fwd,7.47
1748746226.12,-16.15,-2.35,82.74,0.97,Fwd,7.47
1748746226.12,-16.15,-2.35,82.74,0.97,Fwd,7.47
1748746226.13,-16.15,-2.35,82.74,0.97,Fwd,7.47
1748746226.13,-13.93,-2.35,82.74,0.97,Fwd,7.47
1748746226.13,-13.93,2.66,82.74,0.97,Fwd,7.47
1748746226.15,-13.93,2.66,75.23,0.97,Fwd,7.47
1748746226.19,-13.93,2.66,75.23,0.91,Fwd,7.47
1748746226.19,-13.93,2.66,75.23,0.91,Fwd,7.47
1748746226.19,-13.93,2.66,75.23,0.91,Fwd,7.47
1748746226.19,-13.93,2.66,75.23,0.91,Fwd,7.47
1748746226.20,-13.93,2.66,75.23,0.91,Fwd,7.47
1748746226.20,-12.19,2.66,75.23,0.91,Fwd,7.47
1748746226.22,-12.19,5.26,75.23,0.91,Fwd,7.47
1748746226.26,-12.19,5.26,73.50,0.91,Fwd,7.47
1748746226.26,-12.19,5.26,73.50,0.88,Fwd,7.47
1748746226.26,-12.19,5.26,73.50,0.88,Fwd,7.47
1748746226.27,-12.19,5.26,73.50,0.88,Fwd,7.47
1748746226.27,-12.19,5.26,73.50,0.88,Fwd,7.47
1748746226.27,-12.19,5.26,73.50,0.88,Fwd,9.45
1748746226.29,-11.23,5.26,73.50,0.88,Fwd,9.45
1748746226.29,-11.23,5.81,73.50,0.88,Fwd,9.45
1748746226.29,-11.23,5.81,76.00,0.88,Fwd,9.45
1748746226.29,-11.23,5.81,76.00,1.08,Fwd,9.45
1748746226.30,-11.23,5.81,76.00,1.08,Fwd,9.45
1748746226.30,-11.23,5.81,76.00,1.08,Fwd,9.45
1748746226.30,-11.23,5.81,76.00,1.08,Fwd,9.45
1748746226.30,-11.23,5.81,76.00,1.08,Fwd,9.45
1748746226.32,-10.22,5.81,76.00,1.08,Fwd,9.45
1748746226.40,-10.22,6.10,76.00,1.08,Fwd,9.45
1748746226.40,-10.22,6.10,81.86,1.08,Fwd,9.45
1748746226.43,-10.22,6.10,81.86,1.09,Fwd,9.45
1748746226.43,-10.22,6.10,81.86,1.09,Fwd,9.45
1748746226.47,-10.22,6.10,81.86,1.09,Fwd,9.45
1748746226.47,-10.22,6.10,81.86,1.09,Fwd,9.45
1748746226.48,-10.22,6.10,81.86,1.09,Fwd,9.45
1748746226.48,-8.72,6.10,81.86,1.09,Fwd,9.45
1748746226.48,-8.72,6.10,81.86,1.09,Fwd,9.45
1748746226.48,-8.72,6.10,89.67,1.09,Fwd,9.45
1748746226.48,-8.72,6.10,89.67,0.98,Fwd,9.45
1748746226.48,-8.72,6.10,89.67,0.98,Fwd,9.45
1748746226.48,-8.72,6.10,89.67,0.98,Fwd,9.45
1748746226.50,-8.72,6.10,89.67,0.98,Fwd,9.45
1748746226.50,-7.57,6.10,89.67,0.98,Fwd,9.45
1748746226.50,-7.57,5.98,89.67,0.98,Fwd,9.45
1748746226.50,-7.57,5.98,97.37,0.98,Fwd,9.45
1748746226.50,-7.57,5.98,97.37,1.06,Fwd,9.45
1748746226.50,-7.57,5.98,97.37,1.06,Fwd,9.45
1748746226.51,-7.57,5.98,97.37,1.06,Fwd,9.45
1748746226.51,-7.57,5.98,97.37,1.06,Fwd,9.45
1748746226.54,-7.57,5.98,97.37,1.06,Fwd,9.73
1748746226.54,-6.71,5.98,97.37,1.06,Fwd,9.73
1748746226.54,-6.71,5.63,97.37,1.06,Fwd,9.73
1748746226.54,-6.71,5.63,104.18,1.06,Fwd,9.73
1748746226.54,-6.71,5.63,104.18,1.11,Fwd,9.73
1748746226.54,-6.71,5.63,104.18,1.11,Fwd,9.73
1748746226.55,-6.71,5.63,104.18,1.11,Fwd,9.73
1748746226.55,-6.71,5.63,104.18,1.11,Fwd,9.73
1748746226.64,-6.71,5.63,104.18,1.11,Fwd,9.73
1748746226.64,-6.09,5.63,104.18,1.11,Fwd,9.73
1748746226.64,-6.09,5.56,104.18,1.11,Fwd,9.73
1748746226.64,-6.09,5.56,110.38,1.11,Fwd,9.73
1748746226.64,-6.09,5.56,110.38,0.95,Fwd,9.73
1748746226.64,-6.09,5.56,110.38,0.95,Fwd,9.73
1748746226.64,-6.09,5.56,110.38,0.95,Fwd,9.73
1748746226.65,-6.09,5.56,110.38,0.95,Fwd,9.73
1748746226.75,-6.09,5.56,110.38,0.95,Fwd,9.73
1748746226.75,-5.40,5.56,110.38,0.95,Fwd,9.73
1748746226.75,-5.40,4.88,110.38,0.95,Fwd,9.73
1748746226.75,-5.40,4.88,116.30,0.95,Fwd,9.73
1748746226.75,-5.40,4.88,116.30,0.96,Fwd,9.73
1748746226.75,-5.40,4.88,116.30,0.96,Fwd,9.73
1748746226.75,-5.40,4.88,116.30,0.96,Fwd,9.73
1748746226.75,-5.40,4.88,116.30,0.96,Fwd,9.73
1748746226.85,-5.40,4.88,116.30,0.96,Fwd,9.73
1748746226.85,-5.05,4.88,116.30,0.96,Fwd,9.73
1748746226.85,-5.05,3.96,116.30,0.96,Fwd,9.73
1748746226.85,-5.05,3.96,122.11,0.96,Fwd,9.73
1748746226.85,-5.05,3.96,122.11,1.09,Fwd,9.73
1748746226.85,-5.05,3.96,122.11,1.09,Fwd,9.73
1748746226.86,-5.05,3.96,122.11,1.09,Fwd,9.73
1748746226.92,-5.05,3.96,122.11,1.09,Fwd,9.73
1748746226.99,-5.05,3.96,122.11,1.09,Fwd,9.55
1748746227.02,-4.72,3.96,122.11,1.09,Fwd,9.55
1748746227.06,-4.72,3.35,122.11,1.09,Fwd,9.55
1748746227.13,-4.72,3.35,127.50,1.09,Fwd,9.55
1748746227.17,-4.72,3.35,127.50,0.88,Fwd,9.55
1748746227.17,-4.72,3.35,127.50,0.88,Fwd,9.55
1748746227.17,-4.72,3.35,127.50,0.88,Fwd,9.55
1748746227.18,-4.72,3.35,127.50,0.88,Fwd,9.55
1748746227.18,-4.72,3.35,127.50,0.88,Fwd,9.55
1748746227.18,-4.55,3.35,127.50,0.88,Fwd,9.55
1748746227.18,-4.55,3.22,127.50,0.88,Fwd,9.55
1748746227.18,-4.55,3.22,132.45,0.88,Fwd,9.55
1748746227.18,-4.55,3.22,132.45,0.99,Fwd,9.55
1748746227.19,-4.55,3.22,132.45,0.99,Fwd,9.55
1748746227.24,-4.55,3.22,132.45,0.99,Fwd,9.55
1748746227.28,-4.55,3.22,132.45,0.99,Fwd,9.55
1748746227.28,-4.55,3.22,132.45,0.99,Fwd,9.55
1748746227.28,-4.00,3.22,132.45,0.99,Fwd,9.55
1748746227.28,-4.00,2.70,132.45,0.99,Fwd,9.55
1748746227.28,-4.00,2.70,137.18,0.99,Fwd,9.55
1748746227.28,-4.00,2.70,137.18,0.91,Fwd,9.55
1748746227.29,-4.00,2.70,137.18,0.91,Fwd,9.55
1748746227.29,-4.00,2.70,137.18,0.91,Fwd,9.55
1748746227.30,-4.00,2.70,137.18,0.91,Fwd,9.55
1748746227.30,-4.00,2.70,137.18,0.91,Fwd,9.55
1748746227.31,-3.31,2.70,137.18,0.91,Fwd,9.55
1748746227.34,-3.31,2.21,137.18,0.91,Fwd,9.55
1748746227.34,-3.31,2.21,141.78,0.91,Fwd,9.55
1748746227.35,-3.31,2.21,141.78,1.02,Fwd,9.55
1748746227.35,-3.31,2.21,141.78,1.02,Fwd,9.55
1748746227.35,-3.31,2.21,141.78,1.02,Fwd,9.55
1748746227.35,-3.31,2.21,141.78,1.02,Fwd,9.55
1748746227.35,-3.31,2.21,141.78,1.02,Fwd,9.34
1748746227.35,-2.89,2.21,141.78,1.02,Fwd,9.34
1748746227.35,-2.89,1.68,141.78,1.02,Fwd,9.34
1748746227.35,-2.89,1.68,146.28,1.02,Fwd,9.34
1748746227.45,-2.89,1.68,146.28,1.02,Fwd,9.34
1748746227.45,-2.62,1.68,146.28,1.02,Fwd,9.34
1748746227.45,-2.62,1.32,146.28,1.02,Fwd,9.34
1748746227.45,-2.62,1.32,150.49,1.02,Fwd,9.34
1748746227.45,-2.62,1.32,150.49,0.93,Fwd,9.34
1748746227.46,-2.62,1.32,150.49,0.93,Fwd,9.34
1748746227.48,-2.62,1.32,150.49,0.93,Fwd,9.34
1748746227.52,-2.62,1.32,150.49,0.93,Fwd,9.34
1748746227.58,-2.62,1.32,150.49,0.93,Fwd,9.34
1748746227.59,-2.47,1.32,150.49,0.93,Fwd,9.34
1748746227.59,-2.47,0.92,150.49,0.93,Fwd,9.34
1748746227.62,-2.47,0.92,154.44,0.93,Fwd,9.34
1748746227.66,-2.47,0.92,154.44,1.01,Fwd,9.34
1748746227.66,-2.47,0.92,154.44,1.01,Fwd,9.34
1748746227.66,-2.47,0.92,154.44,1.01,Fwd,9.34
1748746227.66,-2.47,0.92,154.44,1.01,Fwd,9.34
1748746227.67,-2.47,0.92,154.44,1.01,Fwd,9.34
1748746227.67,-2.57,0.92,154.44,1.01,Fwd,9.34
1748746227.67,-2.57,0.72,154.44,1.01,Fwd,9.34
1748746227.67,-2.57,0.72,158.13,1.01,Fwd,9.34
1748746227.67,-2.57,0.72,158.13,0.94,Fwd,9.34
1748746227.67,-2.57,0.72,158.13,0.94,Fwd,9.34
1748746227.73,-2.57,0.72,158.13,0.94,Fwd,8.49
1748746227.73,-2.57,0.72,158.13,0.94,Fwd,8.49
1748746227.73,-2.57,0.49,158.13,0.94,Fwd,8.49
1748746227.73,-2.57,0.49,161.63,0.94,Fwd,8.49
1748746227.73,-2.57,0.49,161.63,0.85,Fwd,8.49
1748746227.73,-2.57,0.49,161.63,0.85,Fwd,8.49
1748746227.74,-2.57,0.49,161.63,0.85,Fwd,8.49
1748746227.74,-2.57,0.49,161.63,0.85,Fwd,8.49
1748746227.83,-2.57,0.49,161.63,0.85,Fwd,8.49
1748746227.83,-2.38,0.49,161.63,0.85,Fwd,8.49
1748746227.83,-2.38,0.04,161.63,0.85,Fwd,8.49
1748746227.84,-2.38,0.04,165.07,0.85,Fwd,8.49
1748746227.84,-2.38,0.04,165.07,1.08,Fwd,8.49
1748746227.84,-2.38,0.04,165.07,1.08,Fwd,8.49
1748746227.84,-2.38,0.04,165.07,1.08,Fwd,8.49
1748746227.84,-2.38,0.04,165.07,1.08,Fwd,8.49
1748746227.94,-2.38,0.04,165.07,1.08,Fwd,8.49
1748746227.97,-2.22,0.04,165.07,1.08,Fwd,8.49
1748746228.01,-2.22,-0.32,165.07,1.08,Fwd,8.49
1748746228.04,-2.22,-0.32,168.58,1.08,Fwd,8.49
1748746228.04,-2.22,-0.32,168.58,0.95,Fwd,8.49
1748746228.04,-2.22,-0.32,168.58,0.95,Fwd,8.49
1748746228.04,-2.22,-0.32,168.58,0.95,Fwd,8.49
1748746228.04,-2.22,-0.32,168.58,0.95,Fwd,8.49
1748746228.05,-2.22,-0.32,168.58,0.95,Fwd,8.49
1748746228.05,-2.09,-0.32,168.58,0.95,Fwd,8.49
1748746228.05,-2.09,-0.73,168.58,0.95,Fwd,8.49
1748746228.05,-2.09,-0.73,172.17,0.95,Fwd,8.49
1748746228.05,-2.09,-0.73,172.17,0.95,Fwd,8.49
1748746228.05,-2.09,-0.73,172.17,0.95,Fwd,8.49
1748746228.15,-2.09,-0.73,172.17,0.95,Fwd,8.49
1748746228.15,-1.98,-0.73,172.17,0.95,Fwd,8.49
1748746228.15,-1.98,-1.20,172.17,0.95,Fwd,8.49
1748746228.15,-1.98,-1.20,175.94,0.95,Fwd,8.49
1748746228.15,-1.98,-1.20,175.94,1.02,Fwd,8.49
1748746228.15,-1.98,-1.20,175.94,1.02,Fwd,8.49
1748746228.18,-1.98,-1.20,175.94,1.02,Fwd,8.49
1748746228.18,-1.98,-1.20,175.94,1.02,Fwd,8.49
1748746228.25,-1.98,-1.20,175.94,1.02,Fwd,7.86
1748746228.26,-1.68,-1.20,175.94,1.02,Fwd,7.86
1748746228.26,-1.68,-1.79,175.94,1.02,Fwd,7.86
1748746228.26,-1.68,-1.79,179.84,1.02,Fwd,7.86
1748746228.26,-1.68,-1.79,179.84,1.06,Fwd,7.86
1748746228.27,-1.68,-1.79,179.84,1.06,Fwd,7.86
1748746228.27,-1.68,-1.79,179.84,1.06,Fwd,7.86
1748746228.27,-1.68,-1.79,179.84,1.06,Fwd,7.86
1748746228.36,-1.68,-1.79,179.84,1.06,Fwd,7.86
1748746228.36,-1.12,-1.79,179.84,1.06,Fwd,7.86
1748746228.36,-1.12,-2.08,179.84,1.06,Fwd,7.86
1748746228.37,-1.12,-2.08,183.58,1.06,Fwd,7.86
1748746228.37,-1.12,-2.08,183.58,1.03,Fwd,7.86
1748746228.37,-1.12,-2.08,183.58,1.03,Fwd,7.86
1748746228.37,-1.12,-2.08,183.58,1.03,Fwd,7.86
1748746228.37,-1.12,-2.08,183.58,1.03,Fwd,7.86
1748746228.42,-1.12,-2.08,183.58,1.03,Fwd,7.86
1748746228.46,0.17,-2.08,183.58,1.03,Fwd,7.86
1748746228.46,0.17,-2.74,183.58,1.03,Fwd,7.86
1748746228.47,0.17,-2.74,186.89,1.03,Fwd,7.86
1748746228.47,0.17,-2.74,186.89,0.97,Fwd,7.86
1748746228.47,0.17,-2.74,186.89,0.97,Fwd,7.86
1748746228.47,0.17,-2.74,186.89,0.97,Fwd,7.86
1748746228.47,0.17,-2.74,186.89,0.97,Fwd,7.86
1748746228.53,0.17,-2.74,186.89,0.97,Fwd,7.86
1748746228.53,-0.42,-2.74,186.89,0.97,Fwd,7.86
1748746228.53,-0.42,-4.78,186.89,0.97,Fwd,7.86
1748746228.54,-0.42,-4.78,189.63,0.97,Fwd,7.86
1748746228.54,-0.42,-4.78,189.63,0.71,Fwd,7.86
1748746228.54,-0.42,-4.78,189.63,0.71,Fwd,7.86
1748746228.54,-0.42,-4.78,189.63,0.71,Fwd,7.86
1748746228.54,-0.42,-4.78,189.63,0.71,Fwd,7.86
1748746228.64,-0.42,-4.78,189.63,0.71,Fwd,7.86
1748746228.64,-3.16,-4.78,189.63,0.71,Fwd,7.86
1748746228.64,-3.16,-6.72,189.63,0.71,Fwd,7.86
1748746228.64,-3.16,-6.72,192.91,0.71,Fwd,7.86
1748746228.65,-3.16,-6.72,192.91,0.95,Fwd,7.86
1748746228.65,-3.16,-6.72,192.91,0.95,Fwd,7.86
1748746228.65,-3.16,-6.72,192.91,0.95,Fwd,7.86
1748746228.65,-3.16,-6.72,192.91,0.95,Fwd,7.86
1748746228.74,-3.16,-6.72,192.91,0.95,Fwd,6.80
1748746228.75,-4.37,-6.72,192.91,0.95,Fwd,6.80
1748746228.75,-4.37,-6.66,192.91,0.95,Fwd,6.80
1748746228.75,-4.37,-6.66,196.54,0.95,Fwd,6.80
1748746228.75,-4.37,-6.66,196.54,0.98,Fwd,6.80
1748746228.76,-4.37,-6.66,196.54,0.98,Fwd,6.80
1748746228.76,-4.37,-6.66,196.54,0.98,Fwd,6.80
1748746228.76,-4.37,-6.66,196.54,0.98,Fwd,6.80
1748746228.85,-4.37,-6.66,196.54,0.98,Fwd,6.80
1748746228.85,-4.09,-6.66,196.54,0.98,Fwd,6.80
1748746228.86,-4.09,-5.89,196.54,0.98,Fwd,6.80
1748746228.86,-4.09,-5.89,200.08,0.98,Fwd,6.80
1748746228.86,-4.09,-5.89,200.08,1.01,Fwd,6.80
1748746228.86,-4.09,-5.89,200.08,1.01,Fwd,6.80
1748746228.87,-4.09,-5.89,200.08,1.01,Fwd,6.80
1748746228.87,-4.09,-5.89,200.08,1.01,Fwd,6.80
1748746228.95,-4.09,-5.89,200.08,1.01,Fwd,6.80
1748746228.96,-3.54,-5.89,200.08,1.01,Fwd,6.80
1748746228.96,-3.54,-5.30,200.08,1.01,Fwd,6.80
1748746228.98,-3.54,-5.30,203.17,1.01,Fwd,6.80
1748746228.99,-3.54,-5.30,203.17,0.97,Fwd,6.80
1748746228.99,-3.54,-5.30,203.17,0.97,Fwd,6.80
1748746229.00,-3.54,-5.30,203.17,0.97,Fwd,6.80
1748746229.00,-3.54,-5.30,203.17,0.97,Fwd,6.80
1748746229.06,-3.54,-5.30,203.17,0.97,Fwd,6.80
1748746229.06,-2.56,-5.30,203.17,0.97,Fwd,6.80
1748746229.06,-2.56,-5.25,203.17,0.97,Fwd,6.80
1748746229.07,-2.56,-5.25,205.54,0.97,Fwd,6.80
1748746229.07,-2.56,-5.25,205.54,0.99,Fwd,6.80
1748746229.07,-2.56,-5.25,205.54,0.99,Fwd,6.80
1748746229.07,-2.56,-5.25,205.54,0.99,Fwd,6.80
1748746229.08,-2.56,-5.25,205.54,0.99,Fwd,6.80
1748746229.13,-2.56,-5.25,205.54,0.99,Fwd,6.80
1748746229.13,-1.19,-5.25,205.54,0.99,Fwd,6.80
1748746229.14,-1.19,-5.27,205.54,0.99,Fwd,6.80
1748746229.14,-1.19,-5.27,207.51,0.99,Fwd,6.80
1748746229.14,-1.19,-5.27,207.51,0.97,Fwd,6.80
1748746229.14,-1.19,-5.27,207.51,0.97,Fwd,6.80
1748746229.14,-1.19,-5.27,207.51,0.97,Fwd,6.80
1748746229.15,-1.19,-5.27,207.51,0.97,Fwd,6.80
1748746229.24,-1.19,-5.27,207.51,0.97,Fwd,6.80
1748746229.24,-0.38,-5.27,207.51,0.97,Fwd,6.80
1748746229.24,-0.38,-4.33,207.51,0.97,Fwd,6.80
1748746229.24,-0.38,-4.33,208.87,0.97,Fwd,6.80
1748746229.24,-0.38,-4.33,208.87,0.92,Fwd,6.80
1748746229.24,-0.38,-4.33,208.87,0.92,Fwd,6.80
1748746229.25,-0.38,-4.33,208.87,0.92,Fwd,6.80
1748746229.25,-0.38,-4.33,208.87,0.92,Fwd,6.80
1748746229.34,-0.38,-4.33,208.87,0.92,Fwd,7.03
1748746229.34,-2.29,-4.33,208.87,0.92,Fwd,7.03
1748746229.34,-2.29,-2.45,208.87,0.92,Fwd,7.03
1748746229.34,-2.29,-2.45,209.89,0.92,Fwd,7.03
1748746229.35,-2.29,-2.45,209.89,0.95,Fwd,7.03
1748746229.35,-2.29,-2.45,209.89,0.95,Fwd,7.03
1748746229.35,-2.29,-2.45,209.89,0.95,Fwd,7.03
1748746229.35,-2.29,-2.45,209.89,0.95,Fwd,7.03
1748746229.44,-2.29,-2.45,209.89,0.95,Fwd,7.03
1748746229.44,-4.78,-2.45,209.89,0.95,Fwd,7.03
1748746229.44,-4.78,-0.26,209.89,0.95,Fwd,7.03
1748746229.48,-4.78,-0.26,210.47,0.95,Fwd,7.03
1748746229.48,-4.78,-0.26,210.47,1.01,Fwd,7.03
1748746229.48,-4.78,-0.26,210.47,1.01,Fwd,7.03
1748746229.49,-4.78,-0.26,210.47,1.01,Fwd,7.03
1748746229.49,-4.78,-0.26,210.47,1.01,Fwd,7.03
1748746229.55,-4.78,-0.26,210.47,1.01,Fwd,7.03
1748746229.55,-5.37,-0.26,210.47,1.01,Fwd,7.03
1748746229.56,-5.37,0.27,210.47,1.01,Fwd,7.03
1748746229.56,-5.37,0.27,210.73,1.01,Fwd,7.03
1748746229.57,-5.37,0.27,210.73,0.98,Fwd,7.03
1748746229.57,-5.37,0.27,210.73,0.98,Fwd,7.03
1748746229.58,-5.37,0.27,210.73,0.98,Fwd,7.03
1748746229.58,-5.37,0.27,210.73,0.98,Fwd,7.03
1748746229.65,-5.37,0.27,210.73,0.98,Fwd,7.03
1748746229.66,-3.82,0.27,210.73,0.98,Fwd,7.03
1748746229.66,-3.82,-0.06,210.73,0.98,Fwd,7.03
1748746229.66,-3.82,-0.06,210.73,0.98,Fwd,7.03
1748746229.67,-3.82,-0.06,210.73,0.82,Fwd,7.03
1748746229.67,-3.82,-0.06,210.73,0.82,Fwd,7.03
1748746229.67,-3.82,-0.06,210.73,0.82,Fwd,7.03
1748746229.67,-3.82,-0.06,210.73,0.82,Fwd,7.03
1748746229.76,-3.82,-0.06,210.73,0.82,Fwd,8.39
1748746229.76,-3.78,-0.06,210.73,0.82,Fwd,8.39
1748746229.76,-3.78,-0.14,210.73,0.82,Fwd,8.39
1748746229.76,-3.78,-0.14,210.78,0.82,Fwd,8.39
1748746229.77,-3.78,-0.14,210.78,1.09,Fwd,8.39
1748746229.77,-3.78,-0.14,210.78,1.09,Fwd,8.39
1748746229.79,-3.78,-0.14,210.78,1.09,Fwd,8.39
1748746229.79,-3.78,-0.14,210.78,1.09,Fwd,8.39
1748746229.83,-3.78,-0.14,210.78,1.09,Fwd,8.39
1748746229.83,-2.87,-0.14,210.78,1.09,Fwd,8.39
1748746229.84,-2.87,0.37,210.78,1.09,Fwd,8.39
1748746229.84,-2.87,0.37,210.79,1.09,Fwd,8.39
1748746229.84,-2.87,0.37,210.79,1.10,Fwd,8.39
1748746229.84,-2.87,0.37,210.79,1.10,Fwd,8.39
1748746229.84,-2.87,0.37,210.79,1.10,Fwd,8.39
1748746229.85,-2.87,0.37,210.79,1.10,Fwd,8.39
1748746229.93,-2.87,0.37,210.79,1.10,Fwd,8.39
1748746229.97,-2.64,0.37,210.79,1.10,Fwd,8.39
1748746229.97,-2.64,1.29,210.79,1.10,Fwd,8.39
1748746229.97,-2.64,1.29,211.06,1.10,Fwd,8.39
1748746229.98,-2.64,1.29,211.06,0.95,Fwd,8.39
1748746229.98,-2.64,1.29,211.06,0.95,Fwd,8.39
1748746229.98,-2.64,1.29,211.06,0.95,Fwd,8.39
1748746229.98,-2.64,1.29,211.06,0.95,Fwd,8.39
1748746230.04,-2.64,1.29,211.06,0.95,Fwd,8.39
1748746230.04,-2.30,1.29,211.06,0.95,Fwd,8.39
1748746230.04,-2.30,1.80,211.06,0.95,Fwd,8.39
1748746230.05,-2.30,1.80,211.92,0.95,Fwd,8.39
1748746230.05,-2.30,1.80,211.92,1.01,Fwd,8.39
1748746230.05,-2.30,1.80,211.92,1.01,Fwd,8.39
1748746230.05,-2.30,1.80,211.92,1.01,Fwd,8.39
1748746230.05,-2.30,1.80,211.92,1.01,Fwd,8.39
1748746230.14,-2.30,1.80,211.92,1.01,Fwd,8.39
1748746230.14,-2.03,1.80,211.92,1.01,Fwd,8.39
1748746230.14,-2.03,1.92,211.92,1.01,Fwd,8.39
1748746230.15,-2.03,1.92,213.34,1.01,Fwd,8.39
1748746230.15,-2.03,1.92,213.34,0.99,Fwd,8.39
1748746230.15,-2.03,1.92,213.34,0.99,Fwd,8.39
1748746230.15,-2.03,1.92,213.34,0.99,Fwd,8.39
1748746230.15,-2.03,1.92,213.34,0.99,Fwd,8.39
1748746230.24,-2.03,1.92,213.34,0.99,Fwd,8.21
1748746230.24,-1.83,1.92,213.34,0.99,Fwd,8.21
1748746230.25,-1.83,1.91,213.34,0.99,Fwd,8.21
1748746230.28,-1.83,1.91,215.26,0.99,Fwd,8.21
1748746230.31,-1.83,1.91,215.26,1.07,Fwd,8.21
1748746230.31,-1.83,1.91,215.26,1.07,Fwd,8.21
1748746230.31,-1.83,1.91,215.26,1.07,Fwd,8.21
1748746230.32,-1.83,1.91,215.26,1.07,Fwd,8.21
1748746230.35,-1.83,1.91,215.26,1.07,Fwd,8.21
1748746230.35,-1.64,1.91,215.26,1.07,Fwd,8.21
1748746230.35,-1.64,1.40,215.26,1.07,Fwd,8.21
1748746230.35,-1.64,1.40,217.79,1.07,Fwd,8.21
1748746230.35,-1.64,1.40,217.79,1.01,Fwd,8.21
1748746230.35,-1.64,1.40,217.79,1.01,Fwd,8.21
1748746230.38,-1.64,1.40,217.79,1.01,Fwd,8.21
1748746230.42,-1.64,1.40,217.79,1.01,Fwd,8.21
1748746230.49,-1.64,1.40,217.79,1.01,Fwd,8.21
1748746230.52,-1.50,1.40,217.79,1.01,Fwd,8.21
1748746230.52,-1.50,0.84,217.79,1.01,Fwd,8.21
1748746230.52,-1.50,0.84,220.76,1.01,Fwd,8.21
1748746230.53,-1.50,0.84,220.76,0.90,Fwd,8.21
1748746230.53,-1.50,0.84,220.76,0.90,Fwd,8.21
1748746230.53,-1.50,0.84,220.76,0.90,Fwd,8.21
1748746230.56,-1.50,0.84,220.76,0.90,Fwd,8.21
1748746230.56,-1.50,0.84,220.76,0.90,Fwd,8.21
1748746230.56,-1.17,0.84,220.76,0.90,Fwd,8.21
1748746230.56,-1.17,0.35,220.76,0.90,Fwd,8.21
1748746230.56,-1.17,0.35,223.89,0.90,Fwd,8.21
1748746230.56,-1.17,0.35,223.89,0.99,Fwd,8.21
1748746230.59,-1.17,0.35,223.89,0.99,Fwd,8.21
1748746230.63,-1.17,0.35,223.89,0.99,Fwd,8.21
1748746230.66,-1.17,0.35,223.89,0.99,Fwd,8.21
1748746230.70,-1.17,0.35,223.89,0.99,Fwd,8.21
1748746230.74,-0.90,0.35,223.89,0.99,Fwd,8.21
1748746230.77,-0.90,-0.06,223.89,0.99,Fwd,8.21
1748746230.81,-0.90,-0.06,226.85,0.99,Fwd,8.21
1748746230.81,-0.90,-0.06,226.85,0.98,Fwd,8.21
1748746230.82,-0.90,-0.06,226.85,0.98,Fwd,8.21
1748746230.82,-0.90,-0.06,226.85,0.98,Fwd,8.21
1748746230.82,-0.90,-0.06,226.85,0.98,Fwd,8.21
1748746230.82,-0.90,-0.06,226.85,0.98,Fwd,7.70
1748746230.84,-0.73,-0.06,226.85,0.98,Fwd,7.70
1748746230.88,-0.73,-0.11,226.85,0.98,Fwd,7.70
1748746230.88,-0.73,-0.11,229.26,0.98,Fwd,7.70
1748746230.88,-0.73,-0.11,229.26,0.92,Fwd,7.70
1748746230.88,-0.73,-0.11,229.26,0.92,Fwd,7.70
1748746230.88,-0.73,-0.11,229.26,0.92,Fwd,7.70
1748746230.89,-0.73,-0.11,229.26,0.92,Fwd,7.70
1748746230.91,-0.73,-0.11,229.26,0.92,Fwd,7.70
1748746230.94,-0.82,-0.11,229.26,0.92,Fwd,7.70
1748746230.95,-0.82,-0.34,229.26,0.92,Fwd,7.70
1748746230.95,-0.82,-0.34,231.39,0.92,Fwd,7.70
1748746230.95,-0.82,-0.34,231.39,1.02,Fwd,7.70
1748746230.95,-0.82,-0.34,231.39,1.02,Fwd,7.70
1748746230.95,-0.82,-0.34,231.39,1.02,Fwd,7.70
1748746230.98,-0.82,-0.34,231.39,1.02,Fwd,7.70
1748746230.98,-0.82,-0.34,231.39,1.02,Fwd,7.70
1748746230.99,-1.09,-0.34,231.39,1.02,Fwd,7.70
1748746230.99,-1.09,-1.15,231.39,1.02,Fwd,7.70
1748746230.99,-1.09,-1.15,233.83,1.02,Fwd,7.70
1748746230.99,-1.09,-1.15,233.83,1.00,Fwd,7.70
1748746231.01,-1.09,-1.15,233.83,1.00,Fwd,7.70
1748746231.05,-1.09,-1.15,233.83,1.00,Fwd,7.70
1748746231.09,-1.09,-1.15,233.83,1.00,Fwd,7.70
1748746231.13,-1.09,-1.15,233.83,1.00,Fwd,7.70
1748746231.15,-1.01,-1.15,233.83,1.00,Fwd,7.70
1748746231.19,-1.01,-2.05,233.83,1.00,Fwd,7.70
1748746231.23,-1.01,-2.05,236.43,1.00,Fwd,7.70
1748746231.23,-1.01,-2.05,236.43,0.91,Fwd,7.70
1748746231.24,-1.01,-2.05,236.43,0.91,Fwd,7.70
1748746231.24,-1.01,-2.05,236.43,0.91,Fwd,7.70
1748746231.24,-1.01,-2.05,236.43,0.91,Fwd,7.70
1748746231.24,-1.01,-2.05,236.43,0.91,Fwd,7.70
1748746231.26,-0.64,-2.05,236.43,0.91,Fwd,7.70
1748746231.26,-0.64,-2.27,236.43,0.91,Fwd,7.70
1748746231.27,-0.64,-2.27,239.64,0.91,Fwd,7.70
1748746231.27,-0.64,-2.27,239.64,0.97,Fwd,7.70
1748746231.27,-0.64,-2.27,239.64,0.97,Fwd,7.70
1748746231.27,-0.64,-2.27,239.64,0.97,Fwd,7.70
1748746231.27,-0.64,-2.27,239.64,0.97,Fwd,7.70
1748746231.27,-0.64,-2.27,239.64,0.97,Fwd,6.85
1748746231.27,-0.29,-2.27,239.64,0.97,Fwd,6.85
1748746231.33,-0.29,-2.27,239.64,0.97,Fwd,6.85
1748746231.33,-0.23,-2.27,239.64,0.97,Fwd,6.85
1748746231.34,-0.23,-1.38,239.64,0.97,Fwd,6.85
1748746231.34,-0.23,-1.38,239.57,0.97,Fwd,6.85
1748746231.34,-0.23,-1.38,239.57,0.94,Fwd,6.85
1748746231.34,-0.23,-1.38,239.57,0.94,Fwd,6.85
1748746231.34,-0.23,-1.38,239.57,0.94,Fwd,6.85
1748746231.34,-0.23,-1.38,239.57,0.94,Fwd,6.85
1748746231.44,-0.23,-1.38,239.57,0.94,Fwd,6.85
1748746231.44,-0.16,-1.38,239.57,0.94,Fwd,6.85
1748746231.44,-0.16,0.13,239.57,0.94,Fwd,6.85
1748746231.44,-0.16,0.13,238.78,0.94,Fwd,6.85
1748746231.44,-0.16,0.13,238.78,1.02,Fwd,6.85
1748746231.45,-0.16,0.13,238.78,1.02,Fwd,6.85
1748746231.45,-0.16,0.13,238.78,1.02,Fwd,6.85
1748746231.45,-0.16,0.13,238.78,1.02,Fwd,6.85
1748746231.54,-0.16,0.13,238.78,1.02,Fwd,6.85
1748746231.55,-0.22,0.13,238.78,1.02,Fwd,6.85
1748746231.55,-0.22,1.81,238.78,1.02,Fwd,6.85
1748746231.58,-0.22,1.81,237.55,1.02,Fwd,6.85
1748746231.61,-0.22,1.81,237.55,0.97,Fwd,6.85
1748746231.61,-0.22,1.81,237.55,0.97,Fwd,6.85
1748746231.61,-0.22,1.81,237.55,0.97,Fwd,6.85
1748746231.61,-0.22,1.81,237.55,0.97,Fwd,6.85
1748746231.65,-0.22,1.81,237.55,0.97,Fwd,6.85
1748746231.65,-0.23,1.81,237.55,0.97,Fwd,6.85
1748746231.65,-0.23,3.36,237.55,0.97,Fwd,6.85
1748746231.66,-0.23,3.36,236.29,0.97,Fwd,6.85
1748746231.66,-0.23,3.36,236.29,0.98,Fwd,6.85
1748746231.66,-0.23,3.36,236.29,0.98,Fwd,6.85
1748746231.66,-0.23,3.36,236.29,0.98,Fwd,6.85
1748746231.66,-0.23,3.36,236.29,0.98,Fwd,6.85
1748746231.75,-0.23,3.36,236.29,0.98,Fwd,6.85