1748746315.33,-0.82,0.41,313.35,0.96,Fwd,3.11
1748746315.36,-0.92,0.41,313.35,0.96,Fwd,3.11
1748746315.40,-0.92,0.48,313.35,0.96,Fwd,3.11
1748746315.40,-0.92,0.48,313.54,0.96,Fwd,3.11
1748746315.40,-0.92,0.48,313.54,0.99,Fwd,3.11
1748746315.40,-0.92,0.48,313.54,0.99,Fwd,3.11
1748746315.40,-0.92,0.48,313.54,0.99,Fwd,3.11
1748746315.41,-0.92,0.48,313.54,0.99,Fwd,3.11
1748746315.43,-0.92,0.48,313.54,0.99,Fwd,3.11
1748746315.44,-0.89,0.48,313.54,0.99,Fwd,3.11
1748746315.44,-0.89,0.22,313.54,0.99,Fwd,3.11
1748746315.44,-0.89,0.22,313.88,0.99,Fwd,3.11
1748746315.44,-0.89,0.22,313.88,0.96,Fwd,3.11
1748746315.44,-0.89,0.22,313.88,0.96,Fwd,3.11
1748746315.44,-0.89,0.22,313.88,0.96,Fwd,3.11
1748746315.44,-0.89,0.22,313.88,0.96,Fwd,3.11
1748746315.54,-0.89,0.22,313.88,0.96,Fwd,3.11
1748746315.55,-0.57,0.22,313.88,0.96,Fwd,3.11
1748746315.55,-0.57,0.05,313.88,0.96,Fwd,3.11
1748746315.55,-0.57,0.05,314.27,0.96,Fwd,3.11
1748746315.55,-0.57,0.05,314.27,0.99,Fwd,3.11
1748746315.55,-0.57,0.05,314.27,0.99,Fwd,3.11
1748746315.55,-0.57,0.05,314.27,0.99,Fwd,3.11
1748746315.56,-0.57,0.05,314.27,0.99,Fwd,3.11
1748746315.64,-0.57,0.05,314.27,0.99,Fwd,3.11
1748746315.68,-0.11,0.05,314.27,0.99,Fwd,3.11
1748746315.68,-0.11,-0.28,314.27,0.99,Fwd,3.11
1748746315.68,-0.11,-0.28,314.89,0.99,Fwd,3.11
1748746315.68,-0.11,-0.28,314.89,0.97,Fwd,3.11
1748746315.68,-0.11,-0.28,314.89,0.97,Fwd,3.11
1748746315.68,-0.11,-0.28,314.89,0.97,Fwd,3.11
1748746315.68,-0.11,-0.28,314.89,0.97,Fwd,3.11
1748746315.75,-0.11,-0.28,314.89,0.97,Fwd,3.11
1748746315.78,0.03,-0.28,314.89,0.97,Fwd,3.11
1748746315.78,0.03,-0.57,314.89,0.97,Fwd,3.11
1748746315.79,0.03,-0.57,315.51,0.97,Fwd,3.11
1748746315.79,0.03,-0.57,315.51,0.97,Fwd,3.11
1748746315.79,0.03,-0.57,315.51,0.97,Fwd,3.11
1748746315.79,0.03,-0.57,315.51,0.97,Fwd,3.11
1748746315.79,0.03,-0.57,315.51,0.97,Fwd,3.11
1748746315.85,0.03,-0.57,315.51,0.97,Fwd,3.11
1748746315.85,0.24,-0.57,315.51,0.97,Fwd,3.11
1748746315.85,0.24,-0.70,315.51,0.97,Fwd,3.11
1748746315.86,0.24,-0.70,316.09,0.97,Fwd,3.11
1748746315.86,0.24,-0.70,316.09,0.99,Fwd,3.11
1748746315.86,0.24,-0.70,316.09,0.99,Fwd,3.11
1748746315.86,0.24,-0.70,316.09,0.99,Fwd,3.11
1748746315.86,0.24,-0.70,316.09,0.99,Fwd,3.11
1748746315.92,0.24,-0.70,316.09,0.99,Fwd,3.11
1748746315.92,0.42,-0.70,316.09,0.99,Fwd,3.11
1748746315.93,0.42,-0.81,316.09,0.99,Fwd,3.11
1748746315.93,0.42,-0.81,316.60,0.99,Fwd,3.11
1748746315.93,0.42,-0.81,316.60,0.98,Fwd,3.11
1748746315.93,0.42,-0.81,316.60,0.98,Fwd,3.11
1748746315.93,0.42,-0.81,316.60,0.98,Fwd,3.11
1748746315.93,0.42,-0.81,316.60,0.98,Fwd,3.11
1748746316.03,0.42,-0.81,316.60,0.98,Fwd,3.11
1748746316.03,0.67,-0.81,316.60,0.98,Fwd,3.11
1748746316.03,0.67,-0.51,316.60,0.98,Fwd,3.11
1748746316.03,0.67,-0.51,317.04,0.98,Fwd,3.11
1748746316.03,0.67,-0.51,317.04,0.98,Fwd,3.11
1748746316.03,0.67,-0.51,317.04,0.98,Fwd,3.11
1748746316.03,0.67,-0.51,317.04,0.98,Fwd,3.11
1748746316.03,0.67,-0.51,317.04,0.98,Fwd,3.11
1748746316.14,0.67,-0.51,317.04,0.98,Fwd,3.11
1748746316.14,0.51,-0.51,317.04,0.98,Fwd,3.11
1748746316.14,0.51,0.43,317.04,0.98,Fwd,3.11
1748746316.15,0.51,0.43,317.62,0.98,Fwd,3.11
1748746316.15,0.51,0.43,317.62,0.96,Fwd,3.11
1748746316.15,0.51,0.43,317.62,0.96,Fwd,3.11
1748746316.17,0.51,0.43,317.62,0.96,Fwd,3.11
1748746316.17,0.51,0.43,317.62,0.96,Fwd,3.11
1748746316.24,0.51,0.43,317.62,0.96,Fwd,3.11
1748746316.25,0.41,0.43,317.62,0.96,Fwd,3.11
1748746316.25,0.41,1.49,317.62,0.96,Fwd,3.11
1748746316.25,0.41,1.49,318.22,0.96,Fwd,3.11
1748746316.26,0.41,1.49,318.22,1.02,Fwd,3.11
1748746316.26,0.41,1.49,318.22,1.02,Fwd,3.11
1748746316.26,0.41,1.49,318.22,1.02,Fwd,3.11
1748746316.26,0.41,1.49,318.22,1.02,Fwd,3.11
1748746316.35,0.41,1.49,318.22,1.02,Fwd,3.11
1748746316.38,0.35,1.49,318.22,1.02,Fwd,3.11
1748746316.41,0.35,3.02,318.22,1.02,Fwd,3.11
1748746316.45,0.35,3.02,318.85,1.02,Fwd,3.11
1748746316.49,0.35,3.02,318.85,1.01,Fwd,3.11
1748746316.49,0.35,3.02,318.85,1.01,Fwd,3.11
1748746316.50,0.35,3.02,318.85,1.01,Fwd,3.11
1748746316.50,0.35,3.02,318.85,1.01,Fwd,3.11
1748746316.50,0.35,3.02,318.85,1.01,Fwd,3.11
1748746316.50,0.27,3.02,318.85,1.01,Fwd,3.11
1748746316.50,0.27,4.73,318.85,1.01,Fwd,3.11
1748746316.51,0.27,4.73,319.58,1.01,Fwd,3.11
1748746316.51,0.27,4.73,319.58,0.93,Fwd,3.11
1748746316.51,0.27,4.73,319.58,0.93,Fwd,3.11
1748746316.52,0.27,4.73,319.58,0.93,Fwd,3.11
1748746316.52,0.27,4.73,319.58,0.93,Fwd,3.11
1748746316.56,0.27,4.73,319.58,0.93,Fwd,3.11
1748746316.56,0.43,4.73,319.58,0.93,Fwd,3.11
1748746316.56,0.43,4.61,319.58,0.93,Fwd,3.11
1748746316.57,0.43,4.61,320.25,0.93,Fwd,3.11
1748746316.57,0.43,4.61,320.25,1.05,Fwd,3.11
1748746316.59,0.43,4.61,320.25,1.05,Fwd,3.11
1748746316.63,0.43,4.61,320.25,1.05,Fwd,3.11
1748746316.63,0.43,4.61,320.25,1.05,Fwd,3.11
1748746316.63,0.43,4.61,320.25,1.05,Fwd,3.11
1748746316.63,0.40,4.61,320.25,1.05,Fwd,3.11
1748746316.63,0.40,5.54,320.25,1.05,Fwd,3.11
1748746316.64,0.40,5.54,320.89,1.05,Fwd,3.11
1748746316.64,0.40,5.54,320.89,1.13,Fwd,3.11
1748746316.64,0.40,5.54,320.89,1.13,Fwd,3.11
1748746316.64,0.40,5.54,320.89,1.13,Fwd,3.11
1748746316.64,0.40,5.54,320.89,1.13,Fwd,3.11
1748746316.73,0.40,5.54,320.89,1.13,Fwd,3.11
1748746316.74,-1.46,5.54,320.89,1.13,Fwd,3.11
1748746316.74,-1.46,2.14,320.89,1.13,Fwd,3.11
1748746316.77,-1.46,2.14,324.56,1.13,Fwd,3.11
1748746316.77,-1.46,2.14,324.56,0.75,Fwd,3.11
1748746316.77,-1.46,2.14,324.56,0.75,Fwd,3.11
1748746316.77,-1.46,2.14,324.56,0.75,Fwd,3.11
1748746316.78,-1.46,2.14,324.56,0.75,Fwd,3.11
1748746316.84,-1.46,2.14,324.56,0.75,Fwd,3.11
1748746316.84,-2.39,2.14,324.56,0.75,Fwd,3.11
1748746316.84,-2.39,-0.48,324.56,0.75,Fwd,3.11
1748746316.87,-2.39,-0.48,328.00,0.75,Fwd,3.11
1748746316.88,-2.39,-0.48,328.00,0.74,Fwd,3.11
1748746316.88,-2.39,-0.48,328.00,0.74,Fwd,3.11
1748746316.88,-2.39,-0.48,328.00,0.74,Fwd,3.11
1748746316.88,-2.39,-0.48,328.00,0.74,Fwd,3.11
1748746316.94,-2.39,-0.48,328.00,0.74,Fwd,3.11
1748746316.95,-2.11,-0.48,328.00,0.74,Fwd,3.11
1748746316.95,-2.11,1.17,328.00,0.74,Fwd,3.11
1748746316.95,-2.11,1.17,328.27,0.74,Fwd,3.11
1748746316.95,-2.11,1.17,328.27,1.13,Fwd,3.11
1748746316.95,-2.11,1.17,328.27,1.13,Fwd,3.11
1748746316.96,-2.11,1.17,328.27,1.13,Fwd,3.11
1748746316.96,-2.11,1.17,328.27,1.13,Fwd,3.11
1748746316.96,-2.11,1.17,328.27,1.13,Fwd,3.11
1748746317.05,-2.11,1.17,328.27,1.13,Fwd,3.11
1748746317.05,-1.50,1.17,328.27,1.13,Fwd,3.11
1748746317.05,-1.50,1.30,328.27,1.13,Fwd,3.11
1748746317.05,-1.50,1.30,328.81,1.13,Fwd,3.11
1748746317.06,-1.50,1.30,328.81,0.95,Fwd,3.11
1748746317.06,-1.50,1.30,328.81,0.95,Fwd,3.11
1748746317.06,-1.50,1.30,328.81,0.95,Fwd,3.11
1748746317.06,-1.50,1.30,328.81,0.95,Fwd,3.11
1748746317.15,-1.50,1.30,328.81,0.95,Fwd,3.11
1748746317.15,-1.30,1.30,328.81,0.95,Fwd,3.11
1748746317.15,-1.30,1.13,328.81,0.95,Fwd,3.11
1748746317.15,-1.30,1.13,329.34,0.95,Fwd,3.11
1748746317.15,-1.30,1.13,329.34,1.12,Fwd,3.11
1748746317.15,-1.30,1.13,329.34,1.12,Fwd,3.11
1748746317.16,-1.30,1.13,329.34,1.12,Fwd,3.11
1748746317.16,-1.30,1.13,329.34,1.12,Fwd,3.11
1748746317.25,-1.30,1.13,329.34,1.12,Fwd,0.00
1748746317.29,-2.24,1.13,329.34,1.12,Fwd,0.00
1748746317.29,-2.24,-0.62,329.34,1.12,Fwd,0.00
1748746317.29,-2.24,-0.62,327.87,1.12,Fwd,0.00
1748746317.29,-2.24,-0.62,327.87,0.82,Fwd,0.00
1748746317.29,-2.24,-0.62,327.87,0.82,Fwd,0.00
1748746317.29,-2.24,-0.62,327.87,0.82,Fwd,0.00
1748746317.29,-2.24,-0.62,327.87,0.82,Fwd,0.00
1748746317.32,-2.24,-0.62,327.87,0.82,Fwd,0.00
1748746317.32,-5.73,-0.62,327.87,0.82,Fwd,0.00
1748746317.33,-5.73,4.00,327.87,0.82,Fwd,0.00
1748746317.33,-5.73,4.00,322.95,0.82,Fwd,0.00
1748746317.33,-5.73,4.00,322.95,0.66,Fwd,0.00
1748746317.33,-5.73,4.00,322.95,0.66,Fwd,0.00
1748746317.33,-5.73,4.00,322.95,0.66,Fwd,0.00
1748746317.33,-5.73,4.00,322.95,0.66,Fwd,0.00
1748746317.43,-5.73,4.00,322.95,0.66,Fwd,0.00
1748746317.43,-4.54,4.00,322.95,0.66,Fwd,0.00
1748746317.43,-4.54,3.65,322.95,0.66,Fwd,0.00
1748746317.43,-4.54,3.65,321.12,0.66,Fwd,0.00
1748746317.43,-4.54,3.65,321.12,2.09,Fwd,0.00
1748746317.43,-4.54,3.65,321.12,2.09,Fwd,0.00
1748746317.43,-4.54,3.65,321.12,2.09,Fwd,0.00
1748746317.44,-4.54,3.65,321.12,2.09,Fwd,0.00
1748746317.57,-4.54,3.65,321.12,2.09,Fwd,0.00
1748746317.57,-4.12,3.65,321.12,2.09,Fwd,0.00
1748746317.57,-4.12,3.43,321.12,2.09,Fwd,0.00
1748746317.57,-4.12,3.43,321.89,2.09,Fwd,0.00
1748746317.57,-4.12,3.43,321.89,0.93,Fwd,0.00
1748746317.57,-4.12,3.43,321.89,0.93,Fwd,0.00
1748746317.57,-4.12,3.43,321.89,0.93,Fwd,0.00
1748746317.58,-4.12,3.43,321.89,0.93,Fwd,0.00
1748746317.64,-4.12,3.43,321.89,0.93,Fwd,0.00
1748746317.65,-3.73,3.43,321.89,0.93,Fwd,0.00
1748746317.65,-3.73,3.55,321.89,0.93,Fwd,0.00
1748746317.65,-3.73,3.55,322.07,0.93,Fwd,0.00
1748746317.65,-3.73,3.55,322.07,1.12,Fwd,0.00
1748746317.66,-3.73,3.55,322.07,1.12,Fwd,0.00
1748746317.66,-3.73,3.55,322.07,1.12,Fwd,0.00
1748746317.66,-3.73,3.55,322.07,1.12,Fwd,0.00
1748746317.75,-3.73,3.55,322.07,1.12,Fwd,0.00
1748746317.75,-3.34,3.55,322.07,1.12,Fwd,0.00
1748746317.75,-3.34,2.44,322.07,1.12,Fwd,0.00
1748746317.75,-3.34,2.44,322.54,1.12,Fwd,0.00
1748746317.75,-3.34,2.44,322.54,1.39,Fwd,0.00
1748746317.75,-3.34,2.44,322.54,1.39,Fwd,0.00
1748746317.76,-3.34,2.44,322.54,1.39,Fwd,0.00
1748746317.76,-3.34,2.44,322.54,1.39,Fwd,0.00
1748746317.85,-3.34,2.44,322.54,1.39,Fwd,6.12
1748746317.86,-4.33,2.44,322.54,1.39,Fwd,6.12
1748746317.86,-4.33,-0.87,322.54,1.39,Fwd,6.12
1748746317.86,-4.33,-0.87,320.09,1.39,Fwd,6.12
1748746317.86,-4.33,-0.87,320.09,0.68,Fwd,6.12
1748746317.86,-4.33,-0.87,320.09,0.68,Fwd,6.12
1748746317.87,-4.33,-0.87,320.09,0.68,Fwd,6.12
1748746317.87,-4.33,-0.87,320.09,0.68,Fwd,6.12
1748746317.96,-4.33,-0.87,320.09,0.68,Fwd,6.12
1748746317.96,-1.32,-0.87,320.09,0.68,Fwd,6.12
1748746317.96,-1.32,-2.27,320.09,0.68,Fwd,6.12
1748746317.97,-1.32,-2.27,317.85,0.68,Fwd,6.12
1748746317.97,-1.32,-2.27,317.85,0.42,Fwd,6.12
1748746317.97,-1.32,-2.27,317.85,0.42,Fwd,6.12
1748746317.97,-1.32,-2.27,317.85,0.42,Fwd,6.12
1748746317.98,-1.32,-2.27,317.85,0.42,Fwd,6.12
1748746318.03,-1.32,-2.27,317.85,0.42,Fwd,6.12
1748746318.03,-5.94,-2.27,317.85,0.42,Fwd,6.12
1748746318.03,-5.94,-0.59,317.85,0.42,Fwd,6.12
1748746318.03,-5.94,-0.59,316.74,0.42,Fwd,6.12
1748746318.04,-5.94,-0.59,316.74,-0.74,Fwd,6.12
1748746318.04,-5.94,-0.59,316.74,-0.74,Fwd,6.12
1748746318.04,-5.94,-0.59,316.74,-0.74,Fwd,6.12
1748746318.04,-5.94,-0.59,316.74,-0.74,Fwd,6.12
1748746318.13,-5.94,-0.59,316.74,-0.74,Fwd,6.12
1748746318.13,-5.56,-0.59,316.74,-0.74,Fwd,6.12
1748746318.14,-5.56,0.45,316.74,-0.74,Fwd,6.12
1748746318.14,-5.56,0.45,317.39,-0.74,Fwd,6.12
1748746318.14,-5.56,0.45,317.39,0.95,Fwd,6.12
1748746318.14,-5.56,0.45,317.39,0.95,Fwd,6.12
1748746318.15,-5.56,0.45,317.39,0.95,Fwd,6.12
1748746318.15,-5.56,0.45,317.39,0.95,Fwd,6.12
1748746318.24,-5.56,0.45,317.39,0.95,Fwd,6.12
1748746318.24,-5.39,0.45,317.39,0.95,Fwd,6.12
1748746318.24,-5.39,-0.07,317.39,0.95,Fwd,6.12
1748746318.24,-5.39,-0.07,318.11,0.95,Fwd,6.12
1748746318.24,-5.39,-0.07,318.11,0.70,Fwd,6.12
1748746318.24,-5.39,-0.07,318.11,0.70,Fwd,6.12
1748746318.25,-5.39,-0.07,318.11,0.70,Fwd,6.12
1748746318.25,-5.39,-0.07,318.11,0.70,Fwd,6.12
1748746318.34,-5.39,-0.07,318.11,0.70,Fwd,6.12
1748746318.35,-5.06,-0.07,318.11,0.70,Fwd,6.12
1748746318.35,-5.06,2.54,318.11,0.70,Fwd,6.12
1748746318.35,-5.06,2.54,318.38,0.70,Fwd,6.12
1748746318.36,-5.06,2.54,318.38,1.04,Fwd,6.12
1748746318.36,-5.06,2.54,318.38,1.04,Fwd,6.12
1748746318.36,-5.06,2.54,318.38,1.04,Fwd,6.12
1748746318.36,-5.06,2.54,318.38,1.04,Fwd,6.12
1748746318.45,-5.06,2.54,318.38,1.04,Fwd,6.12
1748746318.48,-4.51,2.54,318.38,1.04,Fwd,6.12
1748746318.52,-4.51,1.05,318.38,1.04,Fwd,6.12
1748746318.55,-4.51,1.05,318.88,1.04,Fwd,6.12
1748746318.59,-4.51,1.05,318.88,1.77,Fwd,6.12
1748746318.62,-4.51,1.05,318.88,1.77,Fwd,6.12
1748746318.66,-4.51,1.05,318.88,1.77,Fwd,6.12
1748746318.66,-4.51,1.05,318.88,1.77,Fwd,6.12
1748746318.66,-4.51,1.05,318.88,1.77,Fwd,6.12
1748746318.67,-30.05,1.05,318.88,1.77,Fwd,6.12
1748746318.67,-30.05,7.70,318.88,1.77,Fwd,6.12
1748746318.67,-30.05,7.70,299.79,1.77,Fwd,6.12
1748746318.67,-30.05,7.70,299.79,2.12,Fwd,6.12
1748746318.67,-30.05,7.70,299.79,2.12,Fwd,6.12
1748746318.67,-30.05,7.70,299.79,2.12,Fwd,6.12
1748746318.68,-30.05,7.70,299.79,2.12,Fwd,6.12
1748746318.73,-30.05,7.70,299.79,2.12,Fwd,6.12
1748746318.73,-38.26,7.70,299.79,2.12,Fwd,6.12
1748746318.74,-38.26,8.29,299.79,2.12,Fwd,6.12
1748746318.74,-38.26,8.29,264.84,2.12,Fwd,6.12
1748746318.74,-38.26,8.29,264.84,0.47,Fwd,6.12
1748746318.74,-38.26,8.29,264.84,0.47,Fwd,6.12
1748746318.74,-38.26,8.29,264.84,0.47,Fwd,6.12
1748746318.75,-38.26,8.29,264.84,0.47,Fwd,6.12
1748746318.75,-38.26,8.29,264.84,0.47,Fwd,6.12
1748746318.83,-38.26,8.29,264.84,0.47,Fwd,6.12
1748746318.87,-27.27,8.29,264.84,0.47,Fwd,6.12
1748746318.87,-27.27,7.97,264.84,0.47,Fwd,6.12
1748746318.87,-27.27,7.97,230.06,0.47,Fwd,6.12
1748746318.87,-27.27,7.97,230.06,-0.82,Fwd,6.12
1748746318.87,-27.27,7.97,230.06,-0.82,Fwd,6.12
1748746318.88,-27.27,7.97,230.06,-0.82,Fwd,6.12
1748746318.88,-27.27,7.97,230.06,-0.82,Fwd,6.12
1748746318.94,-27.27,7.97,230.06,-0.82,Fwd,6.12
1748746318.94,-27.68,7.97,230.06,-0.82,Fwd,6.12
1748746318.94,-27.68,12.73,230.06,-0.82,Fwd,6.12
1748746318.95,-27.68,12.73,196.02,-0.82,Fwd,6.12
1748746318.95,-27.68,12.73,196.02,-1.08,Fwd,6.12
1748746318.95,-27.68,12.73,196.02,-1.08,Fwd,6.12
1748746318.95,-27.68,12.73,196.02,-1.08,Fwd,6.12
1748746318.95,-27.68,12.73,196.02,-1.08,Fwd,6.12
1748746319.05,-27.68,12.73,196.02,-1.08,Fwd,6.12
1748746319.05,-31.82,12.73,196.02,-1.08,Fwd,6.12
1748746319.05,-31.82,12.84,196.02,-1.08,Fwd,6.12
1748746319.05,-31.82,12.84,170.79,-1.08,Fwd,6.12
1748746319.06,-31.82,12.84,170.79,0.36,Fwd,6.12
1748746319.06,-31.82,12.84,170.79,0.36,Fwd,6.12
1748746319.06,-31.82,12.84,170.79,0.36,Fwd,6.12
1748746319.06,-31.82,12.84,170.79,0.36,Fwd,6.12
1748746319.07,-31.82,12.84,170.79,0.36,Fwd,6.12
1748746319.15,-31.82,12.84,170.79,0.36,Fwd,6.12
1748746319.18,-17.46,12.84,170.79,0.36,Fwd,6.12
1748746319.19,-17.46,9.79,170.79,0.36,Fwd,6.12
1748746319.19,-17.46,9.79,162.58,0.36,Fwd,6.12
1748746319.19,-17.46,9.79,162.58,0.83,Fwd,6.12
1748746319.19,-17.46,9.79,162.58,0.83,Fwd,6.12
1748746319.19,-17.46,9.79,162.58,0.83,Fwd,6.12
1748746319.20,-17.46,9.79,162.58,0.83,Fwd,6.12
1748746319.25,-17.46,9.79,162.58,0.83,Fwd,6.12
1748746319.29,-1.06,9.79,162.58,0.83,Fwd,6.12
1748746319.32,-1.06,7.57,162.58,0.83,Fwd,6.12
1748746319.35,-1.06,7.57,161.51,0.83,Fwd,6.12
1748746319.39,-1.06,7.57,161.51,0.58,Fwd,6.12
1748746319.40,-1.06,7.57,161.51,0.58,Fwd,6.12
1748746319.40,-1.06,7.57,161.51,0.58,Fwd,6.12
1748746319.40,-1.06,7.57,161.51,0.58,Fwd,6.12
1748746319.40,-1.06,7.57,161.51,0.58,Fwd,6.12
1748746319.41,-1.62,7.57,161.51,0.58,Fwd,6.12
1748746319.41,-1.62,5.41,161.51,0.58,Fwd,6.12
1748746319.41,-1.62,5.41,161.69,0.58,Fwd,6.12
1748746319.41,-1.62,5.41,161.69,0.50,Fwd,6.12
1748746319.42,-1.62,5.41,161.69,0.50,Fwd,6.12
1748746319.46,-3.12,5.41,161.69,0.50,Fwd,6.12
1748746319.46,-3.12,4.40,161.69,0.50,Fwd,6.12
1748746319.47,-3.12,4.40,162.73,0.50,Fwd,6.12
1748746319.47,-3.12,4.40,162.73,1.06,Fwd,6.12
1748746319.47,-3.12,4.40,162.73,1.06,Fwd,6.12
1748746319.47,-3.12,4.40,162.73,1.06,Fwd,6.12
1748746319.48,-3.12,4.40,162.73,1.06,Fwd,6.12
1748746319.53,-3.12,4.40,162.73,1.06,Fwd,6.12
1748746319.53,-3.31,4.40,162.73,1.06,Fwd,6.12
1748746319.54,-3.31,4.26,162.73,1.06,Fwd,6.12
1748746319.54,-3.31,4.26,164.63,1.06,Fwd,6.12
1748746319.54,-3.31,4.26,164.63,1.01,Fwd,6.12
1748746319.54,-3.31,4.26,164.63,1.01,Fwd,6.12
1748746319.54,-3.31,4.26,164.63,1.01,Fwd,6.12
1748746319.55,-3.31,4.26,164.63,1.01,Fwd,6.12
1748746319.67,-3.31,4.26,164.63,1.01,Fwd,6.12
1748746319.68,-3.16,4.26,164.63,1.01,Fwd,6.12
1748746319.68,-3.16,1.07,164.63,1.01,Fwd,6.12
1748746319.68,-3.16,1.07,167.57,1.01,Fwd,6.12
1748746319.68,-3.16,1.07,167.57,0.87,Fwd,6.12
1748746319.68,-3.16,1.07,167.57,0.87,Fwd,6.12
1748746319.68,-3.16,1.07,167.57,0.87,Fwd,6.12
1748746319.69,-3.16,1.07,167.57,0.87,Fwd,6.12
1748746319.77,-3.16,1.07,167.57,0.87,Fwd,6.12
1748746319.81,-2.79,1.07,167.57,0.87,Fwd,6.12
1748746319.82,-2.79,-0.95,167.57,0.87,Fwd,6.12
1748746319.82,-2.79,-0.95,171.21,0.87,Fwd,6.12
1748746319.82,-2.79,-0.95,171.21,0.98,Fwd,6.12
1748746319.82,-2.79,-0.95,171.21,0.98,Fwd,6.12
1748746319.83,-2.79,-0.95,171.21,0.98,Fwd,6.12
1748746319.83,-2.79,-0.95,171.21,0.98,Fwd,6.12
1748746319.84,-2.79,-0.95,171.21,0.98,Fwd,6.12
1748746319.88,-2.28,-0.95,171.21,0.98,Fwd,6.12
1748746319.88,-2.28,-2.38,171.21,0.98,Fwd,6.12
1748746319.89,-2.28,-2.38,174.27,0.98,Fwd,6.12
1748746319.89,-2.28,-2.38,174.27,1.00,Fwd,6.12
1748746319.89,-2.28,-2.38,174.27,1.00,Fwd,6.12
1748746319.89,-2.28,-2.38,174.27,1.00,Fwd,6.12
1748746319.89,-2.28,-2.38,174.27,1.00,Fwd,6.12
1748746319.95,-2.28,-2.38,174.27,1.00,Fwd,6.12
1748746319.96,-1.94,-2.38,174.27,1.00,Fwd,6.12
1748746319.96,-1.94,-2.96,174.27,1.00,Fwd,6.12
1748746319.96,-1.94,-2.96,175.96,1.00,Fwd,6.12
1748746319.97,-1.94,-2.96,175.96,0.90,Fwd,6.12
1748746319.97,-1.94,-2.96,175.96,0.90,Fwd,6.12
1748746319.97,-1.94,-2.96,175.96,0.90,Fwd,6.12
1748746319.97,-1.94,-2.96,175.96,0.90,Fwd,6.12
1748746320.05,-1.94,-2.96,175.96,0.90,Fwd,6.12
1748746320.09,-1.57,-2.96,175.96,0.90,Fwd,6.12
1748746320.13,-1.57,-2.54,175.96,0.90,Fwd,6.12
1748746320.13,-1.57,-2.54,175.05,0.90,Fwd,6.12
1748746320.14,-1.57,-2.54,175.05,1.06,Fwd,6.12
1748746320.14,-1.57,-2.54,175.05,1.06,Fwd,6.12
1748746320.14,-1.57,-2.54,175.05,1.06,Fwd,6.12
1748746320.14,-1.57,-2.54,175.05,1.06,Fwd,6.12
1748746320.14,-1.57,-2.54,175.05,1.06,Fwd,1.63
1748746320.15,-1.17,-2.54,175.05,1.06,Fwd,1.63
1748746320.15,-1.17,-0.70,175.05,1.06,Fwd,1.63
1748746320.16,-1.17,-0.70,175.05,1.00,Fwd,1.63
1748746320.16,-1.17,-0.70,175.05,1.00,Fwd,1.63
1748746320.16,-1.17,-0.70,175.05,1.00,Fwd,1.63
1748746320.16,-1.17,-0.70,175.05,1.00,Fwd,1.63
1748746320.23,-1.17,-0.70,175.05,1.00,Fwd,1.63
1748746320.24,-1.18,-0.70,175.05,1.00,Fwd,1.63
1748746320.24,-1.18,1.24,175.05,1.00,Fwd,1.63
1748746320.24,-1.18,1.24,173.34,1.00,Fwd,1.63
1748746320.24,-1.18,1.24,173.34,1.00,Fwd,1.63
1748746320.25,-1.18,1.24,173.34,1.00,Fwd,1.63
1748746320.25,-1.18,1.24,173.34,1.00,Fwd,1.63
1748746320.25,-1.18,1.24,173.34,1.00,Fwd,1.63
1748746320.34,-1.18,1.24,173.34,1.00,Fwd,1.63
1748746320.34,-0.92,1.24,173.34,1.00,Fwd,1.63
1748746320.34,-0.92,2.17,173.34,1.00,Fwd,1.63
1748746320.35,-0.92,2.17,171.67,1.00,Fwd,1.63
1748746320.35,-0.92,2.17,171.67,0.97,Fwd,1.63
1748746320.35,-0.92,2.17,171.67,0.97,Fwd,1.63
1748746320.35,-0.92,2.17,171.67,0.97,Fwd,1.63
1748746320.35,-0.92,2.17,171.67,0.97,Fwd,1.63
1748746320.44,-0.92,2.17,171.67,0.97,Fwd,1.63
1748746320.45,-0.68,2.17,171.67,0.97,Fwd,1.63
1748746320.45,-0.68,2.08,171.67,0.97,Fwd,1.63
1748746320.45,-0.68,2.08,170.78,0.97,Fwd,1.63
1748746320.45,-0.68,2.08,170.78,0.97,Fwd,1.63
1748746320.46,-0.68,2.08,170.78,0.97,Fwd,1.63
1748746320.47,-0.68,2.08,170.78,0.97,Fwd,1.63
1748746320.51,-0.68,2.08,170.78,0.97,Fwd,1.63
1748746320.55,-0.68,2.08,170.78,0.97,Fwd,1.63
1748746320.58,-0.47,2.08,170.78,0.97,Fwd,1.63
1748746320.59,-0.47,0.82,170.78,0.97,Fwd,1.63
1748746320.59,-0.47,0.82,170.96,0.97,Fwd,1.63
1748746320.59,-0.47,0.82,170.96,0.92,Fwd,1.63
1748746320.59,-0.47,0.82,170.96,0.92,Fwd,1.63
1748746320.59,-0.47,0.82,170.96,0.92,Fwd,1.63
1748746320.60,-0.47,0.82,170.96,0.92,Fwd,1.63
1748746320.65,-0.47,0.82,170.96,0.92,Fwd,1.63
1748746320.66,-0.66,0.82,170.96,0.92,Fwd,1.63
1748746320.66,-0.66,-0.87,170.96,0.92,Fwd,1.63
1748746320.66,-0.66,-0.87,171.91,0.92,Fwd,1.63
1748746320.66,-0.66,-0.87,171.91,0.98,Fwd,1.63
1748746320.67,-0.66,-0.87,171.91,0.98,Fwd,1.63
1748746320.67,-0.66,-0.87,171.91,0.98,Fwd,1.63
1748746320.67,-0.66,-0.87,171.91,0.98,Fwd,1.63
1748746320.75,-0.66,-0.87,171.91,0.98,Fwd,1.63
1748746320.76,-0.75,-0.87,171.91,0.98,Fwd,1.63
1748746320.76,-0.75,-1.96,171.91,0.98,Fwd,1.63
1748746320.76,-0.75,-1.96,172.81,0.98,Fwd,1.63
1748746320.76,-0.75,-1.96,172.81,0.98,Fwd,1.63
1748746320.76,-0.75,-1.96,172.81,0.98,Fwd,1.63
1748746320.76,-0.75,-1.96,172.81,0.98,Fwd,1.63
1748746320.77,-0.75,-1.96,172.81,0.98,Fwd,1.63
1748746320.83,-0.75,-1.96,172.81,0.98,Fwd,1.63
1748746320.83,-0.76,-1.96,172.81,0.98,Fwd,1.63
1748746320.83,-0.76,-3.02,172.81,0.98,Fwd,1.63
1748746320.84,-0.76,-3.02,173.67,0.98,Fwd,1.63
1748746320.84,-0.76,-3.02,173.67,0.91,Fwd,1.63
1748746320.84,-0.76,-3.02,173.67,0.91,Fwd,1.63
1748746320.84,-0.76,-3.02,173.67,0.91,Fwd,1.63
1748746320.84,-0.76,-3.02,173.67,0.91,Fwd,1.63
1748746320.93,-0.76,-3.02,173.67,0.91,Fwd,1.63
1748746320.94,-0.78,-3.02,173.67,0.91,Fwd,1.63
1748746320.94,-0.78,-3.80,173.67,0.91,Fwd,1.63
1748746320.94,-0.78,-3.80,174.34,0.91,Fwd,1.63
1748746320.94,-0.78,-3.80,174.34,1.00,Fwd,1.63
1748746320.95,-0.78,-3.80,174.34,1.00,Fwd,1.63
1748746320.95,-0.78,-3.80,174.34,1.00,Fwd,1.63
1748746320.95,-0.78,-3.80,174.34,1.00,Fwd,1.63
1748746321.04,-0.78,-3.80,174.34,1.00,Fwd,4.39
1748746321.04,-0.78,-3.80,174.34,1.00,Fwd,4.39
1748746321.04,-0.78,-4.02,174.34,1.00,Fwd,4.39
1748746321.05,-0.78,-4.02,174.76,1.00,Fwd,4.39
1748746321.05,-0.78,-4.02,174.76,1.02,Fwd,4.39
1748746321.05,-0.78,-4.02,174.76,1.02,Fwd,4.39
1748746321.05,-0.78,-4.02,174.76,1.02,Fwd,4.39
1748746321.06,-0.78,-4.02,174.76,1.02,Fwd,4.39
1748746321.14,-0.78,-4.02,174.76,1.02,Fwd,4.39
1748746321.15,-0.48,-4.02,174.76,1.02,Fwd,4.39
1748746321.15,-0.48,-3.94,174.76,1.02,Fwd,4.39
1748746321.15,-0.48,-3.94,174.89,1.02,Fwd,4.39
1748746321.15,-0.48,-3.94,174.89,1.02,Fwd,4.39
1748746321.16,-0.48,-3.94,174.89,1.02,Fwd,4.39
1748746321.16,-0.48,-3.94,174.89,1.02,Fwd,4.39
1748746321.16,-0.48,-3.94,174.89,1.02,Fwd,4.39
1748746321.24,-0.48,-3.94,174.89,1.02,Fwd,4.39
1748746321.25,-0.20,-3.94,174.89,1.02,Fwd,4.39
1748746321.25,-0.20,-3.92,174.89,1.02,Fwd,4.39
1748746321.25,-0.20,-3.92,174.76,1.02,Fwd,4.39
1748746321.25,-0.20,-3.92,174.76,0.92,Fwd,4.39
1748746321.25,-0.20,-3.92,174.76,0.92,Fwd,4.39
1748746321.25,-0.20,-3.92,174.76,0.92,Fwd,4.39
1748746321.25,-0.20,-3.92,174.76,0.92,Fwd,4.39
1748746321.35,-0.20,-3.92,174.76,0.92,Fwd,4.39
1748746321.35,-0.41,-3.92,174.76,0.92,Fwd,4.39
1748746321.35,-0.41,-3.82,174.76,0.92,Fwd,4.39
1748746321.35,-0.41,-3.82,174.47,0.92,Fwd,4.39
1748746321.36,-0.41,-3.82,174.47,0.97,Fwd,4.39
1748746321.36,-0.41,-3.82,174.47,0.97,Fwd,4.39
1748746321.36,-0.41,-3.82,174.47,0.97,Fwd,4.39
1748746321.36,-0.41,-3.82,174.47,0.97,Fwd,4.39
1748746321.46,-0.41,-3.82,174.47,0.97,Fwd,4.39
1748746321.46,-0.81,-3.82,174.47,0.97,Fwd,4.39
1748746321.47,-0.81,-3.64,174.47,0.97,Fwd,4.39
1748746321.47,-0.81,-3.64,173.90,0.97,Fwd,4.39
1748746321.47,-0.81,-3.64,173.90,0.96,Fwd,4.39
1748746321.48,-0.81,-3.64,173.90,0.96,Fwd,4.39
1748746321.48,-0.81,-3.64,173.90,0.96,Fwd,4.39
1748746321.48,-0.81,-3.64,173.90,0.96,Fwd,4.39
1748746321.53,-0.81,-3.64,173.90,0.96,Fwd,4.39
1748746321.56,-1.09,-3.64,173.90,0.96,Fwd,4.39
1748746321.56,-1.09,-3.16,173.90,0.96,Fwd,4.39
1748746321.56,-1.09,-3.16,172.93,0.96,Fwd,4.39
1748746321.57,-1.09,-3.16,172.93,0.92,Fwd,4.39
1748746321.57,-1.09,-3.16,172.93,0.92,Fwd,4.39
1748746321.57,-1.09,-3.16,172.93,0.92,Fwd,4.39
1748746321.57,-1.09,-3.16,172.93,0.92,Fwd,4.39
1748746321.63,-1.09,-3.16,172.93,0.92,Fwd,4.39
1748746321.64,-1.23,-3.16,172.93,0.92,Fwd,4.39
1748746321.64,-1.23,-2.82,172.93,0.92,Fwd,4.39
1748746321.64,-1.23,-2.82,171.65,0.92,Fwd,4.39
1748746321.64,-1.23,-2.82,171.65,0.99,Fwd,4.39
1748746321.64,-1.23,-2.82,171.65,0.99,Fwd,4.39
1748746321.64,-1.23,-2.82,171.65,0.99,Fwd,4.39
1748746321.64,-1.23,-2.82,171.65,0.99,Fwd,4.39
1748746321.74,-1.23,-2.82,171.65,0.99,Fwd,4.99
1748746321.74,-1.40,-2.82,171.65,0.99,Fwd,4.99
1748746321.74,-1.40,-2.64,171.65,0.99,Fwd,4.99
1748746321.75,-1.40,-2.64,170.32,0.99,Fwd,4.99
1748746321.75,-1.40,-2.64,170.32,0.97,Fwd,4.99
1748746321.75,-1.40,-2.64,170.32,0.97,Fwd,4.99
1748746321.75,-1.40,-2.64,170.32,0.97,Fwd,4.99
1748746321.75,-1.40,-2.64,170.32,0.97,Fwd,4.99
1748746321.84,-1.40,-2.64,170.32,0.97,Fwd,4.99
1748746321.88,-1.41,-2.64,170.32,0.97,Fwd,4.99
1748746321.88,-1.41,-2.40,170.32,0.97,Fwd,4.99
1748746321.88,-1.41,-2.40,169.08,0.97,Fwd,4.99
1748746321.88,-1.41,-2.40,169.08,0.93,Fwd,4.99
1748746321.89,-1.41,-2.40,169.08,0.93,Fwd,4.99
1748746321.89,-1.41,-2.40,169.08,0.93,Fwd,4.99
1748746321.89,-1.41,-2.40,169.08,0.93,Fwd,4.99
1748746321.95,-1.41,-2.40,169.08,0.93,Fwd,4.99
1748746321.95,-1.27,-2.40,169.08,0.93,Fwd,4.99
1748746321.95,-1.27,-2.34,169.08,0.93,Fwd,4.99
1748746321.95,-1.27,-2.34,167.95,0.93,Fwd,4.99
1748746321.95,-1.27,-2.34,167.95,0.97,Fwd,4.99
1748746321.95,-1.27,-2.34,167.95,0.97,Fwd,4.99
1748746321.96,-1.27,-2.34,167.95,0.97,Fwd,4.99
1748746321.96,-1.27,-2.34,167.95,0.97,Fwd,4.99
1748746322.06,-1.27,-2.34,167.95,0.97,Fwd,4.99
1748746322.06,-0.90,-2.34,167.95,0.97,Fwd,4.99
1748746322.06,-0.90,-2.34,167.95,0.97,Fwd,4.99
1748746322.06,-0.90,-2.34,166.98,0.97,Fwd,4.99
1748746322.06,-0.90,-2.34,166.98,0.90,Fwd,4.99
1748746322.06,-0.90,-2.34,166.98,0.90,Fwd,4.99
1748746322.07,-0.90,-2.34,166.98,0.90,Fwd,4.99
1748746322.07,-0.90,-2.34,166.98,0.90,Fwd,4.99
1748746322.15,-0.90,-2.34,166.98,0.90,Fwd,4.99
1748746322.15,-0.87,-2.34,166.98,0.90,Fwd,4.99
1748746322.15,-0.87,-2.34,166.98,0.90,Fwd,4.99
1748746322.16,-0.87,-2.34,166.04,0.90,Fwd,4.99
1748746322.16,-0.87,-2.34,166.04,1.05,Fwd,4.99
1748746322.16,-0.87,-2.34,166.04,1.05,Fwd,4.99
1748746322.16,-0.87,-2.34,166.04,1.05,Fwd,4.99
1748746322.16,-0.87,-2.34,166.04,1.05,Fwd,4.99
1748746322.22,-0.87,-2.34,166.04,1.05,Fwd,4.99
1748746322.22,-0.94,-2.34,166.04,1.05,Fwd,4.99
1748746322.22,-0.94,-2.35,166.04,1.05,Fwd,4.99
1748746322.23,-0.94,-2.35,165.09,1.05,Fwd,4.99
1748746322.23,-0.94,-2.35,165.09,1.02,Fwd,4.99
1748746322.23,-0.94,-2.35,165.09,1.02,Fwd,4.99
1748746322.23,-0.94,-2.35,165.09,1.02,Fwd,4.99
1748746322.23,-0.94,-2.35,165.09,1.02,Fwd,4.99
1748746322.33,-0.94,-2.35,165.09,1.02,Fwd,4.99
1748746322.33,-1.01,-2.35,165.09,1.02,Fwd,4.99
1748746322.33,-1.01,-2.29,165.09,1.02,Fwd,4.99
1748746322.33,-1.01,-2.29,164.11,1.02,Fwd,4.99
1748746322.33,-1.01,-2.29,164.11,0.94,Fwd,4.99
1748746322.33,-1.01,-2.29,164.11,0.94,Fwd,4.99
1748746322.33,-1.01,-2.29,164.11,0.94,Fwd,4.99
1748746322.34,-1.01,-2.29,164.11,0.94,Fwd,4.99
1748746322.43,-1.01,-2.29,164.11,0.94,Fwd,5.57
1748746322.43,-1.12,-2.29,164.11,0.94,Fwd,5.57
1748746322.44,-1.12,-2.29,164.11,0.94,Fwd,5.57
1748746322.44,-1.12,-2.29,163.13,0.94,Fwd,5.57
1748746322.44,-1.12,-2.29,163.13,0.91,Fwd,5.57
1748746322.44,-1.12,-2.29,163.13,0.91,Fwd,5.57
1748746322.44,-1.12,-2.29,163.13,0.91,Fwd,5.57
1748746322.44,-1.12,-2.29,163.13,0.91,Fwd,5.57
1748746322.54,-1.12,-2.29,163.13,0.91,Fwd,5.57
1748746322.54,-1.40,-2.29,163.13,0.91,Fwd,5.57
1748746322.54,-1.40,-2.57,163.13,0.91,Fwd,5.57
1748746322.54,-1.40,-2.57,162.21,0.91,Fwd,5.57
1748746322.54,-1.40,-2.57,162.21,0.91,Fwd,5.57
1748746322.54,-1.40,-2.57,162.21,0.91,Fwd,5.57
1748746322.55,-1.40,-2.57,162.21,0.91,Fwd,5.57
1748746322.55,-1.40,-2.57,162.21,0.91,Fwd,5.57
1748746322.65,-1.40,-2.57,162.21,0.91,Fwd,5.57
1748746322.68,-1.67,-2.57,162.21,0.91,Fwd,5.57
1748746322.72,-1.67,-2.62,162.21,0.91,Fwd,5.57
1748746322.72,-1.67,-2.62,161.13,0.91,Fwd,5.57
1748746322.72,-1.67,-2.62,161.13,1.01,Fwd,5.57
1748746322.72,-1.67,-2.62,161.13,1.01,Fwd,5.57
1748746322.73,-1.67,-2.62,161.13,1.01,Fwd,5.57
1748746322.73,-1.67,-2.62,161.13,1.01,Fwd,5.57
1748746322.75,-1.67,-2.62,161.13,1.01,Fwd,5.57
1748746322.75,-1.89,-2.62,161.13,1.01,Fwd,5.57
1748746322.75,-1.89,-2.68,161.13,1.01,Fwd,5.57
1748746322.76,-1.89,-2.68,159.82,1.01,Fwd,5.57
1748746322.76,-1.89,-2.68,159.82,1.01,Fwd,5.57
1748746322.76,-1.89,-2.68,159.82,1.01,Fwd,5.57
1748746322.76,-1.89,-2.68,159.82,1.01,Fwd,5.57
1748746322.76,-1.89,-2.68,159.82,1.01,Fwd,5.57
1748746322.86,-1.89,-2.68,159.82,1.01,Fwd,5.57
1748746322.89,-1.92,-2.68,159.82,1.01,Fwd,5.57
1748746322.93,-1.92,-3.04,159.82,1.01,Fwd,5.57
1748746322.93,-1.92,-3.04,158.44,1.01,Fwd,5.57
1748746322.93,-1.92,-3.04,158.44,0.93,Fwd,5.57
1748746322.94,-1.92,-3.04,158.44,0.93,Fwd,5.57
1748746322.94,-1.92,-3.04,158.44,0.93,Fwd,5.57
1748746322.94,-1.92,-3.04,158.44,0.93,Fwd,5.57
1748746322.94,-1.92,-3.04,158.44,0.93,Fwd,5.57
1748746322.94,-1.73,-3.04,158.44,0.93,Fwd,5.57
1748746322.94,-1.73,-3.62,158.44,0.93,Fwd,5.57
1748746322.94,-1.73,-3.62,157.08,0.93,Fwd,5.57
1748746322.96,-1.73,-3.62,157.08,1.00,Fwd,5.57
1748746322.96,-1.73,-3.62,157.08,1.00,Fwd,5.57
1748746322.96,-1.73,-3.62,157.08,1.00,Fwd,5.57
1748746322.96,-1.73,-3.62,157.08,1.00,Fwd,5.57
1748746323.03,-1.73,-3.62,157.08,1.00,Fwd,6.17
1748746323.03,-1.84,-3.62,157.08,1.00,Fwd,6.17
1748746323.03,-1.84,-3.69,157.08,1.00,Fwd,6.17
1748746323.03,-1.84,-3.69,155.61,1.00,Fwd,6.17
1748746323.04,-1.84,-3.69,155.61,0.96,Fwd,6.17
1748746323.04,-1.84,-3.69,155.61,0.96,Fwd,6.17
1748746323.04,-1.84,-3.69,155.61,0.96,Fwd,6.17
1748746323.04,-1.84,-3.69,155.61,0.96,Fwd,6.17
1748746323.13,-1.84,-3.69,155.61,0.96,Fwd,6.17
1748746323.17,-2.09,-3.69,155.61,0.96,Fwd,6.17
1748746323.18,-2.09,-3.71,155.61,0.96,Fwd,6.17
1748746323.18,-2.09,-3.71,153.92,0.96,Fwd,6.17
1748746323.18,-2.09,-3.71,153.92,0.95,Fwd,6.17
1748746323.19,-2.09,-3.71,153.92,0.95,Fwd,6.17
1748746323.19,-2.09,-3.71,153.92,0.95,Fwd,6.17
1748746323.19,-2.09,-3.71,153.92,0.95,Fwd,6.17
1748746323.24,-2.09,-3.71,153.92,0.95,Fwd,6.17
1748746323.24,-2.23,-3.71,153.92,0.95,Fwd,6.17
1748746323.25,-2.23,-3.51,153.92,0.95,Fwd,6.17
1748746323.25,-2.23,-3.51,151.75,0.95,Fwd,6.17
1748746323.25,-2.23,-3.51,151.75,1.01,Fwd,6.17
1748746323.25,-2.23,-3.51,151.75,1.01,Fwd,6.17
1748746323.25,-2.23,-3.51,151.75,1.01,Fwd,6.17
1748746323.26,-2.23,-3.51,151.75,1.01,Fwd,6.17
1748746323.35,-2.23,-3.51,151.75,1.01,Fwd,6.17
1748746323.35,-2.61,-3.51,151.75,1.01,Fwd,6.17
1748746323.35,-2.61,-3.04,151.75,1.01,Fwd,6.17
1748746323.36,-2.61,-3.04,148.79,1.01,Fwd,6.17
1748746323.36,-2.61,-3.04,148.79,0.94,Fwd,6.17
1748746323.36,-2.61,-3.04,148.79,0.94,Fwd,6.17
1748746323.36,-2.61,-3.04,148.79,0.94,Fwd,6.17
1748746323.37,-2.61,-3.04,148.79,0.94,Fwd,6.17
1748746323.45,-2.61,-3.04,148.79,0.94,Fwd,6.17
1748746323.46,-2.97,-3.04,148.79,0.94,Fwd,6.17
1748746323.46,-2.97,-2.14,148.79,0.94,Fwd,6.17
1748746323.46,-2.97,-2.14,144.89,0.94,Fwd,6.17
1748746323.46,-2.97,-2.14,144.89,0.96,Fwd,6.17
1748746323.46,-2.97,-2.14,144.89,0.96,Fwd,6.17
1748746323.46,-2.97,-2.14,144.89,0.96,Fwd,6.17
1748746323.47,-2.97,-2.14,144.89,0.96,Fwd,6.17
1748746323.56,-2.97,-2.14,144.89,0.96,Fwd,6.17
1748746323.59,-3.02,-2.14,144.89,0.96,Fwd,6.17
1748746323.60,-3.02,-1.42,144.89,0.96,Fwd,6.17
1748746323.60,-3.02,-1.42,140.38,0.96,Fwd,6.17
1748746323.60,-3.02,-1.42,140.38,0.96,Fwd,6.17
1748746323.60,-3.02,-1.42,140.38,0.96,Fwd,6.17
1748746323.60,-3.02,-1.42,140.38,0.96,Fwd,6.17
1748746323.60,-3.02,-1.42,140.38,0.96,Fwd,6.17
1748746323.62,-3.02,-1.42,140.38,0.96,Fwd,6.44
1748746323.63,-2.76,-1.42,140.38,0.96,Fwd,6.44
1748746323.63,-2.76,-1.14,140.38,0.96,Fwd,6.44
1748746323.63,-2.76,-1.14,135.91,0.96,Fwd,6.44
1748746323.64,-2.76,-1.14,135.91,0.91,Fwd,6.44
1748746323.64,-2.76,-1.14,135.91,0.91,Fwd,6.44
1748746323.64,-2.76,-1.14,135.91,0.91,Fwd,6.44
1748746323.64,-2.76,-1.14,135.91,0.91,Fwd,6.44
1748746323.73,-2.76,-1.14,135.91,0.91,Fwd,6.44
1748746323.77,-2.96,-1.14,135.91,0.91,Fwd,6.44
1748746323.77,-2.96,-0.72,135.91,0.91,Fwd,6.44
1748746323.78,-2.96,-0.72,131.69,0.91,Fwd,6.44
1748746323.78,-2.96,-0.72,131.69,1.01,Fwd,6.44
1748746323.78,-2.96,-0.72,131.69,1.01,Fwd,6.44
1748746323.78,-2.96,-0.72,131.69,1.01,Fwd,6.44
1748746323.78,-2.96,-0.72,131.69,1.01,Fwd,6.44
1748746323.84,-2.96,-0.72,131.69,1.01,Fwd,6.44
1748746323.84,-3.23,-0.72,131.69,1.01,Fwd,6.44
1748746323.84,-3.23,0.06,131.69,1.01,Fwd,6.44
1748746323.84,-3.23,0.06,127.28,1.01,Fwd,6.44
1748746323.85,-3.23,0.06,127.28,0.92,Fwd,6.44
1748746323.85,-3.23,0.06,127.28,0.92,Fwd,6.44
1748746323.85,-3.23,0.06,127.28,0.92,Fwd,6.44
1748746323.85,-3.23,0.06,127.28,0.92,Fwd,6.44
1748746323.94,-3.23,0.06,127.28,0.92,Fwd,6.44
1748746323.94,-3.46,0.06,127.28,0.92,Fwd,6.44
1748746323.95,-3.46,1.03,127.28,0.92,Fwd,6.44
1748746323.95,-3.46,1.03,122.79,0.92,Fwd,6.44
1748746323.95,-3.46,1.03,122.79,0.97,Fwd,6.44
1748746323.95,-3.46,1.03,122.79,0.97,Fwd,6.44
1748746323.96,-3.46,1.03,122.79,0.97,Fwd,6.44
1748746323.96,-3.46,1.03,122.79,0.97,Fwd,6.44
1748746324.05,-3.46,1.03,122.79,0.97,Fwd,6.44
1748746324.08,-3.57,1.03,122.79,0.97,Fwd,6.44
1748746324.09,-3.57,1.67,122.79,0.97,Fwd,6.44
1748746324.09,-3.57,1.67,118.61,0.97,Fwd,6.44
1748746324.09,-3.57,1.67,118.61,0.96,Fwd,6.44
1748746324.09,-3.57,1.67,118.61,0.96,Fwd,6.44
1748746324.09,-3.57,1.67,118.61,0.96,Fwd,6.44
1748746324.09,-3.57,1.67,118.61,0.96,Fwd,6.44
1748746324.15,-3.57,1.67,118.61,0.96,Fwd,6.44
1748746324.19,-3.56,1.67,118.61,0.96,Fwd,6.44
1748746324.22,-3.56,2.33,118.61,0.96,Fwd,6.44
1748746324.22,-3.56,2.33,114.86,0.96,Fwd,6.44
1748746324.22,-3.56,2.33,114.86,0.90,Fwd,6.44
1748746324.23,-3.56,2.33,114.86,0.90,Fwd,6.44
1748746324.23,-3.56,2.33,114.86,0.90,Fwd,6.44
1748746324.23,-3.56,2.33,114.86,0.90,Fwd,6.44
1748746324.23,-3.56,2.33,114.86,0.90,Fwd,6.22
1748746324.23,-3.54,2.33,114.86,0.90,Fwd,6.22
1748746324.33,-3.54,3.26,114.86,0.90,Fwd,6.22
1748746324.33,-3.54,3.26,110.18,0.90,Fwd,6.22
1748746324.33,-3.54,3.26,110.18,1.08,Fwd,6.22
1748746324.33,-3.54,3.26,110.18,1.08,Fwd,6.22
1748746324.34,-3.54,3.26,110.18,1.08,Fwd,6.22
1748746324.34,-3.54,3.26,110.18,1.08,Fwd,6.22
1748746324.34,-3.54,3.26,110.18,1.08,Fwd,6.22
1748746324.34,-3.07,3.26,110.18,1.08,Fwd,6.22
1748746324.34,-3.07,3.48,110.18,1.08,Fwd,6.22
1748746324.36,-3.07,3.48,110.18,0.98,Fwd,6.22
1748746324.36,-3.07,3.48,110.18,0.98,Fwd,6.22
1748746324.36,-3.07,3.48,110.18,0.98,Fwd,6.22
1748746324.36,-3.07,3.48,110.18,0.98,Fwd,6.22
1748746324.43,-3.07,3.48,110.18,0.98,Fwd,6.22
1748746324.44,-2.26,3.48,110.18,0.98,Fwd,6.22
1748746324.44,-2.26,3.10,110.18,0.98,Fwd,6.22
1748746324.44,-2.26,3.10,109.52,0.98,Fwd,6.22
1748746324.44,-2.26,3.10,109.52,1.00,Fwd,6.22
1748746324.45,-2.26,3.10,109.52,1.00,Fwd,6.22
1748746324.46,-2.26,3.10,109.52,1.00,Fwd,6.22
1748746324.50,-2.26,3.10,109.52,1.00,Fwd,6.22
1748746324.54,-2.26,3.10,109.52,1.00,Fwd,6.22
1748746324.54,-1.52,3.10,109.52,1.00,Fwd,6.22
1748746324.54,-1.52,3.13,109.52,1.00,Fwd,6.22
1748746324.55,-1.52,3.13,109.20,1.00,Fwd,6.22
1748746324.55,-1.52,3.13,109.20,0.94,Fwd,6.22
1748746324.55,-1.52,3.13,109.20,0.94,Fwd,6.22
1748746324.55,-1.52,3.13,109.20,0.94,Fwd,6.22
1748746324.55,-1.52,3.13,109.20,0.94,Fwd,6.22
1748746324.64,-1.52,3.13,109.20,0.94,Fwd,6.22
1748746324.68,-0.82,3.13,109.20,0.94,Fwd,6.22
1748746324.68,-0.82,3.28,109.20,0.94,Fwd,6.22
1748746324.68,-0.82,3.28,109.01,0.94,Fwd,6.22
1748746324.68,-0.82,3.28,109.01,0.97,Fwd,6.22
1748746324.68,-0.82,3.28,109.01,0.97,Fwd,6.22
1748746324.68,-0.82,3.28,109.01,0.97,Fwd,6.22
1748746324.69,-0.82,3.28,109.01,0.97,Fwd,6.22
1748746324.75,-0.82,3.28,109.01,0.97,Fwd,6.22
1748746324.75,0.02,3.28,109.01,0.97,Fwd,6.22
1748746324.75,0.02,3.32,109.01,0.97,Fwd,6.22
1748746324.76,0.02,3.32,109.06,0.97,Fwd,6.22
1748746324.76,0.02,3.32,109.06,0.92,Fwd,6.22
1748746324.76,0.02,3.32,109.06,0.92,Fwd,6.22
1748746324.76,0.02,3.32,109.06,0.92,Fwd,6.22
1748746324.76,0.02,3.32,109.06,0.92,Fwd,6.22
1748746324.85,0.02,3.32,109.06,0.92,Fwd,6.22
1748746324.86,0.80,3.32,109.06,0.92,Fwd,6.22
1748746324.86,0.80,3.13,109.06,0.92,Fwd,6.22
1748746324.86,0.80,3.13,109.73,0.92,Fwd,6.22
1748746324.86,0.80,3.13,109.73,0.94,Fwd,6.22
1748746324.86,0.80,3.13,109.73,0.94,Fwd,6.22
1748746324.87,0.80,3.13,109.73,0.94,Fwd,6.22
1748746324.87,0.80,3.13,109.73,0.94,Fwd,6.22
1748746324.99,0.80,3.13,109.73,0.94,Fwd,6.22
1748746325.00,1.53,3.13,109.73,0.94,Fwd,6.22
1748746325.00,1.53,2.56,109.73,0.94,Fwd,6.22
1748746325.00,1.53,2.56,111.16,0.94,Fwd,6.22
1748746325.00,1.53,2.56,111.16,0.99,Fwd,6.22
1748746325.00,1.53,2.56,111.16,0.99,Fwd,6.22
1748746325.00,1.53,2.56,111.16,0.99,Fwd,6.22
1748746325.00,1.53,2.56,111.16,0.99,Fwd,6.22
1748746325.02,1.53,2.56,111.16,0.99,Fwd,4.37
1748746325.03,2.37,2.56,111.16,0.99,Fwd,4.37
1748746325.03,2.37,2.18,111.16,0.99,Fwd,4.37
1748746325.03,2.37,2.18,113.13,0.99,Fwd,4.37
1748746325.03,2.37,2.18,113.13,1.01,Fwd,4.37
1748746325.03,2.37,2.18,113.13,1.01,Fwd,4.37
1748746325.03,2.37,2.18,113.13,1.01,Fwd,4.37
1748746325.03,2.37,2.18,113.13,1.01,Fwd,4.37
1748746325.13,2.37,2.18,113.13,1.01,Fwd,4.37
1748746325.17,2.66,2.18,113.13,1.01,Fwd,4.37
1748746325.17,2.66,1.64,113.13,1.01,Fwd,4.37
1748746325.17,2.66,1.64,115.42,1.01,Fwd,4.37
1748746325.17,2.66,1.64,115.42,0.96,Fwd,4.37
1748746325.18,2.66,1.64,115.42,0.96,Fwd,4.37
1748746325.18,2.66,1.64,115.42,0.96,Fwd,4.37
1748746325.18,2.66,1.64,115.42,0.96,Fwd,4.37
1748746325.23,2.66,1.64,115.42,0.96,Fwd,4.37
1748746325.23,2.38,1.64,115.42,0.96,Fwd,4.37
1748746325.24,2.38,1.17,115.42,0.96,Fwd,4.37
1748746325.24,2.38,1.17,118.06,0.96,Fwd,4.37
1748746325.24,2.38,1.17,118.06,1.00,Fwd,4.37
1748746325.24,2.38,1.17,118.06,1.00,Fwd,4.37
1748746325.24,2.38,1.17,118.06,1.00,Fwd,4.37
1748746325.24,2.38,1.17,118.06,1.00,Fwd,4.37