1748746192.23,0.04,-0.84,135.16,1.00,Fwd,1.86
1748746192.23,-2.01,-0.84,135.16,1.00,Fwd,1.86
1748746192.23,-2.01,-1.12,135.16,1.00,Fwd,1.86
1748746192.24,-2.01,-1.12,136.02,1.00,Fwd,1.86
1748746192.24,-2.01,-1.12,136.02,0.98,Fwd,1.86
1748746192.24,-2.01,-1.12,136.02,0.98,Fwd,1.86
1748746192.24,-2.01,-1.12,136.02,0.98,Fwd,1.86
1748746192.24,-2.01,-1.12,136.02,0.98,Fwd,1.86
1748746192.34,-2.01,-1.12,136.02,0.98,Fwd,1.86
1748746192.37,-1.12,-1.12,136.02,0.98,Fwd,1.86
1748746192.37,-1.12,-0.87,136.02,0.98,Fwd,1.86
1748746192.38,-1.12,-0.87,136.91,0.98,Fwd,1.86
1748746192.38,-1.12,-0.87,136.91,0.97,Fwd,1.86
1748746192.38,-1.12,-0.87,136.91,0.97,Fwd,1.86
1748746192.38,-1.12,-0.87,136.91,0.97,Fwd,1.86
1748746192.38,-1.12,-0.87,136.91,0.97,Fwd,1.86
1748746192.44,-1.12,-0.87,136.91,0.97,Fwd,1.86
1748746192.48,-0.57,-0.87,136.91,0.97,Fwd,1.86
1748746192.51,-0.57,-1.46,136.91,0.97,Fwd,1.86
1748746192.55,-0.57,-1.46,137.65,0.97,Fwd,1.86
1748746192.55,-0.57,-1.46,137.65,0.93,Fwd,1.86
1748746192.55,-0.57,-1.46,137.65,0.93,Fwd,1.86
1748746192.55,-0.57,-1.46,137.65,0.93,Fwd,1.86
1748746192.55,-0.57,-1.46,137.65,0.93,Fwd,1.86
1748746192.58,-0.57,-1.46,137.65,0.93,Fwd,1.86
1748746192.65,-0.41,-1.46,137.65,0.93,Fwd,1.86
1748746192.65,-0.41,-1.87,137.65,0.93,Fwd,1.86
1748746192.65,-0.41,-1.87,138.42,0.93,Fwd,1.86
1748746192.66,-0.41,-1.87,138.42,0.96,Fwd,1.86
1748746192.66,-0.41,-1.87,138.42,0.96,Fwd,1.86
1748746192.66,-0.41,-1.87,138.42,0.96,Fwd,1.86
1748746192.66,-0.41,-1.87,138.42,0.96,Fwd,1.86
1748746192.66,-0.41,-1.87,138.42,0.96,Fwd,1.86
1748746192.66,-0.78,-1.87,138.42,0.96,Fwd,1.86
1748746192.66,-0.78,-1.24,138.42,0.96,Fwd,1.86
1748746192.66,-0.78,-1.24,138.95,0.96,Fwd,1.86
1748746192.66,-0.78,-1.24,138.95,0.98,Fwd,1.86
1748746192.66,-0.78,-1.24,138.95,0.98,Fwd,1.86
1748746192.73,-0.78,-1.24,138.95,0.98,Fwd,1.86
1748746192.76,-0.82,-1.24,138.95,0.98,Fwd,1.86
1748746192.76,-0.82,-0.29,138.95,0.98,Fwd,1.86
1748746192.76,-0.82,-0.29,139.12,0.98,Fwd,1.86
1748746192.77,-0.82,-0.29,139.12,1.01,Fwd,1.86
1748746192.77,-0.82,-0.29,139.12,1.01,Fwd,1.86
1748746192.77,-0.82,-0.29,139.12,1.01,Fwd,1.86
1748746192.77,-0.82,-0.29,139.12,1.01,Fwd,1.86
1748746192.83,-0.82,-0.29,139.12,1.01,Fwd,1.86
1748746192.83,-0.98,-0.29,139.12,1.01,Fwd,1.86
1748746192.86,-0.98,0.51,139.12,1.01,Fwd,1.86
1748746192.90,-0.98,0.51,138.97,1.01,Fwd,1.86
1748746192.91,-0.98,0.51,138.97,0.97,Fwd,1.86
1748746192.91,-0.98,0.51,138.97,0.97,Fwd,1.86
1748746192.91,-0.98,0.51,138.97,0.97,Fwd,1.86
1748746192.92,-0.98,0.51,138.97,0.97,Fwd,1.86
1748746192.93,-0.98,0.51,138.97,0.97,Fwd,1.86
1748746192.97,-0.81,0.51,138.97,0.97,Fwd,1.86
1748746192.97,-0.81,0.68,138.97,0.97,Fwd,1.86
1748746192.98,-0.81,0.68,138.84,0.97,Fwd,1.86
1748746192.98,-0.81,0.68,138.84,0.95,Fwd,1.86
1748746192.98,-0.81,0.68,138.84,0.95,Fwd,1.86
1748746192.98,-0.81,0.68,138.84,0.95,Fwd,1.86
1748746192.98,-0.81,0.68,138.84,0.95,Fwd,1.86
1748746193.04,-0.81,0.68,138.84,0.95,Fwd,1.86
1748746193.05,-0.69,0.68,138.84,0.95,Fwd,1.86
1748746193.05,-0.69,0.82,138.84,0.95,Fwd,1.86
1748746193.05,-0.69,0.82,138.89,0.95,Fwd,1.86
1748746193.05,-0.69,0.82,138.89,1.06,Fwd,1.86
1748746193.05,-0.69,0.82,138.89,1.06,Fwd,1.86
1748746193.06,-0.69,0.82,138.89,1.06,Fwd,1.86
1748746193.06,-0.69,0.82,138.89,1.06,Fwd,1.86
1748746193.21,-0.69,0.82,138.89,1.06,Fwd,1.86
1748746193.25,-0.52,0.82,138.89,1.06,Fwd,1.86
1748746193.29,-0.52,0.88,138.89,1.06,Fwd,1.86
1748746193.29,-0.52,0.88,139.16,1.06,Fwd,1.86
1748746193.32,-0.52,0.88,139.16,1.00,Fwd,1.86
1748746193.32,-0.52,0.88,139.16,1.00,Fwd,1.86
1748746193.32,-0.52,0.88,139.16,1.00,Fwd,1.86
1748746193.32,-0.52,0.88,139.16,1.00,Fwd,1.86
1748746193.32,-0.52,0.88,139.16,1.00,Fwd,1.86
1748746193.35,-0.30,0.88,139.16,1.00,Fwd,1.86
1748746193.35,-0.30,0.17,139.16,1.00,Fwd,1.86
1748746193.36,-0.30,0.17,139.75,1.00,Fwd,1.86
1748746193.36,-0.30,0.17,139.75,0.95,Fwd,1.86
1748746193.36,-0.30,0.17,139.75,0.95,Fwd,1.86
1748746193.36,-0.30,0.17,139.75,0.95,Fwd,1.86
1748746193.36,-0.30,0.17,139.75,0.95,Fwd,1.86
1748746193.36,-0.30,0.17,139.75,0.95,Fwd,2.78
1748746193.36,-0.17,0.17,139.75,0.95,Fwd,2.78
1748746193.36,-0.17,-0.92,139.75,0.95,Fwd,2.78
1748746193.36,-0.17,-0.92,140.65,0.95,Fwd,2.78
1748746193.36,-0.17,-0.92,140.65,1.01,Fwd,2.78
1748746193.36,-0.17,-0.92,140.65,1.01,Fwd,2.78
1748746193.36,-0.17,-0.92,140.65,1.01,Fwd,2.78
1748746193.37,-0.17,-0.92,140.65,1.01,Fwd,2.78
1748746193.42,-0.17,-0.92,140.65,1.01,Fwd,2.78
1748746193.42,-0.37,-0.92,140.65,1.01,Fwd,2.78
1748746193.42,-0.37,-1.95,140.65,1.01,Fwd,2.78
1748746193.42,-0.37,-1.95,141.83,1.01,Fwd,2.78
1748746193.43,-0.37,-1.95,141.83,0.92,Fwd,2.78
1748746193.43,-0.37,-1.95,141.83,0.92,Fwd,2.78
1748746193.43,-0.37,-1.95,141.83,0.92,Fwd,2.78
1748746193.43,-0.37,-1.95,141.83,0.92,Fwd,2.78
1748746193.53,-0.37,-1.95,141.83,0.92,Fwd,2.78
1748746193.53,-0.61,-1.95,141.83,0.92,Fwd,2.78
1748746193.53,-0.61,-1.48,141.83,0.92,Fwd,2.78
1748746193.53,-0.61,-1.48,142.70,0.92,Fwd,2.78
1748746193.53,-0.61,-1.48,142.70,0.95,Fwd,2.78
1748746193.53,-0.61,-1.48,142.70,0.95,Fwd,2.78
1748746193.53,-0.61,-1.48,142.70,0.95,Fwd,2.78
1748746193.54,-0.61,-1.48,142.70,0.95,Fwd,2.78
1748746193.63,-0.61,-1.48,142.70,0.95,Fwd,2.78
1748746193.63,-0.82,-1.48,142.70,0.95,Fwd,2.78
1748746193.63,-0.82,-0.39,142.70,0.95,Fwd,2.78
1748746193.63,-0.82,-0.39,143.34,0.95,Fwd,2.78
1748746193.63,-0.82,-0.39,143.34,0.95,Fwd,2.78
1748746193.64,-0.82,-0.39,143.34,0.95,Fwd,2.78
1748746193.64,-0.82,-0.39,143.34,0.95,Fwd,2.78
1748746193.64,-0.82,-0.39,143.34,0.95,Fwd,2.78
1748746193.74,-0.82,-0.39,143.34,0.95,Fwd,2.78
1748746193.74,-0.67,-0.39,143.34,0.95,Fwd,2.78
1748746193.74,-0.67,-1.12,143.34,0.95,Fwd,2.78
1748746193.74,-0.67,-1.12,144.23,0.95,Fwd,2.78
1748746193.74,-0.67,-1.12,144.23,0.91,Fwd,2.78
1748746193.74,-0.67,-1.12,144.23,0.91,Fwd,2.78
1748746193.75,-0.67,-1.12,144.23,0.91,Fwd,2.78
1748746193.75,-0.67,-1.12,144.23,0.91,Fwd,2.78
1748746193.84,-0.67,-1.12,144.23,0.91,Fwd,2.78
1748746193.84,-0.36,-1.12,144.23,0.91,Fwd,2.78
1748746193.84,-0.36,-0.05,144.23,0.91,Fwd,2.78
1748746193.88,-0.36,-0.05,144.79,0.91,Fwd,2.78
1748746193.91,-0.36,-0.05,144.79,1.01,Fwd,2.78
1748746193.95,-0.36,-0.05,144.79,1.01,Fwd,2.78
1748746193.99,-0.36,-0.05,144.79,1.01,Fwd,2.78
1748746194.02,-0.36,-0.05,144.79,1.01,Fwd,2.78
1748746194.06,-0.36,-0.05,144.79,1.01,Fwd,2.78
1748746194.06,-0.61,-0.05,144.79,1.01,Fwd,2.78
1748746194.07,-0.61,0.87,144.79,1.01,Fwd,2.78
1748746194.07,-0.61,0.87,144.85,1.01,Fwd,2.78
1748746194.07,-0.61,0.87,144.85,0.95,Fwd,2.78
1748746194.07,-0.61,0.87,144.85,0.95,Fwd,2.78
1748746194.07,-0.61,0.87,144.85,0.95,Fwd,2.78
1748746194.08,-0.61,0.87,144.85,0.95,Fwd,2.78
1748746194.08,-0.61,0.87,144.85,0.95,Fwd,2.78
1748746194.08,0.00,0.87,144.85,0.95,Fwd,2.78
1748746194.09,0.00,0.75,144.85,0.95,Fwd,2.78
1748746194.09,0.00,0.75,145.02,0.95,Fwd,2.78
1748746194.09,0.00,0.75,145.02,1.00,Fwd,2.78
1748746194.12,0.00,0.75,145.02,1.00,Fwd,2.78
1748746194.16,0.00,0.75,145.02,1.00,Fwd,2.78
1748746194.20,0.00,0.75,145.02,1.00,Fwd,2.78
1748746194.23,0.00,0.75,145.02,1.00,Fwd,2.78
1748746194.27,1.93,0.75,145.02,1.00,Fwd,2.78
1748746194.30,1.93,0.36,145.02,1.00,Fwd,2.78
1748746194.34,1.93,0.36,145.46,1.00,Fwd,2.78
1748746194.37,1.93,0.36,145.46,1.06,Fwd,2.78
1748746194.38,1.93,0.36,145.46,1.06,Fwd,2.78
1748746194.38,1.93,0.36,145.46,1.06,Fwd,2.78
1748746194.38,1.93,0.36,145.46,1.06,Fwd,2.78
1748746194.38,1.93,0.36,145.46,1.06,Fwd,2.78
1748746194.38,2.46,0.36,145.46,1.06,Fwd,2.78
1748746194.38,2.46,0.38,145.46,1.06,Fwd,2.78
1748746194.38,2.46,0.38,146.42,1.06,Fwd,2.78
1748746194.38,2.46,0.38,146.42,1.00,Fwd,2.78
1748746194.39,2.46,0.38,146.42,1.00,Fwd,2.78
1748746194.39,2.46,0.38,146.42,1.00,Fwd,2.78
1748746194.39,2.46,0.38,146.42,1.00,Fwd,2.78
1748746194.44,2.46,0.38,146.42,1.00,Fwd,2.78
1748746194.44,1.86,0.38,146.42,1.00,Fwd,2.78
1748746194.44,1.86,0.87,146.42,1.00,Fwd,2.78
1748746194.44,1.86,0.87,146.84,1.00,Fwd,2.78
1748746194.44,1.86,0.87,146.84,0.91,Fwd,2.78
1748746194.44,1.86,0.87,146.84,0.91,Fwd,2.78
1748746194.44,1.86,0.87,146.84,0.91,Fwd,2.78
1748746194.44,1.86,0.87,146.84,0.91,Fwd,2.78
1748746194.54,1.86,0.87,146.84,0.91,Fwd,2.78
1748746194.54,0.58,0.87,146.84,0.91,Fwd,2.78
1748746194.55,0.58,1.56,146.84,0.91,Fwd,2.78
1748746194.55,0.58,1.56,147.46,0.91,Fwd,2.78
1748746194.55,0.58,1.56,147.46,1.04,Fwd,2.78
1748746194.55,0.58,1.56,147.46,1.04,Fwd,2.78
1748746194.58,0.58,1.56,147.46,1.04,Fwd,2.78
1748746194.65,0.58,1.56,147.46,1.04,Fwd,2.78
1748746194.69,0.58,1.56,147.46,1.04,Fwd,2.78
1748746194.72,2.03,1.56,147.46,1.04,Fwd,2.78
1748746194.75,2.03,-0.02,147.46,1.04,Fwd,2.78
1748746194.79,2.03,-0.02,147.48,1.04,Fwd,2.78
1748746194.82,2.03,-0.02,147.48,0.07,Fwd,2.78
1748746194.86,2.03,-0.02,147.48,0.07,Fwd,2.78
1748746194.86,2.03,-0.02,147.48,0.07,Fwd,2.78
1748746194.86,2.03,-0.02,147.48,0.07,Fwd,2.78
1748746194.86,2.03,-0.02,147.48,0.07,Fwd,2.78
1748746194.86,2.06,-0.02,147.48,0.07,Fwd,2.78
1748746194.86,2.06,-0.63,147.48,0.07,Fwd,2.78
1748746194.86,2.06,-0.63,146.31,0.07,Fwd,2.78
1748746194.86,2.06,-0.63,146.31,1.69,Fwd,2.78
1748746194.87,2.06,-0.63,146.31,1.69,Fwd,2.78
1748746194.87,2.06,-0.63,146.31,1.69,Fwd,2.78
1748746194.87,2.06,-0.63,146.31,1.69,Fwd,2.78
1748746194.87,2.06,-0.63,146.31,1.69,Fwd,2.78
1748746194.87,-0.17,-0.63,146.31,1.69,Fwd,2.78
1748746194.87,-0.17,0.12,146.31,1.69,Fwd,2.78
1748746194.87,-0.17,0.12,147.28,1.69,Fwd,2.78
1748746194.87,-0.17,0.12,147.28,1.05,Fwd,2.78
1748746194.93,-0.17,0.12,147.28,1.05,Fwd,2.78
1748746194.93,-0.09,0.12,147.28,1.05,Fwd,2.78
1748746194.93,-0.09,1.01,147.28,1.05,Fwd,2.78
1748746194.93,-0.09,1.01,148.07,1.05,Fwd,2.78
1748746194.93,-0.09,1.01,148.07,1.00,Fwd,2.78
1748746194.94,-0.09,1.01,148.07,1.00,Fwd,2.78
1748746194.94,-0.09,1.01,148.07,1.00,Fwd,2.78
1748746194.94,-0.09,1.01,148.07,1.00,Fwd,2.78
1748746195.03,-0.09,1.01,148.07,1.00,Fwd,2.78
1748746195.07,-0.36,1.01,148.07,1.00,Fwd,2.78
1748746195.10,-0.36,0.91,148.07,1.00,Fwd,2.78
1748746195.14,-0.36,0.91,148.51,1.00,Fwd,2.78
1748746195.17,-0.36,0.91,148.51,0.92,Fwd,2.78
1748746195.21,-0.36,0.91,148.51,0.92,Fwd,2.78
1748746195.24,-0.36,0.91,148.51,0.92,Fwd,2.78
1748746195.28,-0.36,0.91,148.51,0.92,Fwd,2.78
1748746195.31,-0.36,0.91,148.51,0.92,Fwd,2.78
1748746195.35,-0.14,0.91,148.51,0.92,Fwd,2.78
1748746195.35,-0.14,2.51,148.51,0.92,Fwd,2.78
1748746195.35,-0.14,2.51,149.14,0.92,Fwd,2.78
1748746195.35,-0.14,2.51,149.14,0.98,Fwd,2.78
1748746195.35,-0.14,2.51,149.14,0.98,Fwd,2.78
1748746195.35,-0.14,2.51,149.14,0.98,Fwd,2.78
1748746195.38,-0.14,2.51,149.14,0.98,Fwd,2.78
1748746195.42,-0.14,2.51,149.14,0.98,Fwd,2.78
1748746195.42,0.16,2.51,149.14,0.98,Fwd,2.78
1748746195.42,0.16,3.98,149.14,0.98,Fwd,2.78
1748746195.45,0.16,3.98,149.66,0.98,Fwd,2.78
1748746195.49,0.16,3.98,149.66,1.00,Fwd,2.78
1748746195.50,0.16,3.98,149.66,1.00,Fwd,2.78
1748746195.50,0.16,3.98,149.66,1.00,Fwd,2.78
1748746195.50,0.16,3.98,149.66,1.00,Fwd,2.78
1748746195.50,0.16,3.98,149.66,1.00,Fwd,2.78
1748746195.50,-0.96,3.98,149.66,1.00,Fwd,2.78
1748746195.52,-0.96,3.43,149.66,1.00,Fwd,2.78
1748746195.56,-0.96,3.43,150.86,1.00,Fwd,2.78
1748746195.60,-0.96,3.43,150.86,1.95,Fwd,2.78
1748746195.60,-0.96,3.43,150.86,1.95,Fwd,2.78
1748746195.60,-0.96,3.43,150.86,1.95,Fwd,2.78
1748746195.60,-0.96,3.43,150.86,1.95,Fwd,2.78
1748746195.60,-0.96,3.43,150.86,1.95,Fwd,2.78
1748746195.60,-13.75,3.43,150.86,1.95,Fwd,2.78
1748746195.63,-13.75,7.76,150.86,1.95,Fwd,2.78
1748746195.66,-13.75,7.76,147.21,1.95,Fwd,2.78
1748746195.70,-13.75,7.76,147.21,0.97,Fwd,2.78
1748746195.73,-13.75,7.76,147.21,0.97,Fwd,2.78
1748746195.77,-13.75,7.76,147.21,0.97,Fwd,2.78
1748746195.78,-13.75,7.76,147.21,0.97,Fwd,2.78
1748746195.78,-13.75,7.76,147.21,0.97,Fwd,2.78
1748746195.78,-30.46,7.76,147.21,0.97,Fwd,2.78
1748746195.78,-30.46,18.31,147.21,0.97,Fwd,2.78
1748746195.78,-30.46,18.31,118.72,0.97,Fwd,2.78
1748746195.84,-30.46,18.31,118.72,0.76,Fwd,2.78
1748746195.88,-30.46,18.31,118.72,0.76,Fwd,2.78
1748746195.91,-30.46,18.31,118.72,0.76,Fwd,2.78
1748746195.94,-30.46,18.31,118.72,0.76,Fwd,2.78
1748746195.98,-30.46,18.31,118.72,0.76,Fwd,2.78
1748746196.01,-31.76,18.31,118.72,0.76,Fwd,2.78
1748746196.05,-31.76,15.08,118.72,0.76,Fwd,2.78
1748746196.08,-31.76,15.08,80.98,0.76,Fwd,2.78
1748746196.15,-31.76,15.08,80.98,-0.01,Fwd,2.78
1748746196.23,-31.76,15.08,80.98,-0.01,Fwd,2.78
1748746196.26,-31.76,15.08,80.98,-0.01,Fwd,2.78
1748746196.27,-31.76,15.08,80.98,-0.01,Fwd,2.78
1748746196.27,-31.76,15.08,80.98,-0.01,Fwd,2.78
1748746196.27,-38.85,15.08,80.98,-0.01,Fwd,2.78
1748746196.27,-38.85,20.98,80.98,-0.01,Fwd,2.78
1748746196.28,-38.85,20.98,348.95,-0.01,Fwd,2.78
1748746196.28,-38.85,20.98,348.95,3.03,Fwd,2.78
1748746196.28,-38.85,20.98,348.95,3.03,Fwd,2.78
1748746196.28,-38.85,20.98,348.95,3.03,Fwd,2.78
1748746196.28,-38.85,20.98,348.95,3.03,Fwd,2.78
1748746196.28,-38.85,20.98,348.95,3.03,Fwd,2.78
1748746196.28,-34.05,20.98,348.95,3.03,Fwd,2.78
1748746196.28,-34.05,15.54,348.95,3.03,Fwd,2.78
1748746196.29,-34.05,15.54,348.95,3.03,Fwd,2.78
1748746196.33,-34.05,15.54,348.95,3.03,Fwd,0.00
1748746196.33,-18.45,15.54,348.95,3.03,Fwd,0.00
1748746196.33,-18.45,-0.61,348.95,3.03,Fwd,0.00
1748746196.33,-18.45,-0.61,322.54,3.03,Fwd,0.00
1748746196.33,-18.45,-0.61,322.54,1.15,Fwd,0.00
1748746196.33,-18.45,-0.61,322.54,1.15,Fwd,0.00
1748746196.33,-18.45,-0.61,322.54,1.15,Fwd,0.00
1748746196.34,-18.45,-0.61,322.54,1.15,Fwd,0.00
1748746196.43,-18.45,-0.61,322.54,1.15,Fwd,24.09
1748746196.43,-18.27,-0.61,322.54,1.15,Fwd,24.09
1748746196.43,-18.27,-1.57,322.54,1.15,Fwd,24.09
1748746196.44,-18.27,-1.57,315.46,1.15,Fwd,24.09
1748746196.44,-18.27,-1.57,315.46,0.86,Fwd,24.09
1748746196.44,-18.27,-1.57,315.46,0.86,Fwd,24.09
1748746196.44,-18.27,-1.57,315.46,0.86,Fwd,24.09
1748746196.44,-18.27,-1.57,315.46,0.86,Fwd,24.09
1748746196.54,-18.27,-1.57,315.46,0.86,Fwd,24.09
1748746196.54,-17.40,-1.57,315.46,0.86,Fwd,24.09
1748746196.54,-17.40,-1.63,315.46,0.86,Fwd,24.09
1748746196.57,-17.40,-1.63,304.09,0.86,Fwd,24.09
1748746196.61,-17.40,-1.63,304.09,0.91,Fwd,24.09
1748746196.64,-17.40,-1.63,304.09,0.91,Fwd,24.09
1748746196.68,-17.40,-1.63,304.09,0.91,Fwd,24.09
1748746196.68,-17.40,-1.63,304.09,0.91,Fwd,24.09
1748746196.68,-17.40,-1.63,304.09,0.91,Fwd,24.09
1748746196.68,-16.60,-1.63,304.09,0.91,Fwd,24.09
1748746196.68,-16.60,0.31,304.09,0.91,Fwd,24.09
1748746196.68,-16.60,0.31,291.79,0.91,Fwd,24.09
1748746196.69,-16.60,0.31,291.79,0.87,Fwd,24.09
1748746196.69,-16.60,0.31,291.79,0.87,Fwd,24.09
1748746196.69,-16.60,0.31,291.79,0.87,Fwd,24.09
1748746196.69,-16.60,0.31,291.79,0.87,Fwd,24.09
1748746196.82,-16.60,0.31,291.79,0.87,Fwd,24.09
1748746196.82,-15.07,0.31,291.79,0.87,Fwd,24.09
1748746196.82,-15.07,2.15,291.79,0.87,Fwd,24.09
1748746196.82,-15.07,2.15,282.67,0.87,Fwd,24.09
1748746196.83,-15.07,2.15,282.67,0.81,Fwd,24.09
1748746196.83,-15.07,2.15,282.67,0.81,Fwd,24.09
1748746196.83,-15.07,2.15,282.67,0.81,Fwd,24.09
1748746196.83,-15.07,2.15,282.67,0.81,Fwd,24.09
1748746196.83,-15.07,2.15,282.67,0.81,Fwd,24.09
1748746196.83,-13.55,2.15,282.67,0.81,Fwd,24.09
1748746196.83,-13.55,2.50,282.67,0.81,Fwd,24.09
1748746196.90,-13.55,2.50,278.67,0.81,Fwd,24.09
1748746196.90,-13.55,2.50,278.67,0.90,Fwd,24.09
1748746196.90,-13.55,2.50,278.67,0.90,Fwd,24.09
1748746196.90,-13.55,2.50,278.67,0.90,Fwd,24.09
1748746196.91,-13.55,2.50,278.67,0.90,Fwd,24.09
1748746196.92,-13.55,2.50,278.67,0.90,Fwd,7.47
1748746197.00,-12.05,2.50,278.67,0.90,Fwd,7.47
1748746197.00,-12.05,2.63,278.67,0.90,Fwd,7.47
1748746197.00,-12.05,2.63,278.07,0.90,Fwd,7.47
1748746197.00,-12.05,2.63,278.07,0.99,Fwd,7.47
1748746197.01,-12.05,2.63,278.07,0.99,Fwd,7.47
1748746197.01,-12.05,2.63,278.07,0.99,Fwd,7.47
1748746197.01,-12.05,2.63,278.07,0.99,Fwd,7.47
1748746197.03,-12.05,2.63,278.07,0.99,Fwd,7.47
1748746197.14,-10.44,2.63,278.07,0.99,Fwd,7.47
1748746197.14,-10.44,2.40,278.07,0.99,Fwd,7.47
1748746197.14,-10.44,2.40,279.82,0.99,Fwd,7.47
1748746197.15,-10.44,2.40,279.82,0.91,Fwd,7.47
1748746197.15,-10.44,2.40,279.82,0.91,Fwd,7.47
1748746197.15,-10.44,2.40,279.82,0.91,Fwd,7.47
1748746197.15,-10.44,2.40,279.82,0.91,Fwd,7.47
1748746197.15,-10.44,2.40,279.82,0.91,Fwd,7.47
1748746197.15,-9.49,2.40,279.82,0.91,Fwd,7.47
1748746197.17,-9.49,2.24,279.82,0.91,Fwd,7.47
1748746197.17,-9.49,2.24,283.42,0.91,Fwd,7.47
1748746197.17,-9.49,2.24,283.42,1.08,Fwd,7.47
1748746197.17,-9.49,2.24,283.42,1.08,Fwd,7.47
1748746197.17,-9.49,2.24,283.42,1.08,Fwd,7.47
1748746197.17,-9.49,2.24,283.42,1.08,Fwd,7.47
1748746197.24,-9.49,2.24,283.42,1.08,Fwd,7.47
1748746197.25,-8.57,2.24,283.42,1.08,Fwd,7.47
1748746197.25,-8.57,2.15,283.42,1.08,Fwd,7.47
1748746197.25,-8.57,2.15,288.27,1.08,Fwd,7.47
1748746197.25,-8.57,2.15,288.27,1.05,Fwd,7.47
1748746197.26,-8.57,2.15,288.27,1.05,Fwd,7.47
1748746197.26,-8.57,2.15,288.27,1.05,Fwd,7.47
1748746197.26,-8.57,2.15,288.27,1.05,Fwd,7.47
1748746197.35,-8.57,2.15,288.27,1.05,Fwd,7.47
1748746197.35,-7.25,2.15,288.27,1.05,Fwd,7.47
1748746197.35,-7.25,1.94,288.27,1.05,Fwd,7.47
1748746197.36,-7.25,1.94,293.47,1.05,Fwd,7.47
1748746197.36,-7.25,1.94,293.47,0.89,Fwd,7.47
1748746197.36,-7.25,1.94,293.47,0.89,Fwd,7.47
1748746197.36,-7.25,1.94,293.47,0.89,Fwd,7.47
1748746197.36,-7.25,1.94,293.47,0.89,Fwd,7.47
1748746197.45,-7.25,1.94,293.47,0.89,Fwd,7.47
1748746197.46,-6.43,1.94,293.47,0.89,Fwd,7.47
1748746197.46,-6.43,2.63,293.47,0.89,Fwd,7.47
1748746197.46,-6.43,2.63,297.98,0.89,Fwd,7.47
1748746197.46,-6.43,2.63,297.98,0.86,Fwd,7.47
1748746197.46,-6.43,2.63,297.98,0.86,Fwd,7.47
1748746197.46,-6.43,2.63,297.98,0.86,Fwd,7.47
1748746197.47,-6.43,2.63,297.98,0.86,Fwd,7.47
1748746197.56,-6.43,2.63,297.98,0.86,Fwd,7.25
1748746197.57,-5.67,2.63,297.98,0.86,Fwd,7.25
1748746197.57,-5.67,3.21,297.98,0.86,Fwd,7.25
1748746197.57,-5.67,3.21,301.98,0.86,Fwd,7.25
1748746197.57,-5.67,3.21,301.98,1.15,Fwd,7.25
1748746197.57,-5.67,3.21,301.98,1.15,Fwd,7.25
1748746197.57,-5.67,3.21,301.98,1.15,Fwd,7.25
1748746197.58,-5.67,3.21,301.98,1.15,Fwd,7.25
1748746197.62,-5.67,3.21,301.98,1.15,Fwd,7.25
1748746197.66,-4.93,3.21,301.98,1.15,Fwd,7.25
1748746197.66,-4.93,3.14,301.98,1.15,Fwd,7.25
1748746197.66,-4.93,3.14,305.84,1.15,Fwd,7.25
1748746197.66,-4.93,3.14,305.84,1.03,Fwd,7.25
1748746197.66,-4.93,3.14,305.84,1.03,Fwd,7.25
1748746197.66,-4.93,3.14,305.84,1.03,Fwd,7.25
1748746197.66,-4.93,3.14,305.84,1.03,Fwd,7.25
1748746197.76,-4.93,3.14,305.84,1.03,Fwd,7.25
1748746197.76,-4.24,3.14,305.84,1.03,Fwd,7.25
1748746197.77,-4.24,2.82,305.84,1.03,Fwd,7.25
1748746197.77,-4.24,2.82,309.58,1.03,Fwd,7.25
1748746197.77,-4.24,2.82,309.58,0.99,Fwd,7.25
1748746197.77,-4.24,2.82,309.58,0.99,Fwd,7.25
1748746197.77,-4.24,2.82,309.58,0.99,Fwd,7.25
1748746197.77,-4.24,2.82,309.58,0.99,Fwd,7.25
1748746197.83,-4.24,2.82,309.58,0.99,Fwd,7.25
1748746197.83,-3.48,2.82,309.58,0.99,Fwd,7.25
1748746197.83,-3.48,2.83,309.58,0.99,Fwd,7.25
1748746197.83,-3.48,2.83,312.89,0.99,Fwd,7.25
1748746197.83,-3.48,2.83,312.89,0.86,Fwd,7.25
1748746197.83,-3.48,2.83,312.89,0.86,Fwd,7.25
1748746197.83,-3.48,2.83,312.89,0.86,Fwd,7.25
1748746197.84,-3.48,2.83,312.89,0.86,Fwd,7.25
1748746197.94,-3.48,2.83,312.89,0.86,Fwd,7.25
1748746197.94,-3.29,2.83,312.89,0.86,Fwd,7.25
1748746197.94,-3.29,3.02,312.89,0.86,Fwd,7.25
1748746197.94,-3.29,3.02,315.74,0.86,Fwd,7.25
1748746197.94,-3.29,3.02,315.74,0.97,Fwd,7.25
1748746197.94,-3.29,3.02,315.74,0.97,Fwd,7.25
1748746197.94,-3.29,3.02,315.74,0.97,Fwd,7.25
1748746197.94,-3.29,3.02,315.74,0.97,Fwd,7.25
1748746198.04,-3.29,3.02,315.74,0.97,Fwd,7.25
1748746198.04,-3.05,3.02,315.74,0.97,Fwd,7.25
1748746198.04,-3.05,2.86,315.74,0.97,Fwd,7.25
1748746198.04,-3.05,2.86,318.42,0.97,Fwd,7.25
1748746198.05,-3.05,2.86,318.42,0.89,Fwd,7.25
1748746198.05,-3.05,2.86,318.42,0.89,Fwd,7.25
1748746198.05,-3.05,2.86,318.42,0.89,Fwd,7.25
1748746198.05,-3.05,2.86,318.42,0.89,Fwd,7.25
1748746198.15,-3.05,2.86,318.42,0.89,Fwd,7.25
1748746198.18,-2.68,2.86,318.42,0.89,Fwd,7.25
1748746198.25,-2.68,2.77,318.42,0.89,Fwd,7.25
1748746198.25,-2.68,2.77,321.10,0.89,Fwd,7.25
1748746198.26,-2.68,2.77,321.10,1.02,Fwd,7.25
1748746198.26,-2.68,2.77,321.10,1.02,Fwd,7.25
1748746198.29,-2.68,2.77,321.10,1.02,Fwd,7.25
1748746198.33,-2.68,2.77,321.10,1.02,Fwd,7.25
1748746198.33,-2.68,2.77,321.10,1.02,Fwd,7.25
1748746198.33,-1.90,2.77,321.10,1.02,Fwd,7.25
1748746198.33,-1.90,2.00,321.10,1.02,Fwd,7.25
1748746198.33,-1.90,2.00,327.83,1.02,Fwd,7.25
1748746198.33,-1.90,2.00,327.83,0.95,Fwd,7.25
1748746198.33,-1.90,2.00,327.83,0.95,Fwd,7.25
1748746198.34,-1.90,2.00,327.83,0.95,Fwd,7.25
1748746198.34,-1.90,2.00,327.83,0.95,Fwd,7.25
1748746198.34,-1.90,2.00,327.83,0.98,Fwd,7.25
1748746198.36,-1.90,2.00,327.83,0.98,Fwd,7.25
1748746198.36,-1.90,2.00,327.83,0.98,Fwd,7.25
1748746198.46,-1.90,2.00,327.83,0.98,Fwd,7.25
1748746198.53,-1.53,2.00,327.83,0.98,Fwd,7.25
1748746198.57,-1.53,1.29,327.83,0.98,Fwd,7.25
1748746198.60,-1.53,1.29,332.13,0.98,Fwd,7.25
1748746198.64,-1.53,1.29,332.13,0.95,Fwd,7.25
1748746198.64,-1.53,1.29,332.13,0.95,Fwd,7.25
1748746198.64,-1.53,1.29,332.13,0.95,Fwd,7.25
1748746198.64,-1.53,1.29,332.13,0.95,Fwd,7.25
1748746198.64,-1.53,1.29,332.13,0.95,Fwd,6.92
1748746198.64,-1.38,1.29,332.13,0.95,Fwd,6.92
1748746198.64,-1.38,1.17,332.13,0.95,Fwd,6.92
1748746198.64,-1.38,1.17,336.42,0.95,Fwd,6.92
1748746198.64,-1.38,1.17,336.42,0.98,Fwd,6.92
1748746198.64,-1.38,1.17,336.42,0.98,Fwd,6.92
1748746198.64,-1.38,1.17,336.42,0.98,Fwd,6.92
1748746198.64,-1.38,1.17,336.42,0.98,Fwd,6.92
1748746198.64,-1.38,1.17,336.42,0.98,Fwd,6.92
1748746198.64,-1.29,1.17,336.42,0.98,Fwd,6.92
1748746198.64,-1.29,0.98,336.42,0.98,Fwd,6.92
1748746198.64,-1.29,0.98,340.46,0.98,Fwd,6.92
1748746198.64,-1.29,0.98,340.46,1.02,Fwd,6.92
1748746198.64,-1.29,0.98,340.46,1.02,Fwd,6.92
1748746198.64,-1.29,0.98,340.46,1.02,Fwd,6.92
1748746198.65,-1.29,0.98,340.46,1.02,Fwd,6.92
1748746198.74,-1.29,0.98,340.46,1.02,Fwd,6.92
1748746198.74,-1.34,0.98,340.46,1.02,Fwd,6.92
1748746198.74,-1.34,0.94,340.46,1.02,Fwd,6.92
1748746198.74,-1.34,0.94,344.27,1.02,Fwd,6.92
1748746198.75,-1.34,0.94,344.27,1.06,Fwd,6.92
1748746198.75,-1.34,0.94,344.27,1.06,Fwd,6.92
1748746198.75,-1.34,0.94,344.27,1.06,Fwd,6.92
1748746198.75,-1.34,0.94,344.27,1.06,Fwd,6.92
1748746198.85,-1.34,0.94,344.27,1.06,Fwd,6.92
1748746198.85,-1.20,0.94,344.27,1.06,Fwd,6.92
1748746198.85,-1.20,0.49,344.27,1.06,Fwd,6.92
1748746198.85,-1.20,0.49,348.01,1.06,Fwd,6.92
1748746198.85,-1.20,0.49,348.01,0.93,Fwd,6.92
1748746198.85,-1.20,0.49,348.01,0.93,Fwd,6.92
1748746198.86,-1.20,0.49,348.01,0.93,Fwd,6.92
1748746198.86,-1.20,0.49,348.01,0.93,Fwd,6.92
1748746198.95,-1.20,0.49,348.01,0.93,Fwd,6.92
1748746198.95,-1.22,0.49,348.01,0.93,Fwd,6.92
1748746198.96,-1.22,-0.20,348.01,0.93,Fwd,6.92
1748746198.96,-1.22,-0.20,351.93,0.93,Fwd,6.92
1748746198.96,-1.22,-0.20,351.93,1.00,Fwd,6.92
1748746198.96,-1.22,-0.20,351.93,1.00,Fwd,6.92
1748746198.96,-1.22,-0.20,351.93,1.00,Fwd,6.92
1748746198.96,-1.22,-0.20,351.93,1.00,Fwd,6.92
1748746199.02,-1.22,-0.20,351.93,1.00,Fwd,6.92
1748746199.06,-1.37,-0.20,351.93,1.00,Fwd,6.92
1748746199.09,-1.37,-0.96,351.93,1.00,Fwd,6.92
1748746199.13,-1.37,-0.96,356.03,1.00,Fwd,6.92
1748746199.13,-1.37,-0.96,356.03,1.02,Fwd,6.92
1748746199.13,-1.37,-0.96,356.03,1.02,Fwd,6.92
1748746199.13,-1.37,-0.96,356.03,1.02,Fwd,6.92
1748746199.13,-1.37,-0.96,356.03,1.02,Fwd,6.92
1748746199.13,-1.37,-0.96,356.03,1.02,Fwd,6.61
1748746199.14,-1.49,-0.96,356.03,1.02,Fwd,6.61
1748746199.14,-1.49,-1.49,356.03,1.02,Fwd,6.61
1748746199.14,-1.49,-1.49,0.00,1.02,Fwd,6.61
1748746199.14,-1.49,-1.49,0.00,0.93,Fwd,6.61
1748746199.14,-1.49,-1.49,0.00,0.93,Fwd,6.61
1748746199.14,-1.49,-1.49,0.00,0.93,Fwd,6.61
1748746199.14,-1.49,-1.49,0.00,0.93,Fwd,6.61
1748746199.23,-1.49,-1.49,0.00,0.93,Fwd,6.61
1748746199.27,-1.44,-1.49,0.00,0.93,Fwd,6.61
1748746199.30,-1.44,-1.77,0.00,0.93,Fwd,6.61
1748746199.34,-1.44,-1.77,3.52,0.93,Fwd,6.61
1748746199.37,-1.44,-1.77,3.52,0.95,Fwd,6.61
1748746199.37,-1.44,-1.77,3.52,0.95,Fwd,6.61
1748746199.38,-1.44,-1.77,3.52,0.95,Fwd,6.61
1748746199.38,-1.44,-1.77,3.52,0.95,Fwd,6.61
1748746199.38,-1.44,-1.77,3.52,0.95,Fwd,6.61
1748746199.38,-1.46,-1.77,3.52,0.95,Fwd,6.61
1748746199.38,-1.46,-1.79,3.52,0.95,Fwd,6.61
1748746199.38,-1.46,-1.79,6.70,0.95,Fwd,6.61
1748746199.38,-1.46,-1.79,6.70,1.00,Fwd,6.61
1748746199.38,-1.46,-1.79,6.70,1.00,Fwd,6.61
1748746199.38,-1.46,-1.79,6.70,1.00,Fwd,6.61
1748746199.38,-1.46,-1.79,6.70,1.00,Fwd,6.61
1748746199.45,-1.46,-1.79,6.70,1.00,Fwd,6.61
1748746199.45,-1.40,-1.79,6.70,1.00,Fwd,6.61
1748746199.45,-1.40,-2.45,6.70,1.00,Fwd,6.61
1748746199.45,-1.40,-2.45,9.94,1.00,Fwd,6.61
1748746199.46,-1.40,-2.45,9.94,1.04,Fwd,6.61
1748746199.46,-1.40,-2.45,9.94,1.04,Fwd,6.61
1748746199.46,-1.40,-2.45,9.94,1.04,Fwd,6.61
1748746199.46,-1.40,-2.45,9.94,1.04,Fwd,6.61
1748746199.55,-1.40,-2.45,9.94,1.04,Fwd,6.61
1748746199.58,-1.24,-2.45,9.94,1.04,Fwd,6.61
1748746199.62,-1.24,-2.82,9.94,1.04,Fwd,6.61
1748746199.65,-1.24,-2.82,12.91,1.04,Fwd,6.61
1748746199.65,-1.24,-2.82,12.91,1.05,Fwd,6.61
1748746199.66,-1.24,-2.82,12.91,1.05,Fwd,6.61
1748746199.66,-1.24,-2.82,12.91,1.05,Fwd,6.61
1748746199.66,-1.24,-2.82,12.91,1.05,Fwd,6.61
1748746199.66,-1.24,-2.82,12.91,1.05,Fwd,6.61
1748746199.66,-1.27,-2.82,12.91,1.05,Fwd,6.61
1748746199.66,-1.27,-2.40,12.91,1.05,Fwd,6.61
1748746199.66,-1.27,-2.40,15.27,1.05,Fwd,6.61
1748746199.66,-1.27,-2.40,15.27,0.92,Fwd,6.61
1748746199.66,-1.27,-2.40,15.27,0.92,Fwd,6.61
1748746199.67,-1.27,-2.40,15.27,0.92,Fwd,6.61
1748746199.67,-1.27,-2.40,15.27,0.92,Fwd,6.61
1748746199.72,-1.27,-2.40,15.27,0.92,Fwd,5.93
1748746199.73,-0.81,-2.40,15.27,0.92,Fwd,5.93
1748746199.73,-0.81,-2.46,15.27,0.92,Fwd,5.93
1748746199.73,-0.81,-2.46,17.18,0.92,Fwd,5.93
1748746199.73,-0.81,-2.46,17.18,1.07,Fwd,5.93
1748746199.73,-0.81,-2.46,17.18,1.07,Fwd,5.93
1748746199.73,-0.81,-2.46,17.18,1.07,Fwd,5.93
1748746199.73,-0.81,-2.46,17.18,1.07,Fwd,5.93
1748746199.83,-0.81,-2.46,17.18,1.07,Fwd,5.93
1748746199.83,-0.52,-2.46,17.18,1.07,Fwd,5.93
1748746199.83,-0.52,-2.80,17.18,1.07,Fwd,5.93
1748746199.86,-0.52,-2.80,18.78,1.07,Fwd,5.93
1748746199.90,-0.52,-2.80,18.78,0.97,Fwd,5.93
1748746199.94,-0.52,-2.80,18.78,0.97,Fwd,5.93
1748746199.94,-0.52,-2.80,18.78,0.97,Fwd,5.93
1748746199.94,-0.52,-2.80,18.78,0.97,Fwd,5.93
1748746199.94,-0.52,-2.80,18.78,0.97,Fwd,5.93
1748746199.94,-0.66,-2.80,18.78,0.97,Fwd,5.93
1748746199.94,-0.66,-2.46,18.78,0.97,Fwd,5.93
1748746199.95,-0.66,-2.46,20.16,0.97,Fwd,5.93
1748746199.95,-0.66,-2.46,20.16,0.97,Fwd,5.93
1748746199.95,-0.66,-2.46,20.16,0.97,Fwd,5.93
1748746199.95,-0.66,-2.46,20.16,0.97,Fwd,5.93
1748746199.95,-0.66,-2.46,20.16,0.97,Fwd,5.93
1748746200.04,-0.66,-2.46,20.16,0.97,Fwd,5.93
1748746200.04,-0.64,-2.46,20.16,0.97,Fwd,5.93
1748746200.04,-0.64,-2.07,20.16,0.97,Fwd,5.93
1748746200.04,-0.64,-2.07,21.23,0.97,Fwd,5.93
1748746200.04,-0.64,-2.07,21.23,0.95,Fwd,5.93
1748746200.05,-0.64,-2.07,21.23,0.95,Fwd,5.93
1748746200.08,-0.64,-2.07,21.23,0.95,Fwd,5.93
1748746200.11,-0.64,-2.07,21.23,0.95,Fwd,5.93
1748746200.18,-0.64,-2.07,21.23,0.95,Fwd,5.93
1748746200.22,-0.63,-2.07,21.23,0.95,Fwd,5.93
1748746200.26,-0.63,-1.95,21.23,0.95,Fwd,5.93
1748746200.26,-0.63,-1.95,22.24,0.95,Fwd,5.93
1748746200.26,-0.63,-1.95,22.24,0.99,Fwd,5.93
1748746200.26,-0.63,-1.95,22.24,0.99,Fwd,5.93
1748746200.26,-0.63,-1.95,22.24,0.99,Fwd,5.93
1748746200.27,-0.63,-1.95,22.24,0.99,Fwd,5.93
1748746200.28,-0.63,-1.95,22.24,0.99,Fwd,5.93
1748746200.32,-0.29,-1.95,22.24,0.99,Fwd,5.93
1748746200.36,-0.29,-2.05,22.24,0.99,Fwd,5.93
1748746200.36,-0.29,-2.05,23.21,0.99,Fwd,5.93
1748746200.36,-0.29,-2.05,23.21,0.95,Fwd,5.93
1748746200.36,-0.29,-2.05,23.21,0.95,Fwd,5.93
1748746200.36,-0.29,-2.05,23.21,0.95,Fwd,5.93
1748746200.37,-0.29,-2.05,23.21,0.95,Fwd,5.93
1748746200.39,-0.29,-2.05,23.21,0.95,Fwd,5.93
1748746200.39,-0.02,-2.05,23.21,0.95,Fwd,5.93
1748746200.39,-0.02,-1.88,23.21,0.95,Fwd,5.93
1748746200.39,-0.02,-1.88,24.03,0.95,Fwd,5.93
1748746200.40,-0.02,-1.88,24.03,1.02,Fwd,5.93
1748746200.40,-0.02,-1.88,24.03,1.02,Fwd,5.93
1748746200.42,-0.02,-1.88,24.03,1.02,Fwd,5.93
1748746200.46,-0.02,-1.88,24.03,1.02,Fwd,5.93
1748746200.46,-0.02,-1.88,24.03,1.02,Fwd,5.93
1748746200.47,-0.02,-1.88,24.03,1.02,Fwd,5.93
1748746200.47,-0.02,-1.63,24.03,1.02,Fwd,5.93
1748746200.47,-0.02,-1.63,24.79,1.02,Fwd,5.93
1748746200.47,-0.02,-1.63,24.79,0.93,Fwd,5.93
1748746200.47,-0.02,-1.63,24.79,0.93,Fwd,5.93
1748746200.48,-0.02,-1.63,24.79,0.93,Fwd,5.93
1748746200.48,-0.02,-1.63,24.79,0.93,Fwd,5.93
1748746200.53,-0.02,-1.63,24.79,0.93,Fwd,4.91
1748746200.57,-0.29,-1.63,24.79,0.93,Fwd,4.91
1748746200.60,-0.29,-1.56,24.79,0.93,Fwd,4.91
1748746200.63,-0.29,-1.56,25.58,0.93,Fwd,4.91
1748746200.67,-0.29,-1.56,25.58,1.00,Fwd,4.91
1748746200.71,-0.29,-1.56,25.58,1.00,Fwd,4.91
1748746200.74,-0.29,-1.56,25.58,1.00,Fwd,4.91
1748746200.74,-0.29,-1.56,25.58,1.00,Fwd,4.91
1748746200.78,-0.29,-1.56,25.58,1.00,Fwd,4.91
1748746200.81,-0.53,-1.56,25.58,1.00,Fwd,4.91
1748746200.84,-0.53,-1.70,25.58,1.00,Fwd,4.91
1748746200.88,-0.53,-1.70,26.48,1.00,Fwd,4.91
1748746200.89,-0.53,-1.70,26.48,0.97,Fwd,4.91
1748746200.89,-0.53,-1.70,26.48,0.97,Fwd,4.91
1748746200.89,-0.53,-1.70,26.48,0.97,Fwd,4.91
1748746200.90,-0.53,-1.70,26.48,0.97,Fwd,4.91
1748746200.90,-0.53,-1.70,26.48,0.97,Fwd,4.91
1748746200.91,-0.60,-1.70,26.48,0.97,Fwd,4.91
1748746200.95,-0.60,-1.84,26.48,0.97,Fwd,4.91
1748746200.95,-0.60,-1.84,27.41,0.97,Fwd,4.91
1748746200.99,-0.60,-1.84,27.41,1.00,Fwd,4.91
1748746200.99,-0.60,-1.84,27.41,1.00,Fwd,4.91
1748746201.00,-0.60,-1.84,27.41,1.00,Fwd,4.91
1748746201.00,-0.60,-1.84,27.41,1.00,Fwd,4.91
1748746201.00,-0.60,-1.84,27.41,1.00,Fwd,4.91
1748746201.00,-0.55,-1.84,27.41,1.00,Fwd,4.91
1748746201.02,-0.55,-1.78,27.41,1.00,Fwd,4.91
1748746201.05,-0.55,-1.78,28.31,1.00,Fwd,4.91
1748746201.06,-0.55,-1.78,28.31,0.97,Fwd,4.91
1748746201.09,-0.55,-1.78,28.31,0.97,Fwd,4.91
1748746201.12,-0.55,-1.78,28.31,0.97,Fwd,4.91
1748746201.16,-0.55,-1.78,28.31,0.97,Fwd,4.91
1748746201.16,-0.55,-1.78,28.31,0.97,Fwd,4.91
1748746201.20,-0.59,-1.78,28.31,0.97,Fwd,4.91
1748746201.20,-0.59,-1.61,28.31,0.97,Fwd,4.91
1748746201.20,-0.59,-1.61,29.17,0.97,Fwd,4.91
1748746201.21,-0.59,-1.61,29.17,1.05,Fwd,4.91
1748746201.21,-0.59,-1.61,29.17,1.05,Fwd,4.91
1748746201.21,-0.59,-1.61,29.17,1.05,Fwd,4.91
1748746201.21,-0.59,-1.61,29.17,1.05,Fwd,4.91
1748746201.21,-0.59,-1.61,29.17,1.05,Fwd,4.91
1748746201.21,-0.51,-1.61,29.17,1.05,Fwd,4.91
1748746201.22,-0.51,-1.73,29.17,1.05,Fwd,4.91
1748746201.22,-0.51,-1.73,31.07,1.05,Fwd,4.91
1748746201.22,-0.51,-1.73,31.07,1.00,Fwd,4.91
1748746201.22,-0.51,-1.73,31.07,1.00,Fwd,4.91
1748746201.22,-0.51,-1.73,31.07,1.00,Fwd,4.91
1748746201.23,-0.51,-1.73,31.07,1.00,Fwd,4.91
1748746201.23,-0.45,-1.73,31.07,1.00,Fwd,4.91
1748746201.23,-0.45,-1.74,31.07,1.00,Fwd,4.91
1748746201.23,-0.45,-1.74,32.05,1.00,Fwd,4.91
1748746201.24,-0.45,-1.74,32.05,0.96,Fwd,4.91
1748746201.24,-0.45,-1.74,32.05,0.96,Fwd,4.91
1748746201.24,-0.45,-1.74,32.05,0.96,Fwd,4.91
1748746201.24,-0.45,-1.74,32.05,0.96,Fwd,4.91
1748746201.33,-0.45,-1.74,32.05,0.96,Fwd,4.42
1748746201.37,-0.34,-1.74,32.05,0.96,Fwd,4.42
1748746201.37,-0.34,-1.55,32.05,0.96,Fwd,4.42
1748746201.41,-0.34,-1.55,32.94,0.96,Fwd,4.42
1748746201.41,-0.34,-1.55,32.94,0.99,Fwd,4.42
1748746201.41,-0.34,-1.55,32.94,0.99,Fwd,4.42
1748746201.41,-0.34,-1.55,32.94,0.99,Fwd,4.42
1748746201.41,-0.34,-1.55,32.94,0.99,Fwd,4.42
1748746201.44,-0.34,-1.55,32.94,0.99,Fwd,4.42
1748746201.44,-0.28,-1.55,32.94,0.99,Fwd,4.42
1748746201.44,-0.28,-1.39,32.94,0.99,Fwd,4.42
1748746201.44,-0.28,-1.39,33.76,0.99,Fwd,4.42
1748746201.44,-0.28,-1.39,33.76,1.04,Fwd,4.42
1748746201.44,-0.28,-1.39,33.76,1.04,Fwd,4.42
1748746201.44,-0.28,-1.39,33.76,1.04,Fwd,4.42
1748746201.44,-0.28,-1.39,33.76,1.04,Fwd,4.42
1748746201.55,-0.28,-1.39,33.76,1.04,Fwd,4.42
1748746201.58,-0.18,-1.39,33.76,1.04,Fwd,4.42
1748746201.58,-0.18,-1.15,33.76,1.04,Fwd,4.42
1748746201.61,-0.18,-1.15,34.46,1.04,Fwd,4.42
1748746201.61,-0.18,-1.15,34.46,1.00,Fwd,4.42
1748746201.61,-0.18,-1.15,34.46,1.00,Fwd,4.42
1748746201.61,-0.18,-1.15,34.46,1.00,Fwd,4.42
1748746201.62,-0.18,-1.15,34.46,1.00,Fwd,4.42
1748746201.65,-0.18,-1.15,34.46,1.00,Fwd,4.42
1748746201.65,-0.11,-1.15,34.46,1.00,Fwd,4.42
1748746201.65,-0.11,-0.73,34.46,1.00,Fwd,4.42
1748746201.65,-0.11,-0.73,34.96,1.00,Fwd,4.42
1748746201.65,-0.11,-0.73,34.96,0.97,Fwd,4.42
1748746201.65,-0.11,-0.73,34.96,0.97,Fwd,4.42
1748746201.65,-0.11,-0.73,34.96,0.97,Fwd,4.42
1748746201.66,-0.11,-0.73,34.96,0.97,Fwd,4.42
1748746201.75,-0.11,-0.73,34.96,0.97,Fwd,4.42
1748746201.79,0.11,-0.73,34.96,0.97,Fwd,4.42
1748746201.79,0.11,-0.61,34.96,0.97,Fwd,4.42
1748746201.82,0.11,-0.61,35.55,0.97,Fwd,4.42
1748746201.82,0.11,-0.61,35.55,1.09,Fwd,4.42
1748746201.83,0.11,-0.61,35.55,1.09,Fwd,4.42
1748746201.83,0.11,-0.61,35.55,1.09,Fwd,4.42
1748746201.83,0.11,-0.61,35.55,1.09,Fwd,4.42
1748746201.83,0.11,-0.61,35.55,1.09,Fwd,4.42
1748746201.83,0.62,-0.61,35.55,1.09,Fwd,4.42
1748746201.83,0.62,-0.60,35.55,1.09,Fwd,4.42
1748746201.83,0.62,-0.60,36.27,1.09,Fwd,4.42
1748746201.83,0.62,-0.60,36.27,0.94,Fwd,4.42
1748746201.83,0.62,-0.60,36.27,0.94,Fwd,4.42
1748746201.83,0.62,-0.60,36.27,0.94,Fwd,4.42
1748746201.84,0.62,-0.60,36.27,0.94,Fwd,4.42
1748746201.93,0.62,-0.60,36.27,0.94,Fwd,4.42
1748746201.96,1.12,-0.60,36.27,0.94,Fwd,4.42
1748746202.00,1.12,-0.35,36.27,0.94,Fwd,4.42
1748746202.00,1.12,-0.35,37.02,0.94,Fwd,4.42
1748746202.04,1.12,-0.35,37.02,1.00,Fwd,4.42
1748746202.05,1.12,-0.35,37.02,1.00,Fwd,4.42
1748746202.05,1.12,-0.35,37.02,1.00,Fwd,4.42
1748746202.05,1.12,-0.35,37.02,1.00,Fwd,4.42
1748746202.06,1.12,-0.35,37.02,1.00,Fwd,4.42
1748746202.06,2.08,-0.35,37.02,1.00,Fwd,4.42
1748746202.06,2.08,-0.68,37.02,1.00,Fwd,4.42
1748746202.06,2.08,-0.68,37.88,1.00,Fwd,4.42
1748746202.06,2.08,-0.68,37.88,1.05,Fwd,4.42
1748746202.15,2.08,-0.68,37.88,1.05,Fwd,4.42
1748746202.15,0.99,-0.68,37.88,1.05,Fwd,4.42
1748746202.15,0.99,-1.94,37.88,1.05,Fwd,4.42
1748746202.16,0.99,-1.94,38.63,1.05,Fwd,4.42
1748746202.16,0.99,-1.94,38.63,1.00,Fwd,4.42
1748746202.16,0.99,-1.94,38.63,1.00,Fwd,4.42
1748746202.16,0.99,-1.94,38.63,1.00,Fwd,4.42
1748746202.16,0.99,-1.94,38.63,1.00,Fwd,4.42