1748746154.08,0.35,-0.68,113.56,0.97,Fwd,3.40
1748746154.12,0.59,-0.68,113.56,0.97,Fwd,3.40
1748746154.15,0.59,-0.43,113.56,0.97,Fwd,3.40
1748746154.19,0.59,-0.43,114.36,0.97,Fwd,3.40
1748746154.19,0.59,-0.43,114.36,0.96,Fwd,3.40
1748746154.19,0.59,-0.43,114.36,0.96,Fwd,3.40
1748746154.19,0.59,-0.43,114.36,0.96,Fwd,3.40
1748746154.19,0.59,-0.43,114.36,0.96,Fwd,3.40
1748746154.19,0.59,-0.43,114.36,0.96,Fwd,3.40
1748746154.19,0.48,-0.43,114.36,0.96,Fwd,3.40
1748746154.22,0.48,-1.33,114.36,0.96,Fwd,3.40
1748746154.26,0.48,-1.33,115.32,0.96,Fwd,3.40
1748746154.29,0.48,-1.33,115.32,0.93,Fwd,3.40
1748746154.29,0.48,-1.33,115.32,0.93,Fwd,3.40
1748746154.29,0.48,-1.33,115.32,0.93,Fwd,3.40
1748746154.29,0.48,-1.33,115.32,0.93,Fwd,3.40
1748746154.30,0.48,-1.33,115.32,0.93,Fwd,3.40
1748746154.30,0.37,-1.33,115.32,0.93,Fwd,3.40
1748746154.30,0.37,-2.29,115.32,0.93,Fwd,3.40
1748746154.30,0.37,-2.29,116.43,0.93,Fwd,3.40
1748746154.33,0.37,-2.29,116.43,0.95,Fwd,3.40
1748746154.36,0.37,-2.29,116.43,0.95,Fwd,3.40
1748746154.40,0.37,-2.29,116.43,0.95,Fwd,3.40
1748746154.47,0.37,-2.29,116.43,0.95,Fwd,3.40
1748746154.47,0.37,-2.29,116.43,0.95,Fwd,3.40
1748746154.47,-0.25,-2.29,116.43,0.95,Fwd,3.40
1748746154.47,-0.25,-3.06,116.43,0.95,Fwd,3.40
1748746154.47,-0.25,-3.06,117.70,0.95,Fwd,3.40
1748746154.47,-0.25,-3.06,117.70,0.95,Fwd,3.40
1748746154.47,-0.25,-3.06,117.70,0.95,Fwd,3.40
1748746154.47,-0.25,-3.06,117.70,0.95,Fwd,3.40
1748746154.47,-0.25,-3.06,117.70,0.95,Fwd,3.40
1748746154.47,-0.25,-3.06,117.70,0.95,Fwd,3.40
1748746154.48,-0.76,-3.06,117.70,0.95,Fwd,3.40
1748746154.48,-0.76,-3.25,117.70,0.95,Fwd,3.40
1748746154.48,-0.76,-3.25,119.17,0.95,Fwd,3.40
1748746154.48,-0.76,-3.25,119.17,0.94,Fwd,3.40
1748746154.48,-0.76,-3.25,119.17,0.94,Fwd,3.40
1748746154.48,-0.76,-3.25,119.17,0.94,Fwd,3.40
1748746154.48,-0.76,-3.25,119.17,0.94,Fwd,3.40
1748746154.54,-0.76,-3.25,119.17,0.94,Fwd,3.40
1748746154.54,-0.77,-3.25,119.17,0.94,Fwd,3.40
1748746154.54,-0.77,-3.61,119.17,0.94,Fwd,3.40
1748746154.54,-0.77,-3.61,120.69,0.94,Fwd,3.40
1748746154.54,-0.77,-3.61,120.69,0.98,Fwd,3.40
1748746154.54,-0.77,-3.61,120.69,0.98,Fwd,3.40
1748746154.54,-0.77,-3.61,120.69,0.98,Fwd,3.40
1748746154.54,-0.77,-3.61,120.69,0.98,Fwd,3.40
1748746154.65,-0.77,-3.61,120.69,0.98,Fwd,3.40
1748746154.65,-0.63,-3.61,120.69,0.98,Fwd,3.40
1748746154.65,-0.63,-3.34,120.69,0.98,Fwd,3.40
1748746154.65,-0.63,-3.34,121.91,0.98,Fwd,3.40
1748746154.65,-0.63,-3.34,121.91,1.00,Fwd,3.40
1748746154.65,-0.63,-3.34,121.91,1.00,Fwd,3.40
1748746154.65,-0.63,-3.34,121.91,1.00,Fwd,3.40
1748746154.66,-0.63,-3.34,121.91,1.00,Fwd,3.40
1748746154.75,-0.63,-3.34,121.91,1.00,Fwd,3.40
1748746154.79,-0.19,-3.34,121.91,1.00,Fwd,3.40
1748746154.82,-0.19,-3.09,121.91,1.00,Fwd,3.40
1748746154.82,-0.19,-3.09,122.92,1.00,Fwd,3.40
1748746154.82,-0.19,-3.09,122.92,0.99,Fwd,3.40
1748746154.82,-0.19,-3.09,122.92,0.99,Fwd,3.40
1748746154.83,-0.19,-3.09,122.92,0.99,Fwd,3.40
1748746154.83,-0.19,-3.09,122.92,0.99,Fwd,3.40
1748746154.86,-0.19,-3.09,122.92,0.99,Fwd,3.40
1748746154.86,0.30,-3.09,122.92,0.99,Fwd,3.40
1748746154.86,0.30,-3.10,122.92,0.99,Fwd,3.40
1748746154.86,0.30,-3.10,123.64,0.99,Fwd,3.40
1748746154.86,0.30,-3.10,123.64,0.95,Fwd,3.40
1748746154.86,0.30,-3.10,123.64,0.95,Fwd,3.40
1748746154.87,0.30,-3.10,123.64,0.95,Fwd,3.40
1748746154.87,0.30,-3.10,123.64,0.95,Fwd,3.40
1748746154.96,0.30,-3.10,123.64,0.95,Fwd,3.40
1748746154.99,-0.11,-3.10,123.64,0.95,Fwd,3.40
1748746155.03,-0.11,-3.28,123.64,0.95,Fwd,3.40
1748746155.06,-0.11,-3.28,124.41,0.95,Fwd,3.40
1748746155.10,-0.11,-3.28,124.41,0.97,Fwd,3.40
1748746155.13,-0.11,-3.28,124.41,0.97,Fwd,3.40
1748746155.17,-0.11,-3.28,124.41,0.97,Fwd,3.40
1748746155.20,-0.11,-3.28,124.41,0.97,Fwd,3.40
1748746155.24,-0.11,-3.28,124.41,0.97,Fwd,3.40
1748746155.24,0.00,-3.28,124.41,0.97,Fwd,3.40
1748746155.24,0.00,-3.36,124.41,0.97,Fwd,3.40
1748746155.24,0.00,-3.36,125.10,0.97,Fwd,3.40
1748746155.24,0.00,-3.36,125.10,0.98,Fwd,3.40
1748746155.24,0.00,-3.36,125.10,0.98,Fwd,3.40
1748746155.27,0.00,-3.36,125.10,0.98,Fwd,3.40
1748746155.31,0.00,-3.36,125.10,0.98,Fwd,3.40
1748746155.38,0.00,-3.36,125.10,0.98,Fwd,3.40
1748746155.39,-0.51,-3.36,125.10,0.98,Fwd,3.40
1748746155.39,-0.51,-3.62,125.10,0.98,Fwd,3.40
1748746155.40,-0.51,-3.62,125.73,0.98,Fwd,3.40
1748746155.40,-0.51,-3.62,125.73,1.00,Fwd,3.40
1748746155.40,-0.51,-3.62,125.73,1.00,Fwd,3.40
1748746155.45,-0.51,-3.62,125.73,1.00,Fwd,3.40
1748746155.49,-0.51,-3.62,125.73,1.00,Fwd,3.40
1748746155.52,-0.51,-3.62,125.73,1.00,Fwd,3.40
1748746155.55,-1.29,-3.62,125.73,1.00,Fwd,3.40
1748746155.56,-1.29,-3.73,125.73,1.00,Fwd,3.40
1748746155.59,-1.29,-3.73,126.32,1.00,Fwd,3.40
1748746155.59,-1.29,-3.73,126.32,0.94,Fwd,3.40
1748746155.59,-1.29,-3.73,126.32,0.94,Fwd,3.40
1748746155.59,-1.29,-3.73,126.32,0.94,Fwd,3.40
1748746155.59,-1.29,-3.73,126.32,0.94,Fwd,3.40
1748746155.59,-1.29,-3.73,126.32,0.94,Fwd,3.40
1748746155.62,-2.00,-3.73,126.32,0.94,Fwd,3.40
1748746155.66,-2.00,-3.52,126.32,0.94,Fwd,3.40
1748746155.66,-2.00,-3.52,126.81,0.94,Fwd,3.40
1748746155.66,-2.00,-3.52,126.81,0.95,Fwd,3.40
1748746155.69,-2.00,-3.52,126.81,0.95,Fwd,3.40
1748746155.73,-2.00,-3.52,126.81,0.95,Fwd,3.40
1748746155.73,-2.00,-3.52,126.81,0.95,Fwd,3.40
1748746155.73,-2.00,-3.52,126.81,0.95,Fwd,3.40
1748746155.76,-4.18,-3.52,126.81,0.95,Fwd,3.40
1748746155.80,-4.18,-3.14,126.81,0.95,Fwd,3.40
1748746155.83,-4.18,-3.14,126.86,0.95,Fwd,3.40
1748746155.87,-4.18,-3.14,126.86,1.04,Fwd,3.40
1748746155.90,-4.18,-3.14,126.86,1.04,Fwd,3.40
1748746155.94,-4.18,-3.14,126.86,1.04,Fwd,3.40
1748746155.94,-4.18,-3.14,126.86,1.04,Fwd,3.40
1748746155.94,-4.18,-3.14,126.86,1.04,Fwd,3.40
1748746155.94,-6.40,-3.14,126.86,1.04,Fwd,3.40
1748746155.94,-6.40,-0.91,126.86,1.04,Fwd,3.40
1748746155.94,-6.40,-0.91,126.47,1.04,Fwd,3.40
1748746155.94,-6.40,-0.91,126.47,0.89,Fwd,3.40
1748746155.95,-6.40,-0.91,126.47,0.89,Fwd,3.40
1748746155.95,-6.40,-0.91,126.47,0.89,Fwd,3.40
1748746155.95,-6.40,-0.91,126.47,0.89,Fwd,3.40
1748746155.95,-6.40,-0.91,126.47,0.89,Fwd,1.94
1748746155.95,-2.91,-0.91,126.47,0.89,Fwd,1.94
1748746155.95,-2.91,-0.83,126.47,0.89,Fwd,1.94
1748746155.95,-2.91,-0.83,126.69,0.89,Fwd,1.94
1748746155.97,-2.91,-0.83,126.69,0.89,Fwd,1.94
1748746155.97,-2.91,-0.83,126.69,0.89,Fwd,1.94
1748746155.97,-2.91,-0.83,126.69,0.89,Fwd,1.94
1748746156.04,-2.91,-0.83,126.69,0.89,Fwd,1.94
1748746156.08,-2.84,-0.83,126.69,0.89,Fwd,1.94
1748746156.08,-2.84,-0.74,126.69,0.89,Fwd,1.94
1748746156.08,-2.84,-0.74,127.01,0.89,Fwd,1.94
1748746156.08,-2.84,-0.74,127.01,0.98,Fwd,1.94
1748746156.08,-2.84,-0.74,127.01,0.98,Fwd,1.94
1748746156.08,-2.84,-0.74,127.01,0.98,Fwd,1.94
1748746156.09,-2.84,-0.74,127.01,0.98,Fwd,1.94
1748746156.15,-2.84,-0.74,127.01,0.98,Fwd,1.94
1748746156.16,-2.38,-0.74,127.01,0.98,Fwd,1.94
1748746156.16,-2.38,-0.61,127.01,0.98,Fwd,1.94
1748746156.16,-2.38,-0.61,127.00,0.98,Fwd,1.94
1748746156.16,-2.38,-0.61,127.00,0.99,Fwd,1.94
1748746156.16,-2.38,-0.61,127.00,0.99,Fwd,1.94
1748746156.16,-2.38,-0.61,127.00,0.99,Fwd,1.94
1748746156.18,-2.38,-0.61,127.00,0.99,Fwd,1.94
1748746156.26,-2.38,-0.61,127.00,0.99,Fwd,1.94
1748746156.26,-1.99,-0.61,127.00,0.99,Fwd,1.94
1748746156.26,-1.99,-0.63,127.00,0.99,Fwd,1.94
1748746156.26,-1.99,-0.63,127.08,0.99,Fwd,1.94
1748746156.27,-1.99,-0.63,127.08,1.02,Fwd,1.94
1748746156.27,-1.99,-0.63,127.08,1.02,Fwd,1.94
1748746156.27,-1.99,-0.63,127.08,1.02,Fwd,1.94
1748746156.27,-1.99,-0.63,127.08,1.02,Fwd,1.94
1748746156.33,-1.99,-0.63,127.08,1.02,Fwd,1.94
1748746156.33,-2.16,-0.63,127.08,1.02,Fwd,1.94
1748746156.33,-2.16,0.00,127.08,1.02,Fwd,1.94
1748746156.33,-2.16,0.00,126.92,1.02,Fwd,1.94
1748746156.33,-2.16,0.00,126.92,0.97,Fwd,1.94
1748746156.33,-2.16,0.00,126.92,0.97,Fwd,1.94
1748746156.34,-2.16,0.00,126.92,0.97,Fwd,1.94
1748746156.34,-2.16,0.00,126.92,0.97,Fwd,1.94
1748746156.43,-2.16,0.00,126.92,0.97,Fwd,1.94
1748746156.46,-2.25,0.00,126.92,0.97,Fwd,1.94
1748746156.50,-2.25,0.67,126.92,0.97,Fwd,1.94
1748746156.53,-2.25,0.67,126.51,0.97,Fwd,1.94
1748746156.54,-2.25,0.67,126.51,0.99,Fwd,1.94
1748746156.54,-2.25,0.67,126.51,0.99,Fwd,1.94
1748746156.54,-2.25,0.67,126.51,0.99,Fwd,1.94
1748746156.54,-2.25,0.67,126.51,0.99,Fwd,1.94
1748746156.54,-2.25,0.67,126.51,0.99,Fwd,1.94
1748746156.54,-1.49,0.67,126.51,0.99,Fwd,1.94
1748746156.54,-1.49,1.21,126.51,0.99,Fwd,1.94
1748746156.55,-1.49,1.21,126.12,0.99,Fwd,1.94
1748746156.55,-1.49,1.21,126.12,0.99,Fwd,1.94
1748746156.55,-1.49,1.21,126.12,0.99,Fwd,1.94
1748746156.55,-1.49,1.21,126.12,0.99,Fwd,1.94
1748746156.56,-1.49,1.21,126.12,0.99,Fwd,1.94
1748746156.64,-1.49,1.21,126.12,0.99,Fwd,1.94
1748746156.65,-0.69,1.21,126.12,0.99,Fwd,1.94
1748746156.65,-0.69,1.18,126.12,0.99,Fwd,1.94
1748746156.65,-0.69,1.18,126.06,0.99,Fwd,1.94
1748746156.65,-0.69,1.18,126.06,0.95,Fwd,1.94
1748746156.65,-0.69,1.18,126.06,0.95,Fwd,1.94
1748746156.66,-0.69,1.18,126.06,0.95,Fwd,1.94
1748746156.66,-0.69,1.18,126.06,0.95,Fwd,1.94
1748746156.75,-0.69,1.18,126.06,0.95,Fwd,1.94
1748746156.75,-0.62,1.18,126.06,0.95,Fwd,1.94
1748746156.75,-0.62,1.01,126.06,0.95,Fwd,1.94
1748746156.78,-0.62,1.01,126.12,0.95,Fwd,1.94
1748746156.78,-0.62,1.01,126.12,0.98,Fwd,1.94
1748746156.78,-0.62,1.01,126.12,0.98,Fwd,1.94
1748746156.81,-0.62,1.01,126.12,0.98,Fwd,1.94
1748746156.85,-0.62,1.01,126.12,0.98,Fwd,1.94
1748746156.88,-0.62,1.01,126.12,0.98,Fwd,1.94
1748746156.92,-0.34,1.01,126.12,0.98,Fwd,1.94
1748746156.96,-0.34,0.74,126.12,0.98,Fwd,1.94
1748746156.99,-0.34,0.74,126.32,0.98,Fwd,1.94
1748746157.00,-0.34,0.74,126.32,1.01,Fwd,1.94
1748746157.00,-0.34,0.74,126.32,1.01,Fwd,1.94
1748746157.02,-0.34,0.74,126.32,1.01,Fwd,1.94
1748746157.07,-0.34,0.74,126.32,1.01,Fwd,1.94
1748746157.07,-0.34,0.74,126.32,1.01,Fwd,1.94
1748746157.07,1.09,0.74,126.32,1.01,Fwd,1.94
1748746157.08,1.09,-0.30,126.32,1.01,Fwd,1.94
1748746157.08,1.09,-0.30,127.65,1.01,Fwd,1.94
1748746157.08,1.09,-0.30,127.65,0.98,Fwd,1.94
1748746157.08,1.09,-0.30,127.65,0.98,Fwd,1.94
1748746157.08,1.09,-0.30,127.65,0.98,Fwd,1.94
1748746157.08,1.09,-0.30,127.65,0.98,Fwd,1.94
1748746157.13,1.09,-0.30,127.65,0.98,Fwd,1.94
1748746157.13,1.37,-0.30,127.65,0.98,Fwd,1.94
1748746157.13,1.37,-0.38,127.65,0.98,Fwd,1.94
1748746157.13,1.37,-0.38,128.09,0.98,Fwd,1.94
1748746157.14,1.37,-0.38,128.09,0.99,Fwd,1.94
1748746157.14,1.37,-0.38,128.09,0.99,Fwd,1.94
1748746157.14,1.37,-0.38,128.09,0.99,Fwd,1.94
1748746157.14,1.37,-0.38,128.09,0.99,Fwd,1.94
1748746157.24,1.37,-0.38,128.09,0.99,Fwd,1.94
1748746157.24,0.99,-0.38,128.09,0.99,Fwd,1.94
1748746157.25,0.99,-0.22,128.09,0.99,Fwd,1.94
1748746157.25,0.99,-0.22,128.60,0.99,Fwd,1.94
1748746157.25,0.99,-0.22,128.60,0.97,Fwd,1.94
1748746157.25,0.99,-0.22,128.60,0.97,Fwd,1.94
1748746157.26,0.99,-0.22,128.60,0.97,Fwd,1.94
1748746157.26,0.99,-0.22,128.60,0.97,Fwd,1.94
1748746157.34,0.99,-0.22,128.60,0.97,Fwd,1.94
1748746157.35,0.93,-0.22,128.60,0.97,Fwd,1.94
1748746157.35,0.93,-0.11,128.60,0.97,Fwd,1.94
1748746157.35,0.93,-0.11,129.12,0.97,Fwd,1.94
1748746157.35,0.93,-0.11,129.12,0.87,Fwd,1.94
1748746157.35,0.93,-0.11,129.12,0.87,Fwd,1.94
1748746157.35,0.93,-0.11,129.12,0.87,Fwd,1.94
1748746157.35,0.93,-0.11,129.12,0.87,Fwd,1.94
1748746157.45,0.93,-0.11,129.12,0.87,Fwd,1.94
1748746157.49,0.84,-0.11,129.12,0.87,Fwd,1.94
1748746157.49,0.84,-0.90,129.12,0.87,Fwd,1.94
1748746157.50,0.84,-0.90,129.61,0.87,Fwd,1.94
1748746157.50,0.84,-0.90,129.61,0.98,Fwd,1.94
1748746157.50,0.84,-0.90,129.61,0.98,Fwd,1.94
1748746157.50,0.84,-0.90,129.61,0.98,Fwd,1.94
1748746157.50,0.84,-0.90,129.61,0.98,Fwd,1.94
1748746157.55,0.84,-0.90,129.61,0.98,Fwd,1.94
1748746157.58,0.71,-0.90,129.61,0.98,Fwd,1.94
1748746157.62,0.71,-0.54,129.61,0.98,Fwd,1.94
1748746157.62,0.71,-0.54,129.99,0.98,Fwd,1.94
1748746157.62,0.71,-0.54,129.99,0.98,Fwd,1.94
1748746157.62,0.71,-0.54,129.99,0.98,Fwd,1.94
1748746157.62,0.71,-0.54,129.99,0.98,Fwd,1.94
1748746157.63,0.71,-0.54,129.99,0.98,Fwd,1.94
1748746157.66,0.71,-0.54,129.99,0.98,Fwd,1.94
1748746157.66,0.39,-0.54,129.99,0.98,Fwd,1.94
1748746157.66,0.39,0.10,129.99,0.98,Fwd,1.94
1748746157.66,0.39,0.10,130.75,0.98,Fwd,1.94
1748746157.66,0.39,0.10,130.75,1.11,Fwd,1.94
1748746157.66,0.39,0.10,130.75,1.11,Fwd,1.94
1748746157.66,0.39,0.10,130.75,1.11,Fwd,1.94
1748746157.67,0.39,0.10,130.75,1.11,Fwd,1.94
1748746157.72,0.39,0.10,130.75,1.11,Fwd,1.94
1748746157.72,0.10,0.10,130.75,1.11,Fwd,1.94
1748746157.73,0.10,0.05,130.75,1.11,Fwd,1.94
1748746157.73,0.10,0.05,131.47,1.11,Fwd,1.94
1748746157.73,0.10,0.05,131.47,1.02,Fwd,1.94
1748746157.73,0.10,0.05,131.47,1.02,Fwd,1.94
1748746157.73,0.10,0.05,131.47,1.02,Fwd,1.94
1748746157.73,0.10,0.05,131.47,1.02,Fwd,1.94
1748746157.83,0.10,0.05,131.47,1.02,Fwd,1.94
1748746157.83,0.11,0.05,131.47,1.02,Fwd,1.94
1748746157.83,0.11,0.72,131.47,1.02,Fwd,1.94
1748746157.83,0.11,0.72,132.05,1.02,Fwd,1.94
1748746157.83,0.11,0.72,132.05,1.05,Fwd,1.94
1748746157.83,0.11,0.72,132.05,1.05,Fwd,1.94
1748746157.83,0.11,0.72,132.05,1.05,Fwd,1.94
1748746157.84,0.11,0.72,132.05,1.05,Fwd,1.94
1748746157.93,0.11,0.72,132.05,1.05,Fwd,1.94
1748746157.93,-1.32,0.72,132.05,1.05,Fwd,1.94
1748746157.93,-1.32,-1.48,132.05,1.05,Fwd,1.94
1748746157.94,-1.32,-1.48,133.13,1.05,Fwd,1.94
1748746157.94,-1.32,-1.48,133.13,1.74,Fwd,1.94
1748746157.94,-1.32,-1.48,133.13,1.74,Fwd,1.94
1748746157.94,-1.32,-1.48,133.13,1.74,Fwd,1.94
1748746157.94,-1.32,-1.48,133.13,1.74,Fwd,1.94
1748746158.04,-1.32,-1.48,133.13,1.74,Fwd,1.94
1748746158.04,-13.23,-1.48,133.13,1.74,Fwd,1.94
1748746158.04,-13.23,-0.75,133.13,1.74,Fwd,1.94
1748746158.04,-13.23,-0.75,129.92,1.74,Fwd,1.94
1748746158.04,-13.23,-0.75,129.92,0.99,Fwd,1.94
1748746158.04,-13.23,-0.75,129.92,0.99,Fwd,1.94
1748746158.07,-13.23,-0.75,129.92,0.99,Fwd,1.94
1748746158.11,-13.23,-0.75,129.92,0.99,Fwd,1.94
1748746158.14,-13.23,-0.75,129.92,0.99,Fwd,1.94
1748746158.14,-28.51,-0.75,129.92,0.99,Fwd,1.94
1748746158.14,-28.51,10.58,129.92,0.99,Fwd,1.94
1748746158.15,-28.51,10.58,108.15,0.99,Fwd,1.94
1748746158.15,-28.51,10.58,108.15,1.68,Fwd,1.94
1748746158.15,-28.51,10.58,108.15,1.68,Fwd,1.94
1748746158.15,-28.51,10.58,108.15,1.68,Fwd,1.94
1748746158.15,-28.51,10.58,108.15,1.68,Fwd,1.94
1748746158.25,-28.51,10.58,108.15,1.68,Fwd,1.94
1748746158.26,-33.57,10.58,108.15,1.68,Fwd,1.94
1748746158.26,-33.57,10.26,108.15,1.68,Fwd,1.94
1748746158.26,-33.57,10.26,72.83,1.68,Fwd,1.94
1748746158.26,-33.57,10.26,72.83,-0.49,Fwd,1.94
1748746158.26,-33.57,10.26,72.83,-0.49,Fwd,1.94
1748746158.26,-33.57,10.26,72.83,-0.49,Fwd,1.94
1748746158.27,-33.57,10.26,72.83,-0.49,Fwd,1.94
1748746158.36,-33.57,10.26,72.83,-0.49,Fwd,1.94
1748746158.36,-27.82,10.26,72.83,-0.49,Fwd,1.94
1748746158.36,-27.82,12.39,72.83,-0.49,Fwd,1.94
1748746158.36,-27.82,12.39,37.60,-0.49,Fwd,1.94
1748746158.37,-27.82,12.39,37.60,-0.28,Fwd,1.94
1748746158.37,-27.82,12.39,37.60,-0.28,Fwd,1.94
1748746158.39,-27.82,12.39,37.60,-0.28,Fwd,1.94
1748746158.39,-27.82,12.39,37.60,-0.28,Fwd,1.94
1748746158.42,-27.82,12.39,37.60,-0.28,Fwd,1.94
1748746158.42,-31.79,12.39,37.60,-0.28,Fwd,1.94
1748746158.43,-31.79,15.55,37.60,-0.28,Fwd,1.94
1748746158.43,-31.79,15.55,5.06,-0.28,Fwd,1.94
1748746158.43,-31.79,15.55,5.06,1.62,Fwd,1.94
1748746158.43,-31.79,15.55,5.06,1.62,Fwd,1.94
1748746158.43,-31.79,15.55,5.06,1.62,Fwd,1.94
1748746158.43,-31.79,15.55,5.06,1.62,Fwd,1.94
1748746158.53,-31.79,15.55,5.06,1.62,Fwd,1.94
1748746158.53,-25.77,15.55,5.06,1.62,Fwd,1.94
1748746158.53,-25.77,11.60,5.06,1.62,Fwd,1.94
1748746158.54,-25.77,11.60,347.48,1.62,Fwd,1.94
1748746158.57,-25.77,11.60,347.48,-1.57,Fwd,1.94
1748746158.60,-25.77,11.60,347.48,-1.57,Fwd,1.94
1748746158.63,-25.77,11.60,347.48,-1.57,Fwd,1.94
1748746158.68,-25.77,11.60,347.48,-1.57,Fwd,1.94
1748746158.68,-25.77,11.60,347.48,-1.57,Fwd,1.94
1748746158.68,-14.74,11.60,347.48,-1.57,Fwd,1.94
1748746158.68,-14.74,8.03,347.48,-1.57,Fwd,1.94
1748746158.68,-14.74,8.03,340.99,-1.57,Fwd,1.94
1748746158.68,-14.74,8.03,340.99,0.76,Fwd,1.94
1748746158.69,-14.74,8.03,340.99,0.76,Fwd,1.94
1748746158.69,-14.74,8.03,340.99,0.76,Fwd,1.94
1748746158.69,-14.74,8.03,340.99,0.76,Fwd,1.94
1748746158.74,-14.74,8.03,340.99,0.76,Fwd,0.00
1748746158.75,-7.91,8.03,340.99,0.76,Fwd,0.00
1748746158.75,-7.91,3.38,340.99,0.76,Fwd,0.00
1748746158.75,-7.91,3.38,339.79,0.76,Fwd,0.00
1748746158.75,-7.91,3.38,339.79,1.71,Fwd,0.00
1748746158.76,-7.91,3.38,339.79,1.71,Fwd,0.00
1748746158.76,-7.91,3.38,339.79,1.71,Fwd,0.00
1748746158.76,-7.91,3.38,339.79,1.71,Fwd,0.00
1748746158.85,-7.91,3.38,339.79,1.71,Fwd,24.90
1748746158.85,-8.59,3.38,339.79,1.71,Fwd,24.90
1748746158.85,-8.59,-2.70,339.79,1.71,Fwd,24.90
1748746158.88,-8.59,-2.70,341.26,1.71,Fwd,24.90
1748746158.92,-8.59,-2.70,341.26,0.77,Fwd,24.90
1748746158.92,-8.59,-2.70,341.26,0.77,Fwd,24.90
1748746158.92,-8.59,-2.70,341.26,0.77,Fwd,24.90
1748746158.92,-8.59,-2.70,341.26,0.77,Fwd,24.90
1748746158.96,-8.59,-2.70,341.26,0.77,Fwd,24.90
1748746158.99,-8.24,-2.70,341.26,0.77,Fwd,24.90
1748746158.99,-8.24,-3.66,341.26,0.77,Fwd,24.90
1748746158.99,-8.24,-3.66,342.04,0.77,Fwd,24.90
1748746158.99,-8.24,-3.66,342.04,0.84,Fwd,24.90
1748746159.00,-8.24,-3.66,342.04,0.84,Fwd,24.90
1748746159.00,-8.24,-3.66,342.04,0.84,Fwd,24.90
1748746159.00,-8.24,-3.66,342.04,0.84,Fwd,24.90
1748746159.06,-8.24,-3.66,342.04,0.84,Fwd,24.90
1748746159.06,-8.02,-3.66,342.04,0.84,Fwd,24.90
1748746159.06,-8.02,-2.60,342.04,0.84,Fwd,24.90
1748746159.06,-8.02,-2.60,342.12,0.84,Fwd,24.90
1748746159.06,-8.02,-2.60,342.12,1.08,Fwd,24.90
1748746159.07,-8.02,-2.60,342.12,1.08,Fwd,24.90
1748746159.07,-8.02,-2.60,342.12,1.08,Fwd,24.90
1748746159.07,-8.02,-2.60,342.12,1.08,Fwd,24.90
1748746159.12,-8.02,-2.60,342.12,1.08,Fwd,24.90
1748746159.12,-7.23,-2.60,342.12,1.08,Fwd,24.90
1748746159.13,-7.23,-2.29,342.12,1.08,Fwd,24.90
1748746159.13,-7.23,-2.29,342.22,1.08,Fwd,24.90
1748746159.13,-7.23,-2.29,342.22,0.95,Fwd,24.90
1748746159.13,-7.23,-2.29,342.22,0.95,Fwd,24.90
1748746159.13,-7.23,-2.29,342.22,0.95,Fwd,24.90
1748746159.13,-7.23,-2.29,342.22,0.95,Fwd,24.90
1748746159.23,-7.23,-2.29,342.22,0.95,Fwd,24.90
1748746159.23,-6.46,-2.29,342.22,0.95,Fwd,24.90
1748746159.23,-6.46,-2.17,342.22,0.95,Fwd,24.90
1748746159.23,-6.46,-2.17,342.71,0.95,Fwd,24.90
1748746159.23,-6.46,-2.17,342.71,0.91,Fwd,24.90
1748746159.23,-6.46,-2.17,342.71,0.91,Fwd,24.90
1748746159.24,-6.46,-2.17,342.71,0.91,Fwd,24.90
1748746159.24,-6.46,-2.17,342.71,0.91,Fwd,24.90
1748746159.33,-6.46,-2.17,342.71,0.91,Fwd,24.90
1748746159.33,-5.46,-2.17,342.71,0.91,Fwd,24.90
1748746159.33,-5.46,-1.73,342.71,0.91,Fwd,24.90
1748746159.37,-5.46,-1.73,343.51,0.91,Fwd,24.90
1748746159.37,-5.46,-1.73,343.51,0.95,Fwd,24.90
1748746159.37,-5.46,-1.73,343.51,0.95,Fwd,24.90
1748746159.37,-5.46,-1.73,343.51,0.95,Fwd,24.90
1748746159.37,-5.46,-1.73,343.51,0.95,Fwd,24.90
1748746159.44,-5.46,-1.73,343.51,0.95,Fwd,24.90
1748746159.47,-4.96,-1.73,343.51,0.95,Fwd,24.90
1748746159.48,-4.96,-1.43,343.51,0.95,Fwd,24.90
1748746159.48,-4.96,-1.43,344.45,0.95,Fwd,24.90
1748746159.48,-4.96,-1.43,344.45,0.95,Fwd,24.90
1748746159.48,-4.96,-1.43,344.45,0.95,Fwd,24.90
1748746159.48,-4.96,-1.43,344.45,0.95,Fwd,24.90
1748746159.48,-4.96,-1.43,344.45,0.95,Fwd,24.90
1748746159.54,-4.96,-1.43,344.45,0.95,Fwd,24.90
1748746159.54,-4.44,-1.43,344.45,0.95,Fwd,24.90
1748746159.54,-4.44,-1.39,344.45,0.95,Fwd,24.90
1748746159.58,-4.44,-1.39,345.09,0.95,Fwd,24.90
1748746159.58,-4.44,-1.39,345.09,0.93,Fwd,24.90
1748746159.59,-4.44,-1.39,345.09,0.93,Fwd,24.90
1748746159.59,-4.44,-1.39,345.09,0.93,Fwd,24.90
1748746159.59,-4.44,-1.39,345.09,0.93,Fwd,24.90
1748746159.65,-4.44,-1.39,345.09,0.93,Fwd,4.73
1748746159.66,-4.01,-1.39,345.09,0.93,Fwd,4.73
1748746159.66,-4.01,-1.02,345.09,0.93,Fwd,4.73
1748746159.66,-4.01,-1.02,344.90,0.93,Fwd,4.73
1748746159.67,-4.01,-1.02,344.90,0.94,Fwd,4.73
1748746159.67,-4.01,-1.02,344.90,0.94,Fwd,4.73
1748746159.67,-4.01,-1.02,344.90,0.94,Fwd,4.73
1748746159.67,-4.01,-1.02,344.90,0.94,Fwd,4.73
1748746159.76,-4.01,-1.02,344.90,0.94,Fwd,4.73
1748746159.76,-3.80,-1.02,344.90,0.94,Fwd,4.73
1748746159.76,-3.80,-0.36,344.90,0.94,Fwd,4.73
1748746159.76,-3.80,-0.36,344.21,0.94,Fwd,4.73
1748746159.77,-3.80,-0.36,344.21,1.03,Fwd,4.73
1748746159.77,-3.80,-0.36,344.21,1.03,Fwd,4.73
1748746159.78,-3.80,-0.36,344.21,1.03,Fwd,4.73
1748746159.78,-3.80,-0.36,344.21,1.03,Fwd,4.73
1748746159.82,-3.80,-0.36,344.21,1.03,Fwd,4.73
1748746159.83,-3.60,-0.36,344.21,1.03,Fwd,4.73
1748746159.83,-3.60,0.36,344.21,1.03,Fwd,4.73
1748746159.83,-3.60,0.36,343.30,1.03,Fwd,4.73
1748746159.83,-3.60,0.36,343.30,0.92,Fwd,4.73
1748746159.83,-3.60,0.36,343.30,0.92,Fwd,4.73
1748746159.83,-3.60,0.36,343.30,0.92,Fwd,4.73
1748746159.83,-3.60,0.36,343.30,0.92,Fwd,4.73
1748746159.93,-3.60,0.36,343.30,0.92,Fwd,4.73
1748746159.93,-3.32,0.36,343.30,0.92,Fwd,4.73
1748746159.93,-3.32,1.39,343.30,0.92,Fwd,4.73
1748746159.93,-3.32,1.39,342.53,0.92,Fwd,4.73
1748746159.93,-3.32,1.39,342.53,0.99,Fwd,4.73
1748746159.93,-3.32,1.39,342.53,0.99,Fwd,4.73
1748746159.96,-3.32,1.39,342.53,0.99,Fwd,4.73
1748746160.03,-3.32,1.39,342.53,0.99,Fwd,4.73
1748746160.07,-3.32,1.39,342.53,0.99,Fwd,4.73
1748746160.07,-2.67,1.39,342.53,0.99,Fwd,4.73
1748746160.07,-2.67,1.74,342.53,0.99,Fwd,4.73
1748746160.07,-2.67,1.74,342.47,0.99,Fwd,4.73
1748746160.07,-2.67,1.74,342.47,0.95,Fwd,4.73
1748746160.07,-2.67,1.74,342.47,0.95,Fwd,4.73
1748746160.10,-2.67,1.74,342.47,0.95,Fwd,4.73
1748746160.14,-2.67,1.74,342.47,0.95,Fwd,4.73
1748746160.17,-2.67,1.74,342.47,0.95,Fwd,4.73
1748746160.21,-2.56,1.74,342.47,0.95,Fwd,4.73
1748746160.21,-2.56,1.21,342.47,0.95,Fwd,4.73
1748746160.21,-2.56,1.21,343.21,0.95,Fwd,4.73
1748746160.21,-2.56,1.21,343.21,0.94,Fwd,4.73
1748746160.21,-2.56,1.21,343.21,0.94,Fwd,4.73
1748746160.21,-2.56,1.21,343.21,0.94,Fwd,4.73
1748746160.24,-2.56,1.21,343.21,0.94,Fwd,4.73
1748746160.28,-2.56,1.21,343.21,0.94,Fwd,4.73
1748746160.32,-2.23,1.21,343.21,0.94,Fwd,4.73
1748746160.32,-2.23,0.34,343.21,0.94,Fwd,4.73
1748746160.32,-2.23,0.34,344.60,0.94,Fwd,4.73
1748746160.33,-2.23,0.34,344.60,0.99,Fwd,4.73
1748746160.33,-2.23,0.34,344.60,0.99,Fwd,4.73
1748746160.33,-2.23,0.34,344.60,0.99,Fwd,4.73
1748746160.35,-2.23,0.34,344.60,0.99,Fwd,4.73
1748746160.35,-2.23,0.34,344.60,0.99,Fwd,5.15
1748746160.35,-1.93,0.34,344.60,0.99,Fwd,5.15
1748746160.35,-1.93,0.14,344.60,0.99,Fwd,5.15
1748746160.35,-1.93,0.14,346.23,0.99,Fwd,5.15
1748746160.36,-1.93,0.14,346.23,0.97,Fwd,5.15
1748746160.38,-1.93,0.14,346.23,0.97,Fwd,5.15
1748746160.42,-1.93,0.14,346.23,0.97,Fwd,5.15
1748746160.43,-1.93,0.14,346.23,0.97,Fwd,5.15
1748746160.46,-1.93,0.14,346.23,0.97,Fwd,5.15
1748746160.46,-1.65,0.14,346.23,0.97,Fwd,5.15
1748746160.46,-1.65,0.00,346.23,0.97,Fwd,5.15
1748746160.47,-1.65,0.00,347.92,0.97,Fwd,5.15
1748746160.47,-1.65,0.00,347.92,1.03,Fwd,5.15
1748746160.47,-1.65,0.00,347.92,1.03,Fwd,5.15
1748746160.49,-1.65,0.00,347.92,1.03,Fwd,5.15
1748746160.53,-1.65,0.00,347.92,1.03,Fwd,5.15
1748746160.56,-1.65,0.00,347.92,1.03,Fwd,5.15
1748746160.60,-1.55,0.00,347.92,1.03,Fwd,5.15
1748746160.63,-1.55,-0.47,347.92,1.03,Fwd,5.15
1748746160.67,-1.55,-0.47,349.82,1.03,Fwd,5.15
1748746160.70,-1.55,-0.47,349.82,0.96,Fwd,5.15
1748746160.73,-1.55,-0.47,349.82,0.96,Fwd,5.15
1748746160.77,-1.55,-0.47,349.82,0.96,Fwd,5.15
1748746160.78,-1.55,-0.47,349.82,0.96,Fwd,5.15
1748746160.78,-1.55,-0.47,349.82,0.96,Fwd,5.15
1748746160.78,-1.64,-0.47,349.82,0.96,Fwd,5.15
1748746160.78,-1.64,-1.06,349.82,0.96,Fwd,5.15
1748746160.79,-1.64,-1.06,351.95,0.96,Fwd,5.15
1748746160.80,-1.64,-1.06,351.95,0.96,Fwd,5.15
1748746160.84,-1.64,-1.06,351.95,0.96,Fwd,5.15
1748746160.87,-1.64,-1.06,351.95,0.96,Fwd,5.15
1748746160.94,-1.64,-1.06,351.95,0.96,Fwd,5.15
1748746160.98,-1.64,-1.06,351.95,0.96,Fwd,5.15
1748746160.98,-1.70,-1.06,351.95,0.96,Fwd,5.15
1748746160.99,-1.70,-1.28,351.95,0.96,Fwd,5.15
1748746160.99,-1.70,-1.28,353.99,0.96,Fwd,5.15
1748746160.99,-1.70,-1.28,353.99,0.99,Fwd,5.15
1748746161.00,-1.70,-1.28,353.99,0.99,Fwd,5.15
1748746161.00,-1.70,-1.28,353.99,0.99,Fwd,5.15
1748746161.00,-1.70,-1.28,353.99,0.99,Fwd,5.15
1748746161.00,-1.70,-1.28,353.99,0.99,Fwd,6.08
1748746161.00,-1.54,-1.28,353.99,0.99,Fwd,6.08
1748746161.00,-1.54,-1.27,353.99,0.99,Fwd,6.08
1748746161.01,-1.54,-1.27,357.09,0.99,Fwd,6.08
1748746161.01,-1.54,-1.27,357.09,1.07,Fwd,6.08
1748746161.01,-1.54,-1.27,357.09,1.07,Fwd,6.08
1748746161.01,-1.54,-1.27,357.09,1.07,Fwd,6.08
1748746161.01,-1.54,-1.27,357.09,1.07,Fwd,6.08
1748746161.05,-1.54,-1.27,357.09,1.07,Fwd,6.08
1748746161.05,-1.20,-1.27,357.09,1.07,Fwd,6.08
1748746161.05,-1.20,-1.35,357.09,1.07,Fwd,6.08
1748746161.05,-1.20,-1.35,358.27,1.07,Fwd,6.08
1748746161.05,-1.20,-1.35,358.27,0.95,Fwd,6.08
1748746161.05,-1.20,-1.35,358.27,0.95,Fwd,6.08
1748746161.06,-1.20,-1.35,358.27,0.95,Fwd,6.08
1748746161.06,-1.20,-1.35,358.27,0.95,Fwd,6.08
1748746161.15,-1.20,-1.35,358.27,0.95,Fwd,6.08
1748746161.16,-1.03,-1.35,358.27,0.95,Fwd,6.08
1748746161.16,-1.03,-1.28,358.27,0.95,Fwd,6.08
1748746161.16,-1.03,-1.28,359.43,0.95,Fwd,6.08
1748746161.16,-1.03,-1.28,359.43,1.07,Fwd,6.08
1748746161.16,-1.03,-1.28,359.43,1.07,Fwd,6.08
1748746161.16,-1.03,-1.28,359.43,1.07,Fwd,6.08
1748746161.16,-1.03,-1.28,359.43,1.07,Fwd,6.08
1748746161.22,-1.03,-1.28,359.43,1.07,Fwd,6.08
1748746161.22,-0.72,-1.28,359.43,1.07,Fwd,6.08
1748746161.23,-0.72,-1.55,359.43,1.07,Fwd,6.08
1748746161.23,-0.72,-1.55,0.61,1.07,Fwd,6.08
1748746161.23,-0.72,-1.55,0.61,1.04,Fwd,6.08
1748746161.23,-0.72,-1.55,0.61,1.04,Fwd,6.08
1748746161.23,-0.72,-1.55,0.61,1.04,Fwd,6.08
1748746161.23,-0.72,-1.55,0.61,1.04,Fwd,6.08
1748746161.33,-0.72,-1.55,0.61,1.04,Fwd,6.08
1748746161.33,-0.31,-1.55,0.61,1.04,Fwd,6.08
1748746161.33,-0.31,-1.91,0.61,1.04,Fwd,6.08
1748746161.33,-0.31,-1.91,1.65,1.04,Fwd,6.08
1748746161.33,-0.31,-1.91,1.65,0.94,Fwd,6.08
1748746161.33,-0.31,-1.91,1.65,0.94,Fwd,6.08
1748746161.33,-0.31,-1.91,1.65,0.94,Fwd,6.08
1748746161.34,-0.31,-1.91,1.65,0.94,Fwd,6.08
1748746161.43,-0.31,-1.91,1.65,0.94,Fwd,6.08
1748746161.43,-0.23,-1.91,1.65,0.94,Fwd,6.08
1748746161.44,-0.23,-2.01,1.65,0.94,Fwd,6.08
1748746161.44,-0.23,-2.01,2.41,0.94,Fwd,6.08
1748746161.44,-0.23,-2.01,2.41,1.07,Fwd,6.08
1748746161.44,-0.23,-2.01,2.41,1.07,Fwd,6.08
1748746161.44,-0.23,-2.01,2.41,1.07,Fwd,6.08
1748746161.44,-0.23,-2.01,2.41,1.07,Fwd,6.08
1748746161.54,-0.23,-2.01,2.41,1.07,Fwd,6.27
1748746161.54,-0.47,-2.01,2.41,1.07,Fwd,6.27
1748746161.54,-0.47,-1.87,2.41,1.07,Fwd,6.27
1748746161.54,-0.47,-1.87,2.98,1.07,Fwd,6.27
1748746161.54,-0.47,-1.87,2.98,1.00,Fwd,6.27
1748746161.54,-0.47,-1.87,2.98,1.00,Fwd,6.27
1748746161.58,-0.47,-1.87,2.98,1.00,Fwd,6.27
1748746161.61,-0.47,-1.87,2.98,1.00,Fwd,6.27
1748746161.64,-0.47,-1.87,2.98,1.00,Fwd,6.27
1748746161.64,-0.79,-1.87,2.98,1.00,Fwd,6.27
1748746161.64,-0.79,-1.90,2.98,1.00,Fwd,6.27
1748746161.65,-0.79,-1.90,3.47,1.00,Fwd,6.27
1748746161.65,-0.79,-1.90,3.47,1.03,Fwd,6.27
1748746161.65,-0.79,-1.90,3.47,1.03,Fwd,6.27
1748746161.65,-0.79,-1.90,3.47,1.03,Fwd,6.27
1748746161.65,-0.79,-1.90,3.47,1.03,Fwd,6.27
1748746161.75,-0.79,-1.90,3.47,1.03,Fwd,6.27
1748746161.75,-0.49,-1.90,3.47,1.03,Fwd,6.27
1748746161.75,-0.49,-2.19,3.47,1.03,Fwd,6.27
1748746161.78,-0.49,-2.19,4.01,1.03,Fwd,6.27
1748746161.82,-0.49,-2.19,4.01,0.96,Fwd,6.27
1748746161.82,-0.49,-2.19,4.01,0.96,Fwd,6.27
1748746161.82,-0.49,-2.19,4.01,0.96,Fwd,6.27
1748746161.82,-0.49,-2.19,4.01,0.96,Fwd,6.27
1748746161.86,-0.49,-2.19,4.01,0.96,Fwd,6.27
1748746161.89,0.13,-2.19,4.01,0.96,Fwd,6.27
1748746161.89,0.13,-2.61,4.01,0.96,Fwd,6.27
1748746161.89,0.13,-2.61,4.56,0.96,Fwd,6.27
1748746161.89,0.13,-2.61,4.56,1.06,Fwd,6.27
1748746161.89,0.13,-2.61,4.56,1.06,Fwd,6.27
1748746161.89,0.13,-2.61,4.56,1.06,Fwd,6.27
1748746161.89,0.13,-2.61,4.56,1.06,Fwd,6.27
1748746161.92,0.13,-2.61,4.56,1.06,Fwd,6.27
1748746161.96,1.10,-2.61,4.56,1.06,Fwd,6.27
1748746161.96,1.10,-3.13,4.56,1.06,Fwd,6.27
1748746161.96,1.10,-3.13,5.12,1.06,Fwd,6.27
1748746161.96,1.10,-3.13,5.12,1.09,Fwd,6.27
1748746161.96,1.10,-3.13,5.12,1.09,Fwd,6.27
1748746161.96,1.10,-3.13,5.12,1.09,Fwd,6.27
1748746161.96,1.10,-3.13,5.12,1.09,Fwd,6.27
1748746162.03,1.10,-3.13,5.12,1.09,Fwd,6.27
1748746162.07,1.50,-3.13,5.12,1.09,Fwd,6.27
1748746162.10,1.50,-3.65,5.12,1.09,Fwd,6.27
1748746162.10,1.50,-3.65,5.60,1.09,Fwd,6.27
1748746162.10,1.50,-3.65,5.60,0.98,Fwd,6.27
1748746162.13,1.50,-3.65,5.60,0.98,Fwd,6.27
1748746162.17,1.50,-3.65,5.60,0.98,Fwd,6.27
1748746162.21,1.50,-3.65,5.60,0.98,Fwd,6.27
1748746162.21,1.50,-3.65,5.60,0.98,Fwd,6.27
1748746162.21,1.99,-3.65,5.60,0.98,Fwd,6.27
1748746162.21,1.99,-3.62,5.60,0.98,Fwd,6.27
1748746162.22,1.99,-3.62,5.72,0.98,Fwd,6.27
1748746162.22,1.99,-3.62,5.72,1.01,Fwd,6.27
1748746162.22,1.99,-3.62,5.72,1.01,Fwd,6.27
1748746162.22,1.99,-3.62,5.72,1.01,Fwd,6.27
1748746162.22,1.99,-3.62,5.72,1.01,Fwd,6.27
1748746162.24,1.99,-3.62,5.72,1.01,Fwd,5.98
1748746162.24,1.94,-3.62,5.72,1.01,Fwd,5.98
1748746162.24,1.94,-3.15,5.72,1.01,Fwd,5.98
1748746162.24,1.94,-3.15,5.34,1.01,Fwd,5.98
1748746162.25,1.94,-3.15,5.34,0.96,Fwd,5.98
1748746162.25,1.94,-3.15,5.34,0.96,Fwd,5.98
1748746162.25,1.94,-3.15,5.34,0.96,Fwd,5.98
1748746162.25,1.94,-3.15,5.34,0.96,Fwd,5.98
1748746162.35,1.94,-3.15,5.34,0.96,Fwd,5.98
1748746162.38,1.87,-3.15,5.34,0.96,Fwd,5.98
1748746162.41,1.87,-2.73,5.34,0.96,Fwd,5.98
1748746162.42,1.87,-2.73,4.48,0.96,Fwd,5.98
1748746162.42,1.87,-2.73,4.48,0.96,Fwd,5.98
1748746162.42,1.87,-2.73,4.48,0.96,Fwd,5.98
1748746162.42,1.87,-2.73,4.48,0.96,Fwd,5.98
1748746162.42,1.87,-2.73,4.48,0.96,Fwd,5.98
1748746162.45,1.87,-2.73,4.48,0.96,Fwd,5.98
1748746162.45,1.27,-2.73,4.48,0.96,Fwd,5.98
1748746162.45,1.27,-2.25,4.48,0.96,Fwd,5.98
1748746162.46,1.27,-2.25,3.05,0.96,Fwd,5.98
1748746162.46,1.27,-2.25,3.05,1.08,Fwd,5.98
1748746162.46,1.27,-2.25,3.05,1.08,Fwd,5.98
1748746162.46,1.27,-2.25,3.05,1.08,Fwd,5.98
1748746162.46,1.27,-2.25,3.05,1.08,Fwd,5.98
1748746162.56,1.27,-2.25,3.05,1.08,Fwd,5.98
1748746162.59,0.51,-2.25,3.05,1.08,Fwd,5.98
1748746162.62,0.51,-1.67,3.05,1.08,Fwd,5.98
1748746162.63,0.51,-1.67,1.00,1.08,Fwd,5.98
1748746162.63,0.51,-1.67,1.00,0.95,Fwd,5.98
1748746162.63,0.51,-1.67,1.00,0.95,Fwd,5.98
1748746162.63,0.51,-1.67,1.00,0.95,Fwd,5.98
1748746162.63,0.51,-1.67,1.00,0.95,Fwd,5.98
1748746162.63,0.51,-1.67,1.00,0.95,Fwd,5.98
1748746162.64,0.22,-1.67,1.00,0.95,Fwd,5.98
1748746162.64,0.22,-1.14,1.00,0.95,Fwd,5.98
1748746162.64,0.22,-1.14,358.81,0.95,Fwd,5.98
1748746162.64,0.22,-1.14,358.81,0.93,Fwd,5.98
1748746162.64,0.22,-1.14,358.81,0.93,Fwd,5.98
1748746162.64,0.22,-1.14,358.81,0.93,Fwd,5.98
1748746162.65,0.22,-1.14,358.81,0.93,Fwd,5.98
1748746162.73,0.22,-1.14,358.81,0.93,Fwd,5.98
1748746162.73,0.42,-1.14,358.81,0.93,Fwd,5.98
1748746162.73,0.42,-0.96,358.81,0.93,Fwd,5.98
1748746162.73,0.42,-0.96,357.03,0.93,Fwd,5.98
1748746162.73,0.42,-0.96,357.03,0.93,Fwd,5.98
1748746162.73,0.42,-0.96,357.03,0.93,Fwd,5.98
1748746162.73,0.42,-0.96,357.03,0.93,Fwd,5.98
1748746162.73,0.42,-0.96,357.03,0.93,Fwd,5.98
1748746162.83,0.42,-0.96,357.03,0.93,Fwd,5.98
1748746162.87,0.53,-0.96,357.03,0.93,Fwd,5.98
1748746162.87,0.53,-0.85,357.03,0.93,Fwd,5.98
1748746162.87,0.53,-0.85,355.27,0.93,Fwd,5.98
1748746162.87,0.53,-0.85,355.27,0.96,Fwd,5.98
1748746162.87,0.53,-0.85,355.27,0.96,Fwd,5.98
1748746162.88,0.53,-0.85,355.27,0.96,Fwd,5.98
1748746162.88,0.53,-0.85,355.27,0.96,Fwd,5.98
1748746162.94,0.53,-0.85,355.27,0.96,Fwd,5.98
1748746162.94,0.36,-0.85,355.27,0.96,Fwd,5.98
1748746162.94,0.36,0.19,355.27,0.96,Fwd,5.98
1748746162.94,0.36,0.19,353.16,0.96,Fwd,5.98
1748746162.94,0.36,0.19,353.16,1.05,Fwd,5.98
1748746162.94,0.36,0.19,353.16,1.05,Fwd,5.98
1748746162.95,0.36,0.19,353.16,1.05,Fwd,5.98
1748746162.95,0.36,0.19,353.16,1.05,Fwd,5.98
1748746163.04,0.36,0.19,353.16,1.05,Fwd,4.53
1748746163.05,0.54,0.19,353.16,1.05,Fwd,4.53
1748746163.05,0.54,0.96,353.16,1.05,Fwd,4.53
1748746163.05,0.54,0.96,351.13,1.05,Fwd,4.53
1748746163.05,0.54,0.96,351.13,0.97,Fwd,4.53
1748746163.05,0.54,0.96,351.13,0.97,Fwd,4.53
1748746163.05,0.54,0.96,351.13,0.97,Fwd,4.53
1748746163.05,0.54,0.96,351.13,0.97,Fwd,4.53
1748746163.15,0.54,0.96,351.13,0.97,Fwd,4.53
1748746163.15,1.02,0.96,351.13,0.97,Fwd,4.53
1748746163.15,1.02,0.63,351.13,0.97,Fwd,4.53
1748746163.15,1.02,0.63,349.84,0.97,Fwd,4.53
1748746163.15,1.02,0.63,349.84,1.00,Fwd,4.53
1748746163.16,1.02,0.63,349.84,1.00,Fwd,4.53
1748746163.16,1.02,0.63,349.84,1.00,Fwd,4.53
1748746163.16,1.02,0.63,349.84,1.00,Fwd,4.53
1748746163.26,1.02,0.63,349.84,1.00,Fwd,4.53
1748746163.29,1.65,0.63,349.84,1.00,Fwd,4.53
1748746163.30,1.65,0.23,349.84,1.00,Fwd,4.53
1748746163.30,1.65,0.23,349.34,1.00,Fwd,4.53
1748746163.30,1.65,0.23,349.34,0.97,Fwd,4.53
1748746163.30,1.65,0.23,349.34,0.97,Fwd,4.53
1748746163.30,1.65,0.23,349.34,0.97,Fwd,4.53
1748746163.32,1.65,0.23,349.34,0.97,Fwd,4.53
1748746163.37,1.65,0.23,349.34,0.97,Fwd,4.53
1748746163.37,2.22,0.23,349.34,0.97,Fwd,4.53
1748746163.37,2.22,0.09,349.34,0.97,Fwd,4.53
1748746163.37,2.22,0.09,349.18,0.97,Fwd,4.53
1748746163.37,2.22,0.09,349.18,0.93,Fwd,4.53
1748746163.37,2.22,0.09,349.18,0.93,Fwd,4.53
1748746163.38,2.22,0.09,349.18,0.93,Fwd,4.53
1748746163.38,2.22,0.09,349.18,0.93,Fwd,4.53
1748746163.43,2.22,0.09,349.18,0.93,Fwd,4.53
1748746163.46,2.66,0.09,349.18,0.93,Fwd,4.53
1748746163.47,2.66,-0.55,349.18,0.93,Fwd,4.53
1748746163.47,2.66,-0.55,349.29,0.93,Fwd,4.53
1748746163.47,2.66,-0.55,349.29,0.98,Fwd,4.53
1748746163.47,2.66,-0.55,349.29,0.98,Fwd,4.53
1748746163.47,2.66,-0.55,349.29,0.98,Fwd,4.53
1748746163.48,2.66,-0.55,349.29,0.98,Fwd,4.53
1748746163.54,2.66,-0.55,349.29,0.98,Fwd,4.53
1748746163.58,2.81,-0.55,349.29,0.98,Fwd,4.53
1748746163.58,2.81,-0.96,349.29,0.98,Fwd,4.53
1748746163.58,2.81,-0.96,349.59,0.98,Fwd,4.53
1748746163.58,2.81,-0.96,349.59,0.95,Fwd,4.53
1748746163.58,2.81,-0.96,349.59,0.95,Fwd,4.53
1748746163.58,2.81,-0.96,349.59,0.95,Fwd,4.53
1748746163.59,2.81,-0.96,349.59,0.95,Fwd,4.53
1748746163.64,2.81,-0.96,349.59,0.95,Fwd,4.53
1748746163.64,3.18,-0.96,349.59,0.95,Fwd,4.53
1748746163.65,3.18,-0.85,349.59,0.95,Fwd,4.53
1748746163.65,3.18,-0.85,349.84,0.95,Fwd,4.53
1748746163.65,3.18,-0.85,349.84,0.99,Fwd,4.53
1748746163.65,3.18,-0.85,349.84,0.99,Fwd,4.53
1748746163.65,3.18,-0.85,349.84,0.99,Fwd,4.53
1748746163.66,3.18,-0.85,349.84,0.99,Fwd,4.53
1748746163.75,3.18,-0.85,349.84,0.99,Fwd,4.53
1748746163.79,3.24,-0.85,349.84,0.99,Fwd,4.53
1748746163.79,3.24,-0.91,349.84,0.99,Fwd,4.53
1748746163.79,3.24,-0.91,350.00,0.99,Fwd,4.53
1748746163.79,3.24,-0.91,350.00,1.03,Fwd,4.53
1748746163.79,3.24,-0.91,350.00,1.03,Fwd,4.53
1748746163.79,3.24,-0.91,350.00,1.03,Fwd,4.53
1748746163.80,3.24,-0.91,350.00,1.03,Fwd,4.53
1748746163.85,3.24,-0.91,350.00,1.03,Fwd,4.53
1748746163.86,3.11,-0.91,350.00,1.03,Fwd,4.53
1748746163.86,3.11,-0.93,350.00,1.03,Fwd,4.53
1748746163.86,3.11,-0.93,349.99,1.03,Fwd,4.53
1748746163.86,3.11,-0.93,349.99,0.99,Fwd,4.53
1748746163.87,3.11,-0.93,349.99,0.99,Fwd,4.53
1748746163.87,3.11,-0.93,349.99,0.99,Fwd,4.53
1748746163.87,3.11,-0.93,349.99,0.99,Fwd,4.53
1748746163.96,3.11,-0.93,349.99,0.99,Fwd,4.53
1748746163.97,3.78,-0.93,349.99,0.99,Fwd,4.53
1748746163.97,3.78,-0.91,349.99,0.99,Fwd,4.53
1748746163.97,3.78,-0.91,349.81,0.99,Fwd,4.53
1748746163.98,3.78,-0.91,349.81,0.99,Fwd,4.53
1748746163.98,3.78,-0.91,349.81,0.99,Fwd,4.53
1748746163.98,3.78,-0.91,349.81,0.99,Fwd,4.53
1748746163.98,3.78,-0.91,349.81,0.99,Fwd,4.53
1748746164.03,3.78,-0.91,349.81,0.99,Fwd,4.53
1748746164.03,4.22,-0.91,349.81,0.99,Fwd,4.53
1748746164.04,4.22,-0.79,349.81,0.99,Fwd,4.53
1748746164.04,4.22,-0.79,349.70,0.99,Fwd,4.53
1748746164.04,4.22,-0.79,349.70,0.96,Fwd,4.53
1748746164.04,4.22,-0.79,349.70,0.96,Fwd,4.53
1748746164.04,4.22,-0.79,349.70,0.96,Fwd,4.53
1748746164.05,4.22,-0.79,349.70,0.96,Fwd,4.53