1748746119.05,-6.18,-6.51,285.81,0.91,Fwd,7.70
1748746119.05,-6.39,-6.51,285.81,0.91,Fwd,7.70
1748746119.06,-6.39,-6.05,285.81,0.91,Fwd,7.70
1748746119.06,-6.39,-6.05,291.11,0.91,Fwd,7.70
1748746119.06,-6.39,-6.05,291.11,1.07,Fwd,7.70
1748746119.06,-6.39,-6.05,291.11,1.07,Fwd,7.70
1748746119.06,-6.39,-6.05,291.11,1.07,Fwd,7.70
1748746119.06,-6.39,-6.05,291.11,1.07,Fwd,7.70
1748746119.16,-6.39,-6.05,291.11,1.07,Fwd,7.70
1748746119.16,-4.56,-6.05,291.11,1.07,Fwd,7.70
1748746119.16,-4.56,-6.44,291.11,1.07,Fwd,7.70
1748746119.19,-4.56,-6.44,294.28,1.07,Fwd,7.70
1748746119.19,-4.56,-6.44,294.28,0.99,Fwd,7.70
1748746119.19,-4.56,-6.44,294.28,0.99,Fwd,7.70
1748746119.19,-4.56,-6.44,294.28,0.99,Fwd,7.70
1748746119.19,-4.56,-6.44,294.28,0.99,Fwd,7.70
1748746119.23,-4.56,-6.44,294.28,0.99,Fwd,7.70
1748746119.26,-3.01,-6.44,294.28,0.99,Fwd,7.70
1748746119.30,-3.01,-5.91,294.28,0.99,Fwd,7.70
1748746119.30,-3.01,-5.91,295.94,0.99,Fwd,7.70
1748746119.30,-3.01,-5.91,295.94,0.95,Fwd,7.70
1748746119.30,-3.01,-5.91,295.94,0.95,Fwd,7.70
1748746119.31,-3.01,-5.91,295.94,0.95,Fwd,7.70
1748746119.31,-3.01,-5.91,295.94,0.95,Fwd,7.70
1748746119.33,-3.01,-5.91,295.94,0.95,Fwd,6.61
1748746119.33,-4.49,-5.91,295.94,0.95,Fwd,6.61
1748746119.33,-4.49,-4.99,295.94,0.95,Fwd,6.61
1748746119.33,-4.49,-4.99,297.16,0.95,Fwd,6.61
1748746119.33,-4.49,-4.99,297.16,1.04,Fwd,6.61
1748746119.34,-4.49,-4.99,297.16,1.04,Fwd,6.61
1748746119.34,-4.49,-4.99,297.16,1.04,Fwd,6.61
1748746119.34,-4.49,-4.99,297.16,1.04,Fwd,6.61
1748746119.44,-4.49,-4.99,297.16,1.04,Fwd,6.61
1748746119.44,-4.15,-4.99,297.16,1.04,Fwd,6.61
1748746119.44,-4.15,-4.31,297.16,1.04,Fwd,6.61
1748746119.44,-4.15,-4.31,298.53,1.04,Fwd,6.61
1748746119.44,-4.15,-4.31,298.53,1.05,Fwd,6.61
1748746119.44,-4.15,-4.31,298.53,1.05,Fwd,6.61
1748746119.45,-4.15,-4.31,298.53,1.05,Fwd,6.61
1748746119.45,-4.15,-4.31,298.53,1.05,Fwd,6.61
1748746119.54,-4.15,-4.31,298.53,1.05,Fwd,6.61
1748746119.54,-5.84,-4.31,298.53,1.05,Fwd,6.61
1748746119.54,-5.84,-2.02,298.53,1.05,Fwd,6.61
1748746119.58,-5.84,-2.02,300.09,1.05,Fwd,6.61
1748746119.58,-5.84,-2.02,300.09,1.04,Fwd,6.61
1748746119.58,-5.84,-2.02,300.09,1.04,Fwd,6.61
1748746119.58,-5.84,-2.02,300.09,1.04,Fwd,6.61
1748746119.59,-5.84,-2.02,300.09,1.04,Fwd,6.61
1748746119.64,-5.84,-2.02,300.09,1.04,Fwd,6.61
1748746119.65,-7.35,-2.02,300.09,1.04,Fwd,6.61
1748746119.65,-7.35,0.64,300.09,1.04,Fwd,6.61
1748746119.65,-7.35,0.64,301.68,1.04,Fwd,6.61
1748746119.65,-7.35,0.64,301.68,1.10,Fwd,6.61
1748746119.65,-7.35,0.64,301.68,1.10,Fwd,6.61
1748746119.65,-7.35,0.64,301.68,1.10,Fwd,6.61
1748746119.66,-7.35,0.64,301.68,1.10,Fwd,6.61
1748746119.75,-7.35,0.64,301.68,1.10,Fwd,6.61
1748746119.75,-7.28,0.64,301.68,1.10,Fwd,6.61
1748746119.75,-7.28,0.67,301.68,1.10,Fwd,6.61
1748746119.75,-7.28,0.67,303.59,1.10,Fwd,6.61
1748746119.75,-7.28,0.67,303.59,0.82,Fwd,6.61
1748746119.76,-7.28,0.67,303.59,0.82,Fwd,6.61
1748746119.78,-7.28,0.67,303.59,0.82,Fwd,6.61
1748746119.78,-7.28,0.67,303.59,0.82,Fwd,6.61
1748746119.85,-7.28,0.67,303.59,0.82,Fwd,8.03
1748746119.89,-5.05,0.67,303.59,0.82,Fwd,8.03
1748746119.92,-5.05,-1.08,303.59,0.82,Fwd,8.03
1748746119.92,-5.05,-1.08,306.77,0.82,Fwd,8.03
1748746119.92,-5.05,-1.08,306.77,0.99,Fwd,8.03
1748746119.93,-5.05,-1.08,306.77,0.99,Fwd,8.03
1748746119.93,-5.05,-1.08,306.77,0.99,Fwd,8.03
1748746119.93,-5.05,-1.08,306.77,0.99,Fwd,8.03
1748746119.93,-5.05,-1.08,306.77,0.99,Fwd,8.03
1748746119.93,-4.41,-1.08,306.77,0.99,Fwd,8.03
1748746119.93,-4.41,-4.49,306.77,0.99,Fwd,8.03
1748746119.93,-4.41,-4.49,310.07,0.99,Fwd,8.03
1748746119.93,-4.41,-4.49,310.07,0.79,Fwd,8.03
1748746119.93,-4.41,-4.49,310.07,0.79,Fwd,8.03
1748746119.93,-4.41,-4.49,310.07,0.79,Fwd,8.03
1748746119.96,-4.41,-4.49,310.07,0.79,Fwd,8.03
1748746120.03,-4.41,-4.49,310.07,0.79,Fwd,8.03
1748746120.06,-6.20,-4.49,310.07,0.79,Fwd,8.03
1748746120.06,-6.20,-7.01,310.07,0.79,Fwd,8.03
1748746120.06,-6.20,-7.01,313.50,0.79,Fwd,8.03
1748746120.06,-6.20,-7.01,313.50,0.80,Fwd,8.03
1748746120.07,-6.20,-7.01,313.50,0.80,Fwd,8.03
1748746120.07,-6.20,-7.01,313.50,0.80,Fwd,8.03
1748746120.10,-6.20,-7.01,313.50,0.80,Fwd,8.03
1748746120.13,-6.20,-7.01,313.50,0.80,Fwd,8.03
1748746120.13,-5.98,-7.01,313.50,0.80,Fwd,8.03
1748746120.14,-5.98,-6.95,313.50,0.80,Fwd,8.03
1748746120.14,-5.98,-6.95,314.66,0.80,Fwd,8.03
1748746120.14,-5.98,-6.95,314.66,1.07,Fwd,8.03
1748746120.14,-5.98,-6.95,314.66,1.07,Fwd,8.03
1748746120.17,-5.98,-6.95,314.66,1.07,Fwd,8.03
1748746120.20,-5.98,-6.95,314.66,1.07,Fwd,8.03
1748746120.28,-5.98,-6.95,314.66,1.07,Fwd,8.39
1748746120.31,-5.50,-6.95,314.66,1.07,Fwd,8.39
1748746120.35,-5.50,-4.58,314.66,1.07,Fwd,8.39
1748746120.35,-5.50,-4.58,313.72,1.07,Fwd,8.39
1748746120.35,-5.50,-4.58,313.72,0.81,Fwd,8.39
1748746120.35,-5.50,-4.58,313.72,0.81,Fwd,8.39
1748746120.35,-5.50,-4.58,313.72,0.81,Fwd,8.39
1748746120.36,-5.50,-4.58,313.72,0.81,Fwd,8.39
1748746120.38,-5.50,-4.58,313.72,0.81,Fwd,8.39
1748746120.41,-5.40,-4.58,313.72,0.81,Fwd,8.39
1748746120.42,-5.40,-3.74,313.72,0.81,Fwd,8.39
1748746120.42,-5.40,-3.74,312.34,0.81,Fwd,8.39
1748746120.42,-5.40,-3.74,312.34,1.06,Fwd,8.39
1748746120.42,-5.40,-3.74,312.34,1.06,Fwd,8.39
1748746120.42,-5.40,-3.74,312.34,1.06,Fwd,8.39
1748746120.45,-5.40,-3.74,312.34,1.06,Fwd,8.39
1748746120.49,-5.40,-3.74,312.34,1.06,Fwd,8.39
1748746120.52,-3.93,-3.74,312.34,1.06,Fwd,8.39
1748746120.53,-3.93,-2.63,312.34,1.06,Fwd,8.39
1748746120.53,-3.93,-2.63,310.72,1.06,Fwd,8.39
1748746120.53,-3.93,-2.63,310.72,0.98,Fwd,8.39
1748746120.54,-3.93,-2.63,310.72,0.98,Fwd,8.39
1748746120.54,-3.93,-2.63,310.72,0.98,Fwd,8.39
1748746120.55,-3.93,-2.63,310.72,0.98,Fwd,8.39
1748746120.59,-3.93,-2.63,310.72,0.98,Fwd,8.39
1748746120.62,-1.53,-2.63,310.72,0.98,Fwd,8.39
1748746120.66,-1.53,-0.77,310.72,0.98,Fwd,8.39
1748746120.70,-1.53,-0.77,308.56,0.98,Fwd,8.39
1748746120.70,-1.53,-0.77,308.56,0.99,Fwd,8.39
1748746120.70,-1.53,-0.77,308.56,0.99,Fwd,8.39
1748746120.73,-1.53,-0.77,308.56,0.99,Fwd,8.39
1748746120.73,-1.53,-0.77,308.56,0.99,Fwd,8.39
1748746120.74,-1.53,-0.77,308.56,0.99,Fwd,8.39
1748746120.74,0.31,-0.77,308.56,0.99,Fwd,8.39
1748746120.74,0.31,-0.21,308.56,0.99,Fwd,8.39
1748746120.74,0.31,-0.21,307.06,0.99,Fwd,8.39
1748746120.76,0.31,-0.21,307.06,1.60,Fwd,8.39
1748746120.80,0.31,-0.21,307.06,1.60,Fwd,8.39
1748746120.84,0.31,-0.21,307.06,1.60,Fwd,8.39
1748746120.84,0.31,-0.21,307.06,1.60,Fwd,8.39
1748746120.85,0.31,-0.21,307.06,1.60,Fwd,6.85
1748746120.85,-1.79,-0.21,307.06,1.60,Fwd,6.85
1748746120.85,-1.79,-3.97,307.06,1.60,Fwd,6.85
1748746120.85,-1.79,-3.97,308.17,1.60,Fwd,6.85
1748746120.85,-1.79,-3.97,308.17,2.46,Fwd,6.85
1748746120.86,-1.79,-3.97,308.17,2.46,Fwd,6.85
1748746120.86,-1.79,-3.97,308.17,2.46,Fwd,6.85
1748746120.86,-1.79,-3.97,308.17,2.46,Fwd,6.85
1748746120.86,-1.79,-3.97,308.17,2.46,Fwd,6.85
1748746120.95,-1.79,-3.97,308.17,2.46,Fwd,6.85
1748746120.95,-2.99,-3.97,308.17,2.46,Fwd,6.85
1748746120.95,-2.99,-7.26,308.17,2.46,Fwd,6.85
1748746120.96,-2.99,-7.26,309.97,2.46,Fwd,6.85
1748746120.96,-2.99,-7.26,309.97,0.68,Fwd,6.85
1748746120.96,-2.99,-7.26,309.97,0.68,Fwd,6.85
1748746120.97,-2.99,-7.26,309.97,0.68,Fwd,6.85
1748746120.97,-2.99,-7.26,309.97,0.68,Fwd,6.85
1748746121.05,-2.99,-7.26,309.97,0.68,Fwd,6.85
1748746121.09,-3.02,-7.26,309.97,0.68,Fwd,6.85
1748746121.09,-3.02,-6.32,309.97,0.68,Fwd,6.85
1748746121.09,-3.02,-6.32,310.96,0.68,Fwd,6.85
1748746121.09,-3.02,-6.32,310.96,2.13,Fwd,6.85
1748746121.09,-3.02,-6.32,310.96,2.13,Fwd,6.85
1748746121.10,-3.02,-6.32,310.96,2.13,Fwd,6.85
1748746121.10,-3.02,-6.32,310.96,2.13,Fwd,6.85
1748746121.16,-3.02,-6.32,310.96,2.13,Fwd,6.85
1748746121.16,-2.98,-6.32,310.96,2.13,Fwd,6.85
1748746121.16,-2.98,-5.34,310.96,2.13,Fwd,6.85
1748746121.16,-2.98,-5.34,311.20,2.13,Fwd,6.85
1748746121.16,-2.98,-5.34,311.20,0.91,Fwd,6.85
1748746121.17,-2.98,-5.34,311.20,0.91,Fwd,6.85
1748746121.17,-2.98,-5.34,311.20,0.91,Fwd,6.85
1748746121.17,-2.98,-5.34,311.20,0.91,Fwd,6.85
1748746121.26,-2.98,-5.34,311.20,0.91,Fwd,6.85
1748746121.29,-1.16,-5.34,311.20,0.91,Fwd,6.85
1748746121.30,-1.16,-4.31,311.20,0.91,Fwd,6.85
1748746121.30,-1.16,-4.31,311.37,0.91,Fwd,6.85
1748746121.30,-1.16,-4.31,311.37,1.16,Fwd,6.85
1748746121.30,-1.16,-4.31,311.37,1.16,Fwd,6.85
1748746121.30,-1.16,-4.31,311.37,1.16,Fwd,6.85
1748746121.30,-1.16,-4.31,311.37,1.16,Fwd,6.85
1748746121.32,-1.16,-4.31,311.37,1.16,Fwd,6.85
1748746121.33,-0.53,-4.31,311.37,1.16,Fwd,6.85
1748746121.33,-0.53,-3.85,311.37,1.16,Fwd,6.85
1748746121.33,-0.53,-3.85,311.97,1.16,Fwd,6.85
1748746121.33,-0.53,-3.85,311.97,1.08,Fwd,6.85
1748746121.33,-0.53,-3.85,311.97,1.08,Fwd,6.85
1748746121.33,-0.53,-3.85,311.97,1.08,Fwd,6.85
1748746121.33,-0.53,-3.85,311.97,1.08,Fwd,6.85
1748746121.43,-0.53,-3.85,311.97,1.08,Fwd,6.85
1748746121.43,-0.67,-3.85,311.97,1.08,Fwd,6.85
1748746121.43,-0.67,-2.88,311.97,1.08,Fwd,6.85
1748746121.44,-0.67,-2.88,312.44,1.08,Fwd,6.85
1748746121.44,-0.67,-2.88,312.44,1.02,Fwd,6.85
1748746121.44,-0.67,-2.88,312.44,1.02,Fwd,6.85
1748746121.44,-0.67,-2.88,312.44,1.02,Fwd,6.85
1748746121.44,-0.67,-2.88,312.44,1.02,Fwd,6.85
1748746121.53,-0.67,-2.88,312.44,1.02,Fwd,6.85
1748746121.54,-0.81,-2.88,312.44,1.02,Fwd,6.85
1748746121.54,-0.81,-3.11,312.44,1.02,Fwd,6.85
1748746121.54,-0.81,-3.11,312.96,1.02,Fwd,6.85
1748746121.54,-0.81,-3.11,312.96,1.01,Fwd,6.85
1748746121.54,-0.81,-3.11,312.96,1.01,Fwd,6.85
1748746121.55,-0.81,-3.11,312.96,1.01,Fwd,6.85
1748746121.55,-0.81,-3.11,312.96,1.01,Fwd,6.85
1748746121.64,-0.81,-3.11,312.96,1.01,Fwd,6.85
1748746121.67,-1.01,-3.11,312.96,1.01,Fwd,6.85
1748746121.67,-1.01,-3.04,312.96,1.01,Fwd,6.85
1748746121.67,-1.01,-3.04,313.64,1.01,Fwd,6.85
1748746121.68,-1.01,-3.04,313.64,1.03,Fwd,6.85
1748746121.68,-1.01,-3.04,313.64,1.03,Fwd,6.85
1748746121.68,-1.01,-3.04,313.64,1.03,Fwd,6.85
1748746121.68,-1.01,-3.04,313.64,1.03,Fwd,6.85
1748746121.74,-1.01,-3.04,313.64,1.03,Fwd,6.85
1748746121.74,-1.64,-3.04,313.64,1.03,Fwd,6.85
1748746121.75,-1.64,-1.85,313.64,1.03,Fwd,6.85
1748746121.75,-1.64,-1.85,314.28,1.03,Fwd,6.85
1748746121.75,-1.64,-1.85,314.28,1.03,Fwd,6.85
1748746121.75,-1.64,-1.85,314.28,1.03,Fwd,6.85
1748746121.75,-1.64,-1.85,314.28,1.03,Fwd,6.85
1748746121.75,-1.64,-1.85,314.28,1.03,Fwd,6.85
1748746121.85,-1.64,-1.85,314.28,1.03,Fwd,6.85
1748746121.85,-1.37,-1.85,314.28,1.03,Fwd,6.85
1748746121.85,-1.37,-0.58,314.28,1.03,Fwd,6.85
1748746121.85,-1.37,-0.58,314.78,1.03,Fwd,6.85
1748746121.85,-1.37,-0.58,314.78,0.99,Fwd,6.85
1748746121.85,-1.37,-0.58,314.78,0.99,Fwd,6.85
1748746121.86,-1.37,-0.58,314.78,0.99,Fwd,6.85
1748746121.86,-1.37,-0.58,314.78,0.99,Fwd,6.85
1748746121.96,-1.37,-0.58,314.78,0.99,Fwd,6.85
1748746121.96,-1.40,-0.58,314.78,0.99,Fwd,6.85
1748746121.96,-1.40,0.04,314.78,0.99,Fwd,6.85
1748746121.96,-1.40,0.04,315.03,0.99,Fwd,6.85
1748746121.96,-1.40,0.04,315.03,1.03,Fwd,6.85
1748746121.96,-1.40,0.04,315.03,1.03,Fwd,6.85
1748746121.96,-1.40,0.04,315.03,1.03,Fwd,6.85
1748746121.96,-1.40,0.04,315.03,1.03,Fwd,6.85
1748746122.02,-1.40,0.04,315.03,1.03,Fwd,6.85
1748746122.03,-3.91,0.04,315.03,1.03,Fwd,6.85
1748746122.03,-3.91,-3.50,315.03,1.03,Fwd,6.85
1748746122.03,-3.91,-3.50,315.71,1.03,Fwd,6.85
1748746122.03,-3.91,-3.50,315.71,1.44,Fwd,6.85
1748746122.03,-3.91,-3.50,315.71,1.44,Fwd,6.85
1748746122.03,-3.91,-3.50,315.71,1.44,Fwd,6.85
1748746122.03,-3.91,-3.50,315.71,1.44,Fwd,6.85
1748746122.13,-3.91,-3.50,315.71,1.44,Fwd,6.85
1748746122.14,-16.58,-3.50,315.71,1.44,Fwd,6.85
1748746122.14,-16.58,1.31,315.71,1.44,Fwd,6.85
1748746122.14,-16.58,1.31,308.80,1.44,Fwd,6.85
1748746122.14,-16.58,1.31,308.80,1.16,Fwd,6.85
1748746122.14,-16.58,1.31,308.80,1.16,Fwd,6.85
1748746122.14,-16.58,1.31,308.80,1.16,Fwd,6.85
1748746122.16,-16.58,1.31,308.80,1.16,Fwd,6.85
1748746122.24,-16.58,1.31,308.80,1.16,Fwd,6.85
1748746122.24,-30.69,1.31,308.80,1.16,Fwd,6.85
1748746122.25,-30.69,11.33,308.80,1.16,Fwd,6.85
1748746122.25,-30.69,11.33,284.34,1.16,Fwd,6.85
1748746122.25,-30.69,11.33,284.34,1.06,Fwd,6.85
1748746122.25,-30.69,11.33,284.34,1.06,Fwd,6.85
1748746122.26,-30.69,11.33,284.34,1.06,Fwd,6.85
1748746122.26,-30.69,11.33,284.34,1.06,Fwd,6.85
1748746122.34,-30.69,11.33,284.34,1.06,Fwd,6.85
1748746122.35,-33.83,11.33,284.34,1.06,Fwd,6.85
1748746122.35,-33.83,8.14,284.34,1.06,Fwd,6.85
1748746122.35,-33.83,8.14,248.68,1.06,Fwd,6.85
1748746122.35,-33.83,8.14,248.68,-0.34,Fwd,6.85
1748746122.35,-33.83,8.14,248.68,-0.34,Fwd,6.85
1748746122.35,-33.83,8.14,248.68,-0.34,Fwd,6.85
1748746122.36,-33.83,8.14,248.68,-0.34,Fwd,6.85
1748746122.44,-33.83,8.14,248.68,-0.34,Fwd,6.85
1748746122.48,-29.07,8.14,248.68,-0.34,Fwd,6.85
1748746122.48,-29.07,9.02,248.68,-0.34,Fwd,6.85
1748746122.48,-29.07,9.02,217.15,-0.34,Fwd,6.85
1748746122.48,-29.07,9.02,217.15,-0.36,Fwd,6.85
1748746122.48,-29.07,9.02,217.15,-0.36,Fwd,6.85
1748746122.48,-29.07,9.02,217.15,-0.36,Fwd,6.85
1748746122.48,-29.07,9.02,217.15,-0.36,Fwd,6.85
1748746122.55,-29.07,9.02,217.15,-0.36,Fwd,6.85
1748746122.55,-28.03,9.02,217.15,-0.36,Fwd,6.85
1748746122.55,-28.03,9.63,217.15,-0.36,Fwd,6.85
1748746122.55,-28.03,9.63,194.00,-0.36,Fwd,6.85
1748746122.55,-28.03,9.63,194.00,1.04,Fwd,6.85
1748746122.55,-28.03,9.63,194.00,1.04,Fwd,6.85
1748746122.55,-28.03,9.63,194.00,1.04,Fwd,6.85
1748746122.55,-28.03,9.63,194.00,1.04,Fwd,6.85
1748746122.65,-28.03,9.63,194.00,1.04,Fwd,6.85
1748746122.65,-19.00,9.63,194.00,1.04,Fwd,6.85
1748746122.66,-19.00,7.44,194.00,1.04,Fwd,6.85
1748746122.66,-19.00,7.44,182.64,1.04,Fwd,6.85
1748746122.66,-19.00,7.44,182.64,1.39,Fwd,6.85
1748746122.66,-19.00,7.44,182.64,1.39,Fwd,6.85
1748746122.66,-19.00,7.44,182.64,1.39,Fwd,6.85
1748746122.66,-19.00,7.44,182.64,1.39,Fwd,6.85
1748746122.72,-19.00,7.44,182.64,1.39,Fwd,6.85
1748746122.72,-13.85,7.44,182.64,1.39,Fwd,6.85
1748746122.72,-13.85,2.58,182.64,1.39,Fwd,6.85
1748746122.73,-13.85,2.58,177.58,1.39,Fwd,6.85
1748746122.73,-13.85,2.58,177.58,1.05,Fwd,6.85
1748746122.73,-13.85,2.58,177.58,1.05,Fwd,6.85
1748746122.73,-13.85,2.58,177.58,1.05,Fwd,6.85
1748746122.73,-13.85,2.58,177.58,1.05,Fwd,6.85
1748746122.83,-13.85,2.58,177.58,1.05,Fwd,6.85
1748746122.83,-10.25,2.58,177.58,1.05,Fwd,6.85
1748746122.83,-10.25,1.76,177.58,1.05,Fwd,6.85
1748746122.83,-10.25,1.76,170.84,1.05,Fwd,6.85
1748746122.83,-10.25,1.76,170.84,0.76,Fwd,6.85
1748746122.83,-10.25,1.76,170.84,0.76,Fwd,6.85
1748746122.83,-10.25,1.76,170.84,0.76,Fwd,6.85
1748746122.84,-10.25,1.76,170.84,0.76,Fwd,6.85
1748746122.93,-10.25,1.76,170.84,0.76,Fwd,6.85
1748746122.93,-6.90,1.76,170.84,0.76,Fwd,6.85
1748746122.94,-6.90,4.92,170.84,0.76,Fwd,6.85
1748746122.94,-6.90,4.92,161.78,0.76,Fwd,6.85
1748746122.94,-6.90,4.92,161.78,0.74,Fwd,6.85
1748746122.94,-6.90,4.92,161.78,0.74,Fwd,6.85
1748746122.94,-6.90,4.92,161.78,0.74,Fwd,6.85
1748746122.94,-6.90,4.92,161.78,0.74,Fwd,6.85
1748746123.04,-6.90,4.92,161.78,0.74,Fwd,6.85
1748746123.04,-0.45,4.92,161.78,0.74,Fwd,6.85
1748746123.04,-0.45,3.97,161.78,0.74,Fwd,6.85
1748746123.04,-0.45,3.97,160.46,0.74,Fwd,6.85
1748746123.04,-0.45,3.97,160.46,1.02,Fwd,6.85
1748746123.04,-0.45,3.97,160.46,1.02,Fwd,6.85
1748746123.04,-0.45,3.97,160.46,1.02,Fwd,6.85
1748746123.04,-0.45,3.97,160.46,1.02,Fwd,6.85
1748746123.15,-0.45,3.97,160.46,1.02,Fwd,6.85
1748746123.15,0.11,3.97,160.46,1.02,Fwd,6.85
1748746123.15,0.11,2.05,160.46,1.02,Fwd,6.85
1748746123.15,0.11,2.05,160.86,1.02,Fwd,6.85
1748746123.15,0.11,2.05,160.86,1.28,Fwd,6.85
1748746123.15,0.11,2.05,160.86,1.28,Fwd,6.85
1748746123.16,0.11,2.05,160.86,1.28,Fwd,6.85
1748746123.16,0.11,2.05,160.86,1.28,Fwd,6.85
1748746123.25,0.11,2.05,160.86,1.28,Fwd,6.85
1748746123.25,-2.50,2.05,160.86,1.28,Fwd,6.85
1748746123.25,-2.50,-0.47,160.86,1.28,Fwd,6.85
1748746123.25,-2.50,-0.47,159.19,1.28,Fwd,6.85
1748746123.25,-2.50,-0.47,159.19,0.85,Fwd,6.85
1748746123.25,-2.50,-0.47,159.19,0.85,Fwd,6.85
1748746123.25,-2.50,-0.47,159.19,0.85,Fwd,6.85
1748746123.25,-2.50,-0.47,159.19,0.85,Fwd,6.85
1748746123.35,-2.50,-0.47,159.19,0.85,Fwd,6.85
1748746123.35,-2.68,-0.47,159.19,0.85,Fwd,6.85
1748746123.35,-2.68,0.09,159.19,0.85,Fwd,6.85
1748746123.36,-2.68,0.09,154.52,0.85,Fwd,6.85
1748746123.36,-2.68,0.09,154.52,1.18,Fwd,6.85
1748746123.36,-2.68,0.09,154.52,1.18,Fwd,6.85
1748746123.36,-2.68,0.09,154.52,1.18,Fwd,6.85
1748746123.36,-2.68,0.09,154.52,1.18,Fwd,6.85
1748746123.42,-2.68,0.09,154.52,1.18,Fwd,6.85
1748746123.46,-3.04,0.09,154.52,1.18,Fwd,6.85
1748746123.46,-3.04,1.86,154.52,1.18,Fwd,6.85
1748746123.46,-3.04,1.86,147.74,1.18,Fwd,6.85
1748746123.46,-3.04,1.86,147.74,0.97,Fwd,6.85
1748746123.46,-3.04,1.86,147.74,0.97,Fwd,6.85
1748746123.47,-3.04,1.86,147.74,0.97,Fwd,6.85
1748746123.47,-3.04,1.86,147.74,0.97,Fwd,6.85
1748746123.53,-3.04,1.86,147.74,0.97,Fwd,6.85
1748746123.53,-3.91,1.86,147.74,0.97,Fwd,6.85
1748746123.53,-3.91,2.37,147.74,0.97,Fwd,6.85
1748746123.53,-3.91,2.37,141.84,0.97,Fwd,6.85
1748746123.53,-3.91,2.37,141.84,1.12,Fwd,6.85
1748746123.54,-3.91,2.37,141.84,1.12,Fwd,6.85
1748746123.54,-3.91,2.37,141.84,1.12,Fwd,6.85
1748746123.54,-3.91,2.37,141.84,1.12,Fwd,6.85
1748746123.63,-3.91,2.37,141.84,1.12,Fwd,1.34
1748746123.67,-4.17,2.37,141.84,1.12,Fwd,1.34
1748746123.70,-4.17,2.36,141.84,1.12,Fwd,1.34
1748746123.74,-4.17,2.36,137.75,1.12,Fwd,1.34
1748746123.78,-4.17,2.36,137.75,1.02,Fwd,1.34
1748746123.78,-4.17,2.36,137.75,1.02,Fwd,1.34
1748746123.79,-4.17,2.36,137.75,1.02,Fwd,1.34
1748746123.79,-4.17,2.36,137.75,1.02,Fwd,1.34
1748746123.79,-4.17,2.36,137.75,1.02,Fwd,1.34
1748746123.79,-3.51,2.36,137.75,1.02,Fwd,1.34
1748746123.80,-3.51,2.73,137.75,1.02,Fwd,1.34
1748746123.80,-3.51,2.73,134.85,1.02,Fwd,1.34
1748746123.80,-3.51,2.73,134.85,0.98,Fwd,1.34
1748746123.80,-3.51,2.73,134.85,0.98,Fwd,1.34
1748746123.85,-3.51,2.73,134.85,0.98,Fwd,1.34
1748746123.88,-2.83,2.73,134.85,0.98,Fwd,1.34
1748746123.88,-2.83,2.86,134.85,0.98,Fwd,1.34
1748746123.89,-2.83,2.86,132.73,0.98,Fwd,1.34
1748746123.89,-2.83,2.86,132.73,1.15,Fwd,1.34
1748746123.89,-2.83,2.86,132.73,1.15,Fwd,1.34
1748746123.89,-2.83,2.86,132.73,1.15,Fwd,1.34
1748746123.90,-2.83,2.86,132.73,1.15,Fwd,1.34
1748746123.96,-2.83,2.86,132.73,1.15,Fwd,1.34
1748746123.96,-2.04,2.86,132.73,1.15,Fwd,1.34
1748746123.96,-2.04,2.84,132.73,1.15,Fwd,1.34
1748746123.96,-2.04,2.84,130.86,1.15,Fwd,1.34
1748746123.96,-2.04,2.84,130.86,0.95,Fwd,1.34
1748746123.96,-2.04,2.84,130.86,0.95,Fwd,1.34
1748746123.97,-2.04,2.84,130.86,0.95,Fwd,1.34
1748746123.97,-2.04,2.84,130.86,0.95,Fwd,1.34
1748746124.06,-2.04,2.84,130.86,0.95,Fwd,1.34
1748746124.06,-1.83,2.84,130.86,0.95,Fwd,1.34
1748746124.07,-1.83,3.65,130.86,0.95,Fwd,1.34
1748746124.07,-1.83,3.65,129.21,0.95,Fwd,1.34
1748746124.07,-1.83,3.65,129.21,1.04,Fwd,1.34
1748746124.08,-1.83,3.65,129.21,1.04,Fwd,1.34
1748746124.08,-1.83,3.65,129.21,1.04,Fwd,1.34
1748746124.08,-1.83,3.65,129.21,1.04,Fwd,1.34
1748746124.13,-1.83,3.65,129.21,1.04,Fwd,1.34
1748746124.13,-2.05,3.65,129.21,1.04,Fwd,1.34
1748746124.13,-2.05,4.08,129.21,1.04,Fwd,1.34
1748746124.13,-2.05,4.08,128.08,1.04,Fwd,1.34
1748746124.13,-2.05,4.08,128.08,0.95,Fwd,1.34
1748746124.14,-2.05,4.08,128.08,0.95,Fwd,1.34
1748746124.14,-2.05,4.08,128.08,0.95,Fwd,1.34
1748746124.14,-2.05,4.08,128.08,0.95,Fwd,1.34
1748746124.24,-2.05,4.08,128.08,0.95,Fwd,6.01
1748746124.24,-1.65,4.08,128.08,0.95,Fwd,6.01
1748746124.24,-1.65,3.13,128.08,0.95,Fwd,6.01
1748746124.24,-1.65,3.13,128.30,0.95,Fwd,6.01
1748746124.24,-1.65,3.13,128.30,1.03,Fwd,6.01
1748746124.24,-1.65,3.13,128.30,1.03,Fwd,6.01
1748746124.25,-1.65,3.13,128.30,1.03,Fwd,6.01
1748746124.25,-1.65,3.13,128.30,1.03,Fwd,6.01
1748746124.34,-1.65,3.13,128.30,1.03,Fwd,6.01
1748746124.34,-1.52,3.13,128.30,1.03,Fwd,6.01
1748746124.34,-1.52,1.70,128.30,1.03,Fwd,6.01
1748746124.35,-1.52,1.70,129.72,1.03,Fwd,6.01
1748746124.35,-1.52,1.70,129.72,1.04,Fwd,6.01
1748746124.35,-1.52,1.70,129.72,1.04,Fwd,6.01
1748746124.35,-1.52,1.70,129.72,1.04,Fwd,6.01
1748746124.35,-1.52,1.70,129.72,1.04,Fwd,6.01
1748746124.44,-1.52,1.70,129.72,1.04,Fwd,6.01
1748746124.48,-1.24,1.70,129.72,1.04,Fwd,6.01
1748746124.48,-1.24,0.08,129.72,1.04,Fwd,6.01
1748746124.48,-1.24,0.08,131.34,1.04,Fwd,6.01
1748746124.48,-1.24,0.08,131.34,0.87,Fwd,6.01
1748746124.48,-1.24,0.08,131.34,0.87,Fwd,6.01
1748746124.49,-1.24,0.08,131.34,0.87,Fwd,6.01
1748746124.49,-1.24,0.08,131.34,0.87,Fwd,6.01
1748746124.55,-1.24,0.08,131.34,0.87,Fwd,6.01
1748746124.55,-1.16,0.08,131.34,0.87,Fwd,6.01
1748746124.55,-1.16,-0.79,131.34,0.87,Fwd,6.01
1748746124.56,-1.16,-0.79,132.61,0.87,Fwd,6.01
1748746124.56,-1.16,-0.79,132.61,0.96,Fwd,6.01
1748746124.56,-1.16,-0.79,132.61,0.96,Fwd,6.01
1748746124.58,-1.16,-0.79,132.61,0.96,Fwd,6.01
1748746124.58,-1.16,-0.79,132.61,0.96,Fwd,6.01
1748746124.65,-1.16,-0.79,132.61,0.96,Fwd,6.01
1748746124.65,-1.20,-0.79,132.61,0.96,Fwd,6.01
1748746124.65,-1.20,-1.13,132.61,0.96,Fwd,6.01
1748746124.65,-1.20,-1.13,133.39,0.96,Fwd,6.01
1748746124.65,-1.20,-1.13,133.39,0.99,Fwd,6.01
1748746124.66,-1.20,-1.13,133.39,0.99,Fwd,6.01
1748746124.66,-1.20,-1.13,133.39,0.99,Fwd,6.01
1748746124.66,-1.20,-1.13,133.39,0.99,Fwd,6.01
1748746124.75,-1.20,-1.13,133.39,0.99,Fwd,6.01
1748746124.76,-1.42,-1.13,133.39,0.99,Fwd,6.01
1748746124.76,-1.42,-0.93,133.39,0.99,Fwd,6.01
1748746124.76,-1.42,-0.93,133.64,0.99,Fwd,6.01
1748746124.76,-1.42,-0.93,133.64,0.94,Fwd,6.01
1748746124.76,-1.42,-0.93,133.64,0.94,Fwd,6.01
1748746124.76,-1.42,-0.93,133.64,0.94,Fwd,6.01
1748746124.76,-1.42,-0.93,133.64,0.94,Fwd,6.01
1748746124.82,-1.42,-0.93,133.64,0.94,Fwd,5.98
1748746124.82,-1.66,-0.93,133.64,0.94,Fwd,5.98
1748746124.83,-1.66,-0.65,133.64,0.94,Fwd,5.98
1748746124.83,-1.66,-0.65,133.39,0.94,Fwd,5.98
1748746124.83,-1.66,-0.65,133.39,0.99,Fwd,5.98
1748746124.83,-1.66,-0.65,133.39,0.99,Fwd,5.98
1748746124.86,-1.66,-0.65,133.39,0.99,Fwd,5.98
1748746124.89,-1.66,-0.65,133.39,0.99,Fwd,5.98
1748746124.96,-1.66,-0.65,133.39,0.99,Fwd,5.98
1748746124.96,-1.68,-0.65,133.39,0.99,Fwd,5.98
1748746124.96,-1.68,-0.50,133.39,0.99,Fwd,5.98
1748746124.97,-1.68,-0.50,132.85,0.99,Fwd,5.98
1748746124.97,-1.68,-0.50,132.85,1.02,Fwd,5.98
1748746124.97,-1.68,-0.50,132.85,1.02,Fwd,5.98
1748746125.00,-1.68,-0.50,132.85,1.02,Fwd,5.98
1748746125.00,-1.68,-0.50,132.85,1.02,Fwd,5.98
1748746125.03,-1.68,-0.50,132.85,1.02,Fwd,5.98
1748746125.07,-1.68,-0.50,132.85,1.02,Fwd,5.98
1748746125.07,-1.68,-0.53,132.85,1.02,Fwd,5.98
1748746125.07,-1.68,-0.53,132.38,1.02,Fwd,5.98
1748746125.07,-1.68,-0.53,132.38,0.97,Fwd,5.98
1748746125.08,-1.68,-0.53,132.38,0.97,Fwd,5.98
1748746125.08,-1.68,-0.53,132.38,0.97,Fwd,5.98
1748746125.10,-1.68,-0.53,132.38,0.97,Fwd,5.98
1748746125.14,-1.68,-0.53,132.38,0.97,Fwd,5.98
1748746125.14,-1.75,-0.53,132.38,0.97,Fwd,5.98
1748746125.14,-1.75,-0.92,132.38,0.97,Fwd,5.98
1748746125.14,-1.75,-0.92,132.23,0.97,Fwd,5.98
1748746125.14,-1.75,-0.92,132.23,0.88,Fwd,5.98
1748746125.17,-1.75,-0.92,132.23,0.88,Fwd,5.98
1748746125.21,-1.75,-0.92,132.23,0.88,Fwd,5.98
1748746125.25,-1.75,-0.92,132.23,0.88,Fwd,5.98
1748746125.25,-1.75,-0.92,132.23,0.88,Fwd,5.98
1748746125.25,-1.90,-0.92,132.23,0.88,Fwd,5.98
1748746125.25,-1.90,-1.32,132.23,0.88,Fwd,5.98
1748746125.26,-1.90,-1.32,132.30,0.88,Fwd,5.98
1748746125.26,-1.90,-1.32,132.30,1.06,Fwd,5.98
1748746125.28,-1.90,-1.32,132.30,1.06,Fwd,5.98
1748746125.28,-1.90,-1.32,132.30,1.06,Fwd,5.98
1748746125.28,-1.90,-1.32,132.30,1.06,Fwd,5.98
1748746125.35,-1.90,-1.32,132.30,1.06,Fwd,5.98
1748746125.39,-1.83,-1.32,132.30,1.06,Fwd,5.98
1748746125.42,-1.83,-1.68,132.30,1.06,Fwd,5.98
1748746125.43,-1.83,-1.68,132.35,1.06,Fwd,5.98
1748746125.43,-1.83,-1.68,132.35,0.96,Fwd,5.98
1748746125.43,-1.83,-1.68,132.35,0.96,Fwd,5.98
1748746125.43,-1.83,-1.68,132.35,0.96,Fwd,5.98
1748746125.43,-1.83,-1.68,132.35,0.96,Fwd,5.98
1748746125.46,-1.83,-1.68,132.35,0.96,Fwd,6.44
1748746125.49,-1.65,-1.68,132.35,0.96,Fwd,6.44
1748746125.53,-1.65,-2.25,132.35,0.96,Fwd,6.44
1748746125.53,-1.65,-2.25,132.47,0.96,Fwd,6.44
1748746125.53,-1.65,-2.25,132.47,0.97,Fwd,6.44
1748746125.53,-1.65,-2.25,132.47,0.97,Fwd,6.44
1748746125.54,-1.65,-2.25,132.47,0.97,Fwd,6.44
1748746125.54,-1.65,-2.25,132.47,0.97,Fwd,6.44
1748746125.56,-1.65,-2.25,132.47,0.97,Fwd,6.44
1748746125.60,-1.30,-2.25,132.47,0.97,Fwd,6.44
1748746125.63,-1.30,-2.93,132.47,0.97,Fwd,6.44
1748746125.66,-1.30,-2.93,132.51,0.97,Fwd,6.44
1748746125.70,-1.30,-2.93,132.51,1.01,Fwd,6.44
1748746125.73,-1.30,-2.93,132.51,1.01,Fwd,6.44
1748746125.74,-1.30,-2.93,132.51,1.01,Fwd,6.44
1748746125.74,-1.30,-2.93,132.51,1.01,Fwd,6.44
1748746125.74,-1.30,-2.93,132.51,1.01,Fwd,6.44
1748746125.74,-1.04,-2.93,132.51,1.01,Fwd,6.44
1748746125.75,-1.04,-2.94,132.51,1.01,Fwd,6.44
1748746125.77,-1.04,-2.94,132.00,1.01,Fwd,6.44
1748746125.81,-1.04,-2.94,132.00,0.98,Fwd,6.44
1748746125.84,-1.04,-2.94,132.00,0.98,Fwd,6.44
1748746125.85,-1.04,-2.94,132.00,0.98,Fwd,6.44
1748746125.85,-1.04,-2.94,132.00,0.98,Fwd,6.44
1748746125.85,-1.04,-2.94,132.00,0.98,Fwd,6.44
1748746125.86,-0.87,-2.94,132.00,0.98,Fwd,6.44
1748746125.86,-0.87,-1.43,132.00,0.98,Fwd,6.44
1748746125.86,-0.87,-1.43,128.82,0.98,Fwd,6.44
1748746125.86,-0.87,-1.43,128.82,0.97,Fwd,6.44
1748746125.86,-0.87,-1.43,128.82,0.97,Fwd,6.44
1748746125.87,-0.87,-1.43,128.82,0.97,Fwd,6.44
1748746125.87,-0.87,-1.43,128.82,0.97,Fwd,6.44
1748746125.87,-0.87,-1.43,128.82,0.97,Fwd,6.44
1748746125.87,-0.87,-1.43,128.82,0.97,Fwd,6.44
1748746125.95,-0.87,-1.43,128.82,0.97,Fwd,6.44
1748746125.95,-1.09,-1.43,128.82,0.97,Fwd,6.44
1748746125.95,-1.09,-0.72,128.82,0.97,Fwd,6.44
1748746125.96,-1.09,-0.72,126.45,0.97,Fwd,6.44
1748746125.96,-1.09,-0.72,126.45,0.98,Fwd,6.44
1748746125.96,-1.09,-0.72,126.45,0.98,Fwd,6.44
1748746125.96,-1.09,-0.72,126.45,0.98,Fwd,6.44
1748746125.96,-1.09,-0.72,126.45,0.98,Fwd,6.44
1748746126.05,-1.09,-0.72,126.45,0.98,Fwd,6.38
1748746126.05,-1.40,-0.72,126.45,0.98,Fwd,6.38
1748746126.06,-1.40,0.25,126.45,0.98,Fwd,6.38
1748746126.06,-1.40,0.25,123.80,0.98,Fwd,6.38
1748746126.06,-1.40,0.25,123.80,1.02,Fwd,6.38
1748746126.06,-1.40,0.25,123.80,1.02,Fwd,6.38
1748746126.07,-1.40,0.25,123.80,1.02,Fwd,6.38
1748746126.07,-1.40,0.25,123.80,1.02,Fwd,6.38
1748746126.16,-1.40,0.25,123.80,1.02,Fwd,6.38
1748746126.16,-1.58,0.25,123.80,1.02,Fwd,6.38
1748746126.16,-1.58,1.27,123.80,1.02,Fwd,6.38
1748746126.19,-1.58,1.27,120.94,1.02,Fwd,6.38
1748746126.20,-1.58,1.27,120.94,0.98,Fwd,6.38
1748746126.20,-1.58,1.27,120.94,0.98,Fwd,6.38
1748746126.20,-1.58,1.27,120.94,0.98,Fwd,6.38
1748746126.20,-1.58,1.27,120.94,0.98,Fwd,6.38
1748746126.23,-1.58,1.27,120.94,0.98,Fwd,6.38
1748746126.23,-1.94,1.27,120.94,0.98,Fwd,6.38
1748746126.23,-1.94,2.19,120.94,0.98,Fwd,6.38
1748746126.23,-1.94,2.19,117.87,0.98,Fwd,6.38
1748746126.23,-1.94,2.19,117.87,0.91,Fwd,6.38
1748746126.23,-1.94,2.19,117.87,0.91,Fwd,6.38
1748746126.23,-1.94,2.19,117.87,0.91,Fwd,6.38
1748746126.24,-1.94,2.19,117.87,0.91,Fwd,6.38
1748746126.33,-1.94,2.19,117.87,0.91,Fwd,6.38
1748746126.34,-1.93,2.19,117.87,0.91,Fwd,6.38
1748746126.34,-1.93,3.35,117.87,0.91,Fwd,6.38
1748746126.34,-1.93,3.35,114.95,0.91,Fwd,6.38
1748746126.34,-1.93,3.35,114.95,1.06,Fwd,6.38
1748746126.34,-1.93,3.35,114.95,1.06,Fwd,6.38
1748746126.34,-1.93,3.35,114.95,1.06,Fwd,6.38
1748746126.34,-1.93,3.35,114.95,1.06,Fwd,6.38
1748746126.44,-1.93,3.35,114.95,1.06,Fwd,6.38
1748746126.44,-1.54,3.35,114.95,1.06,Fwd,6.38
1748746126.44,-1.54,4.49,114.95,1.06,Fwd,6.38
1748746126.44,-1.54,4.49,112.58,1.06,Fwd,6.38
1748746126.44,-1.54,4.49,112.58,1.02,Fwd,6.38
1748746126.44,-1.54,4.49,112.58,1.02,Fwd,6.38
1748746126.44,-1.54,4.49,112.58,1.02,Fwd,6.38
1748746126.44,-1.54,4.49,112.58,1.02,Fwd,6.38
1748746126.54,-1.54,4.49,112.58,1.02,Fwd,6.38
1748746126.54,-1.13,4.49,112.58,1.02,Fwd,6.38
1748746126.55,-1.13,5.34,112.58,1.02,Fwd,6.38
1748746126.55,-1.13,5.34,111.08,1.02,Fwd,6.38
1748746126.55,-1.13,5.34,111.08,0.85,Fwd,6.38
1748746126.55,-1.13,5.34,111.08,0.85,Fwd,6.38
1748746126.55,-1.13,5.34,111.08,0.85,Fwd,6.38
1748746126.55,-1.13,5.34,111.08,0.85,Fwd,6.38
1748746126.64,-1.13,5.34,111.08,0.85,Fwd,6.02
1748746126.64,-0.78,5.34,111.08,0.85,Fwd,6.02
1748746126.65,-0.78,6.25,111.08,0.85,Fwd,6.02
1748746126.65,-0.78,6.25,110.60,0.85,Fwd,6.02
1748746126.65,-0.78,6.25,110.60,0.86,Fwd,6.02
1748746126.65,-0.78,6.25,110.60,0.86,Fwd,6.02
1748746126.68,-0.78,6.25,110.60,0.86,Fwd,6.02
1748746126.68,-0.78,6.25,110.60,0.86,Fwd,6.02
1748746126.75,-0.78,6.25,110.60,0.86,Fwd,6.02
1748746126.76,-0.53,6.25,110.60,0.86,Fwd,6.02
1748746126.76,-0.53,6.84,110.60,0.86,Fwd,6.02
1748746126.76,-0.53,6.84,111.08,0.86,Fwd,6.02
1748746126.77,-0.53,6.84,111.08,1.00,Fwd,6.02
1748746126.77,-0.53,6.84,111.08,1.00,Fwd,6.02
1748746126.77,-0.53,6.84,111.08,1.00,Fwd,6.02
1748746126.77,-0.53,6.84,111.08,1.00,Fwd,6.02
1748746126.86,-0.53,6.84,111.08,1.00,Fwd,6.02
1748746126.87,-0.50,6.84,111.08,1.00,Fwd,6.02
1748746126.87,-0.50,7.41,111.08,1.00,Fwd,6.02
1748746126.87,-0.50,7.41,112.37,1.00,Fwd,6.02
1748746126.87,-0.50,7.41,112.37,0.96,Fwd,6.02
1748746126.87,-0.50,7.41,112.37,0.96,Fwd,6.02
1748746126.88,-0.50,7.41,112.37,0.96,Fwd,6.02
1748746126.88,-0.50,7.41,112.37,0.96,Fwd,6.02
1748746126.93,-0.50,7.41,112.37,0.96,Fwd,6.02
1748746126.93,-0.41,7.41,112.37,0.96,Fwd,6.02
1748746126.94,-0.41,7.64,112.37,0.96,Fwd,6.02
1748746126.94,-0.41,7.64,114.55,0.96,Fwd,6.02
1748746126.94,-0.41,7.64,114.55,0.94,Fwd,6.02
1748746126.94,-0.41,7.64,114.55,0.94,Fwd,6.02
1748746126.94,-0.41,7.64,114.55,0.94,Fwd,6.02
1748746126.95,-0.41,7.64,114.55,0.94,Fwd,6.02
1748746127.03,-0.41,7.64,114.55,0.94,Fwd,6.02
1748746127.04,-0.17,7.64,114.55,0.94,Fwd,6.02
1748746127.04,-0.17,7.65,114.55,0.94,Fwd,6.02
1748746127.04,-0.17,7.65,117.64,0.94,Fwd,6.02
1748746127.04,-0.17,7.65,117.64,0.96,Fwd,6.02
1748746127.04,-0.17,7.65,117.64,0.96,Fwd,6.02
1748746127.04,-0.17,7.65,117.64,0.96,Fwd,6.02
1748746127.05,-0.17,7.65,117.64,0.96,Fwd,6.02
1748746127.14,-0.17,7.65,117.64,0.96,Fwd,6.02
1748746127.14,0.27,7.65,117.64,0.96,Fwd,6.02
1748746127.14,0.27,7.44,117.64,0.96,Fwd,6.02
1748746127.14,0.27,7.44,121.74,0.96,Fwd,6.02
1748746127.15,0.27,7.44,121.74,0.98,Fwd,6.02
1748746127.15,0.27,7.44,121.74,0.98,Fwd,6.02
1748746127.15,0.27,7.44,121.74,0.98,Fwd,6.02
1748746127.15,0.27,7.44,121.74,0.98,Fwd,6.02
1748746127.24,0.27,7.44,121.74,0.98,Fwd,5.75
1748746127.25,0.89,7.44,121.74,0.98,Fwd,5.75
1748746127.25,0.89,7.23,121.74,0.98,Fwd,5.75
1748746127.25,0.89,7.23,126.84,0.98,Fwd,5.75
1748746127.25,0.89,7.23,126.84,0.91,Fwd,5.75
1748746127.26,0.89,7.23,126.84,0.91,Fwd,5.75
1748746127.26,0.89,7.23,126.84,0.91,Fwd,5.75
1748746127.26,0.89,7.23,126.84,0.91,Fwd,5.75
1748746127.35,0.89,7.23,126.84,0.91,Fwd,5.75
1748746127.35,1.53,7.23,126.84,0.91,Fwd,5.75
1748746127.36,1.53,7.16,126.84,0.91,Fwd,5.75
1748746127.36,1.53,7.16,132.83,0.91,Fwd,5.75
1748746127.36,1.53,7.16,132.83,0.92,Fwd,5.75
1748746127.37,1.53,7.16,132.83,0.92,Fwd,5.75
1748746127.37,1.53,7.16,132.83,0.92,Fwd,5.75
1748746127.37,1.53,7.16,132.83,0.92,Fwd,5.75
1748746127.45,1.53,7.16,132.83,0.92,Fwd,5.75
1748746127.45,1.45,7.16,132.83,0.92,Fwd,5.75
1748746127.45,1.45,7.08,132.83,0.92,Fwd,5.75
1748746127.46,1.45,7.08,139.69,0.92,Fwd,5.75
1748746127.46,1.45,7.08,139.69,1.01,Fwd,5.75
1748746127.46,1.45,7.08,139.69,1.01,Fwd,5.75
1748746127.46,1.45,7.08,139.69,1.01,Fwd,5.75
1748746127.46,1.45,7.08,139.69,1.01,Fwd,5.75
1748746127.55,1.45,7.08,139.69,1.01,Fwd,5.75
1748746127.59,1.33,7.08,139.69,1.01,Fwd,5.75
1748746127.62,1.33,6.37,139.69,1.01,Fwd,5.75
1748746127.67,1.33,6.37,147.97,1.01,Fwd,5.75
1748746127.67,1.33,6.37,147.97,1.14,Fwd,5.75
1748746127.67,1.33,6.37,147.97,1.14,Fwd,5.75
1748746127.67,1.33,6.37,147.97,1.14,Fwd,5.75
1748746127.67,1.33,6.37,147.97,1.14,Fwd,5.75
1748746127.68,1.33,6.37,147.97,1.14,Fwd,5.75
1748746127.68,1.36,6.37,147.97,1.14,Fwd,5.75
1748746127.68,1.36,5.30,147.97,1.14,Fwd,5.75
1748746127.68,1.36,5.30,157.13,1.14,Fwd,5.75
1748746127.68,1.36,5.30,157.13,1.04,Fwd,5.75
1748746127.73,1.36,5.30,157.13,1.04,Fwd,5.75
1748746127.73,1.57,5.30,157.13,1.04,Fwd,5.75
1748746127.74,1.57,4.69,157.13,1.04,Fwd,5.75
1748746127.74,1.57,4.69,166.03,1.04,Fwd,5.75
1748746127.74,1.57,4.69,166.03,1.03,Fwd,5.75
1748746127.74,1.57,4.69,166.03,1.03,Fwd,5.75
1748746127.74,1.57,4.69,166.03,1.03,Fwd,5.75
1748746127.75,1.57,4.69,166.03,1.03,Fwd,5.75
1748746127.84,1.57,4.69,166.03,1.03,Fwd,6.79
1748746127.84,1.42,4.69,166.03,1.03,Fwd,6.79
1748746127.84,1.42,4.46,166.03,1.03,Fwd,6.79
1748746127.85,1.42,4.46,174.40,1.03,Fwd,6.79
1748746127.85,1.42,4.46,174.40,1.06,Fwd,6.79
1748746127.85,1.42,4.46,174.40,1.06,Fwd,6.79
1748746127.85,1.42,4.46,174.40,1.06,Fwd,6.79
1748746127.85,1.42,4.46,174.40,1.06,Fwd,6.79
1748746127.95,1.42,4.46,174.40,1.06,Fwd,6.79
1748746127.95,1.27,4.46,174.40,1.06,Fwd,6.79
1748746127.95,1.27,4.04,174.40,1.06,Fwd,6.79
1748746127.96,1.27,4.04,182.70,1.06,Fwd,6.79
1748746127.96,1.27,4.04,182.70,0.99,Fwd,6.79
1748746127.96,1.27,4.04,182.70,0.99,Fwd,6.79
1748746127.96,1.27,4.04,182.70,0.99,Fwd,6.79
1748746127.96,1.27,4.04,182.70,0.99,Fwd,6.79
1748746128.04,1.27,4.04,182.70,0.99,Fwd,6.79
1748746128.08,0.70,4.04,182.70,0.99,Fwd,6.79
1748746128.08,0.70,3.41,182.70,0.99,Fwd,6.79
1748746128.08,0.70,3.41,191.64,0.99,Fwd,6.79
1748746128.09,0.70,3.41,191.64,0.91,Fwd,6.79
1748746128.09,0.70,3.41,191.64,0.91,Fwd,6.79
1748746128.09,0.70,3.41,191.64,0.91,Fwd,6.79
1748746128.09,0.70,3.41,191.64,0.91,Fwd,6.79
1748746128.15,0.70,3.41,191.64,0.91,Fwd,6.79
1748746128.16,-0.13,3.41,191.64,0.91,Fwd,6.79
1748746128.16,-0.13,2.89,191.64,0.91,Fwd,6.79
1748746128.18,-0.13,2.89,201.33,0.91,Fwd,6.79
1748746128.19,-0.13,2.89,201.33,0.95,Fwd,6.79
1748746128.19,-0.13,2.89,201.33,0.95,Fwd,6.79
1748746128.19,-0.13,2.89,201.33,0.95,Fwd,6.79
1748746128.19,-0.13,2.89,201.33,0.95,Fwd,6.79
1748746128.32,-0.13,2.89,201.33,0.95,Fwd,6.79
1748746128.36,-0.75,2.89,201.33,0.95,Fwd,6.79
1748746128.36,-0.75,2.21,201.33,0.95,Fwd,6.79
1748746128.37,-0.75,2.21,211.39,0.95,Fwd,6.79
1748746128.37,-0.75,2.21,211.39,0.96,Fwd,6.79
1748746128.37,-0.75,2.21,211.39,0.96,Fwd,6.79
1748746128.37,-0.75,2.21,211.39,0.96,Fwd,6.79
1748746128.37,-0.75,2.21,211.39,0.96,Fwd,6.79
1748746128.37,-0.75,2.21,211.39,0.96,Fwd,7.54
1748746128.37,-1.46,2.21,211.39,0.96,Fwd,7.54
1748746128.37,-1.46,1.30,211.39,0.96,Fwd,7.54
1748746128.38,-1.46,1.30,221.53,0.96,Fwd,7.54
1748746128.43,-1.46,1.30,221.53,0.96,Fwd,7.54
1748746128.43,-2.05,1.30,221.53,0.96,Fwd,7.54
1748746128.43,-2.05,1.07,221.53,0.96,Fwd,7.54
1748746128.43,-2.05,1.07,231.36,0.96,Fwd,7.54
1748746128.43,-2.05,1.07,231.36,0.98,Fwd,7.54
1748746128.43,-2.05,1.07,231.36,0.98,Fwd,7.54
1748746128.46,-2.05,1.07,231.36,0.98,Fwd,7.54
1748746128.50,-2.05,1.07,231.36,0.98,Fwd,7.54
1748746128.53,-2.05,1.07,231.36,0.98,Fwd,7.54
1748746128.53,-2.82,1.07,231.36,0.98,Fwd,7.54
1748746128.53,-2.82,0.80,231.36,0.98,Fwd,7.54
1748746128.54,-2.82,0.80,241.07,0.98,Fwd,7.54
1748746128.54,-2.82,0.80,241.07,1.11,Fwd,7.54
1748746128.54,-2.82,0.80,241.07,1.11,Fwd,7.54
1748746128.54,-2.82,0.80,241.07,1.11,Fwd,7.54
1748746128.54,-2.82,0.80,241.07,1.11,Fwd,7.54
1748746128.64,-2.82,0.80,241.07,1.11,Fwd,7.54
1748746128.64,-3.75,0.80,241.07,1.11,Fwd,7.54
1748746128.64,-3.75,0.39,241.07,1.11,Fwd,7.54
1748746128.64,-3.75,0.39,250.92,1.11,Fwd,7.54
1748746128.64,-3.75,0.39,250.92,1.01,Fwd,7.54
1748746128.65,-3.75,0.39,250.92,1.01,Fwd,7.54
1748746128.65,-3.75,0.39,250.92,1.01,Fwd,7.54
1748746128.65,-3.75,0.39,250.92,1.01,Fwd,7.54
1748746128.74,-3.75,0.39,250.92,1.01,Fwd,7.54
1748746128.78,-4.60,0.39,250.92,1.01,Fwd,7.54
1748746128.78,-4.60,0.11,250.92,1.01,Fwd,7.54
1748746128.78,-4.60,0.11,260.83,1.01,Fwd,7.54
1748746128.78,-4.60,0.11,260.83,1.00,Fwd,7.54
1748746128.78,-4.60,0.11,260.83,1.00,Fwd,7.54
1748746128.79,-4.60,0.11,260.83,1.00,Fwd,7.54
1748746128.79,-4.60,0.11,260.83,1.00,Fwd,7.54
1748746128.85,-4.60,0.11,260.83,1.00,Fwd,8.12
1748746128.85,-5.05,0.11,260.83,1.00,Fwd,8.12
1748746128.85,-5.05,-0.25,260.83,1.00,Fwd,8.12
1748746128.85,-5.05,-0.25,270.40,1.00,Fwd,8.12
1748746128.86,-5.05,-0.25,270.40,1.07,Fwd,8.12
1748746128.86,-5.05,-0.25,270.40,1.07,Fwd,8.12
1748746128.86,-5.05,-0.25,270.40,1.07,Fwd,8.12
1748746128.86,-5.05,-0.25,270.40,1.07,Fwd,8.12
1748746129.00,-5.05,-0.25,270.40,1.07,Fwd,8.12
1748746129.00,-5.46,-0.25,270.40,1.07,Fwd,8.12
1748746129.00,-5.46,-0.15,270.40,1.07,Fwd,8.12
1748746129.00,-5.46,-0.15,279.61,1.07,Fwd,8.12
1748746129.00,-5.46,-0.15,279.61,1.06,Fwd,8.12
1748746129.00,-5.46,-0.15,279.61,1.06,Fwd,8.12