1748746990.13,-7.43,-4.81,158.34,1.23,Fwd,8.39
1748746990.13,-7.59,-4.81,158.34,1.23,Fwd,8.39
1748746990.13,-7.59,-4.54,158.34,1.23,Fwd,8.39
1748746990.13,-7.59,-4.54,151.70,1.23,Fwd,8.39
1748746990.13,-7.59,-4.54,151.70,0.94,Fwd,8.39
1748746990.13,-7.59,-4.54,151.70,0.94,Fwd,8.39
1748746990.16,-7.59,-4.54,151.70,0.94,Fwd,8.39
1748746990.20,-7.59,-4.54,151.70,0.94,Fwd,8.39
1748746990.23,-7.59,-4.54,151.70,0.94,Fwd,8.39
1748746990.23,-7.16,-4.54,151.70,0.94,Fwd,8.39
1748746990.23,-7.16,-4.70,151.70,0.94,Fwd,8.39
1748746990.23,-7.16,-4.70,145.67,0.94,Fwd,8.39
1748746990.23,-7.16,-4.70,145.67,0.92,Fwd,8.39
1748746990.23,-7.16,-4.70,145.67,0.92,Fwd,8.39
1748746990.23,-7.16,-4.70,145.67,0.92,Fwd,8.39
1748746990.23,-7.16,-4.70,145.67,0.92,Fwd,8.39
1748746990.37,-7.16,-4.70,145.67,0.92,Fwd,8.39
1748746990.37,-6.87,-4.70,145.67,0.92,Fwd,8.39
1748746990.37,-6.87,-4.77,145.67,0.92,Fwd,8.39
1748746990.37,-6.87,-4.77,140.43,0.92,Fwd,8.39
1748746990.38,-6.87,-4.77,140.43,0.99,Fwd,8.39
1748746990.38,-6.87,-4.77,140.43,0.99,Fwd,8.39
1748746990.38,-6.87,-4.77,140.43,0.99,Fwd,8.39
1748746990.38,-6.87,-4.77,140.43,0.99,Fwd,8.39
1748746990.44,-6.87,-4.77,140.43,0.99,Fwd,8.39
1748746990.44,-6.50,-4.77,140.43,0.99,Fwd,8.39
1748746990.44,-6.50,-4.86,140.43,0.99,Fwd,8.39
1748746990.47,-6.50,-4.86,135.46,0.99,Fwd,8.39
1748746990.48,-6.50,-4.86,135.46,1.08,Fwd,8.39
1748746990.48,-6.50,-4.86,135.46,1.08,Fwd,8.39
1748746990.48,-6.50,-4.86,135.46,1.08,Fwd,8.39
1748746990.48,-6.50,-4.86,135.46,1.08,Fwd,8.39
1748746990.58,-6.50,-4.86,135.46,1.08,Fwd,8.39
1748746990.58,-6.46,-4.86,135.46,1.08,Fwd,8.39
1748746990.58,-6.46,-4.46,135.46,1.08,Fwd,8.39
1748746990.61,-6.46,-4.46,130.33,1.08,Fwd,8.39
1748746990.61,-6.46,-4.46,130.33,0.88,Fwd,8.39
1748746990.61,-6.46,-4.46,130.33,0.88,Fwd,8.39
1748746990.61,-6.46,-4.46,130.33,0.88,Fwd,8.39
1748746990.62,-6.46,-4.46,130.33,0.88,Fwd,8.39
1748746990.62,-6.46,-4.46,130.33,0.88,Fwd,8.39
1748746990.62,-6.49,-4.46,130.33,0.88,Fwd,8.39
1748746990.62,-6.49,-3.90,130.33,0.88,Fwd,8.39
1748746990.69,-6.49,-3.90,125.03,0.88,Fwd,8.39
1748746990.69,-6.49,-3.90,125.03,0.96,Fwd,8.39
1748746990.69,-6.49,-3.90,125.03,0.96,Fwd,8.39
1748746990.69,-6.49,-3.90,125.03,0.96,Fwd,8.39
1748746990.69,-6.49,-3.90,125.03,0.96,Fwd,8.39
1748746990.72,-6.49,-3.90,125.03,0.96,Fwd,7.54
1748746990.72,-6.61,-3.90,125.03,0.96,Fwd,7.54
1748746990.72,-6.61,-3.27,125.03,0.96,Fwd,7.54
1748746990.73,-6.61,-3.27,118.99,0.96,Fwd,7.54
1748746990.73,-6.61,-3.27,118.99,0.97,Fwd,7.54
1748746990.73,-6.61,-3.27,118.99,0.97,Fwd,7.54
1748746990.73,-6.61,-3.27,118.99,0.97,Fwd,7.54
1748746990.73,-6.61,-3.27,118.99,0.97,Fwd,7.54
1748746990.83,-6.61,-3.27,118.99,0.97,Fwd,7.54
1748746990.86,-5.77,-3.27,118.99,0.97,Fwd,7.54
1748746990.90,-5.77,-2.24,118.99,0.97,Fwd,7.54
1748746990.90,-5.77,-2.24,112.88,0.97,Fwd,7.54
1748746990.90,-5.77,-2.24,112.88,1.00,Fwd,7.54
1748746990.90,-5.77,-2.24,112.88,1.00,Fwd,7.54
1748746990.90,-5.77,-2.24,112.88,1.00,Fwd,7.54
1748746990.91,-5.77,-2.24,112.88,1.00,Fwd,7.54
1748746990.96,-5.77,-2.24,112.88,1.00,Fwd,7.54
1748746990.96,-5.89,-2.24,112.88,1.00,Fwd,7.54
1748746990.97,-5.89,-1.00,112.88,1.00,Fwd,7.54
1748746990.97,-5.89,-1.00,107.61,1.00,Fwd,7.54
1748746990.97,-5.89,-1.00,107.61,0.94,Fwd,7.54
1748746990.97,-5.89,-1.00,107.61,0.94,Fwd,7.54
1748746990.97,-5.89,-1.00,107.61,0.94,Fwd,7.54
1748746990.97,-5.89,-1.00,107.61,0.94,Fwd,7.54
1748746991.04,-5.89,-1.00,107.61,0.94,Fwd,7.54
1748746991.07,-6.64,-1.00,107.61,0.94,Fwd,7.54
1748746991.07,-6.64,-0.96,107.61,0.94,Fwd,7.54
1748746991.07,-6.64,-0.96,103.38,0.94,Fwd,7.54
1748746991.07,-6.64,-0.96,103.38,0.83,Fwd,7.54
1748746991.07,-6.64,-0.96,103.38,0.83,Fwd,7.54
1748746991.07,-6.64,-0.96,103.38,0.83,Fwd,7.54
1748746991.07,-6.64,-0.96,103.38,0.83,Fwd,7.54
1748746991.14,-6.64,-0.96,103.38,0.83,Fwd,7.54
1748746991.14,-8.49,-0.96,103.38,0.83,Fwd,7.54
1748746991.14,-8.49,-0.24,103.38,0.83,Fwd,7.54
1748746991.14,-8.49,-0.24,99.20,0.83,Fwd,7.54
1748746991.14,-8.49,-0.24,99.20,1.05,Fwd,7.54
1748746991.14,-8.49,-0.24,99.20,1.05,Fwd,7.54
1748746991.14,-8.49,-0.24,99.20,1.05,Fwd,7.54
1748746991.14,-8.49,-0.24,99.20,1.05,Fwd,7.54
1748746991.24,-8.49,-0.24,99.20,1.05,Fwd,6.79
1748746991.25,-10.16,-0.24,99.20,1.05,Fwd,6.79
1748746991.25,-10.16,2.57,99.20,1.05,Fwd,6.79
1748746991.25,-10.16,2.57,93.10,1.05,Fwd,6.79
1748746991.25,-10.16,2.57,93.10,1.05,Fwd,6.79
1748746991.25,-10.16,2.57,93.10,1.05,Fwd,6.79
1748746991.25,-10.16,2.57,93.10,1.05,Fwd,6.79
1748746991.25,-10.16,2.57,93.10,1.05,Fwd,6.79
1748746991.35,-10.16,2.57,93.10,1.05,Fwd,6.79
1748746991.35,-9.88,2.57,93.10,1.05,Fwd,6.79
1748746991.35,-9.88,6.07,93.10,1.05,Fwd,6.79
1748746991.35,-9.88,6.07,85.52,1.05,Fwd,6.79
1748746991.35,-9.88,6.07,85.52,1.09,Fwd,6.79
1748746991.35,-9.88,6.07,85.52,1.09,Fwd,6.79
1748746991.35,-9.88,6.07,85.52,1.09,Fwd,6.79
1748746991.36,-9.88,6.07,85.52,1.09,Fwd,6.79
1748746991.42,-9.88,6.07,85.52,1.09,Fwd,6.79
1748746991.46,-9.32,6.07,85.52,1.09,Fwd,6.79
1748746991.46,-9.32,8.53,85.52,1.09,Fwd,6.79
1748746991.46,-9.32,8.53,78.08,1.09,Fwd,6.79
1748746991.46,-9.32,8.53,78.08,0.90,Fwd,6.79
1748746991.46,-9.32,8.53,78.08,0.90,Fwd,6.79
1748746991.46,-9.32,8.53,78.08,0.90,Fwd,6.79
1748746991.46,-9.32,8.53,78.08,0.90,Fwd,6.79
1748746991.53,-9.32,8.53,78.08,0.90,Fwd,6.79
1748746991.53,-8.18,8.53,78.08,0.90,Fwd,6.79
1748746991.53,-8.18,10.84,78.08,0.90,Fwd,6.79
1748746991.56,-8.18,10.84,73.01,0.90,Fwd,6.79
1748746991.56,-8.18,10.84,73.01,1.00,Fwd,6.79
1748746991.56,-8.18,10.84,73.01,1.00,Fwd,6.79
1748746991.56,-8.18,10.84,73.01,1.00,Fwd,6.79
1748746991.56,-8.18,10.84,73.01,1.00,Fwd,6.79
1748746991.63,-8.18,10.84,73.01,1.00,Fwd,6.79
1748746991.63,-7.43,10.84,73.01,1.00,Fwd,6.79
1748746991.63,-7.43,12.55,73.01,1.00,Fwd,6.79
1748746991.63,-7.43,12.55,70.61,1.00,Fwd,6.79
1748746991.63,-7.43,12.55,70.61,0.65,Fwd,6.79
1748746991.63,-7.43,12.55,70.61,0.65,Fwd,6.79
1748746991.63,-7.43,12.55,70.61,0.65,Fwd,6.79
1748746991.63,-7.43,12.55,70.61,0.65,Fwd,6.79
1748746991.74,-7.43,12.55,70.61,0.65,Fwd,7.78
1748746991.74,-7.20,12.55,70.61,0.65,Fwd,7.78
1748746991.74,-7.20,13.59,70.61,0.65,Fwd,7.78
1748746991.74,-7.20,13.59,70.23,0.65,Fwd,7.78
1748746991.74,-7.20,13.59,70.23,1.11,Fwd,7.78
1748746991.74,-7.20,13.59,70.23,1.11,Fwd,7.78
1748746991.74,-7.20,13.59,70.23,1.11,Fwd,7.78
1748746991.74,-7.20,13.59,70.23,1.11,Fwd,7.78
1748746991.84,-7.20,13.59,70.23,1.11,Fwd,7.78
1748746991.88,-6.24,13.59,70.23,1.11,Fwd,7.78
1748746991.91,-6.24,13.05,70.23,1.11,Fwd,7.78
1748746991.91,-6.24,13.05,72.25,1.11,Fwd,7.78
1748746991.92,-6.24,13.05,72.25,1.04,Fwd,7.78
1748746991.92,-6.24,13.05,72.25,1.04,Fwd,7.78
1748746991.92,-6.24,13.05,72.25,1.04,Fwd,7.78
1748746991.92,-6.24,13.05,72.25,1.04,Fwd,7.78
1748746991.95,-6.24,13.05,72.25,1.04,Fwd,7.78
1748746991.95,-3.67,13.05,72.25,1.04,Fwd,7.78
1748746991.95,-3.67,12.24,72.25,1.04,Fwd,7.78
1748746991.95,-3.67,12.24,76.98,1.04,Fwd,7.78
1748746991.95,-3.67,12.24,76.98,0.90,Fwd,7.78
1748746991.95,-3.67,12.24,76.98,0.90,Fwd,7.78
1748746991.95,-3.67,12.24,76.98,0.90,Fwd,7.78
1748746991.96,-3.67,12.24,76.98,0.90,Fwd,7.78
1748746992.05,-3.67,12.24,76.98,0.90,Fwd,7.78
1748746992.05,-1.10,12.24,76.98,0.90,Fwd,7.78
1748746992.05,-1.10,10.71,76.98,0.90,Fwd,7.78
1748746992.06,-1.10,10.71,83.06,0.90,Fwd,7.78
1748746992.06,-1.10,10.71,83.06,0.91,Fwd,7.78
1748746992.06,-1.10,10.71,83.06,0.91,Fwd,7.78
1748746992.06,-1.10,10.71,83.06,0.91,Fwd,7.78
1748746992.06,-1.10,10.71,83.06,0.91,Fwd,7.78
1748746992.12,-1.10,10.71,83.06,0.91,Fwd,7.78
1748746992.16,-1.26,10.71,83.06,0.91,Fwd,7.78
1748746992.16,-1.26,9.78,83.06,0.91,Fwd,7.78
1748746992.16,-1.26,9.78,88.82,0.91,Fwd,7.78
1748746992.16,-1.26,9.78,88.82,0.88,Fwd,7.78
1748746992.16,-1.26,9.78,88.82,0.88,Fwd,7.78
1748746992.16,-1.26,9.78,88.82,0.88,Fwd,7.78
1748746992.16,-1.26,9.78,88.82,0.88,Fwd,7.78
1748746992.23,-1.26,9.78,88.82,0.88,Fwd,7.39
1748746992.23,-4.42,9.78,88.82,0.88,Fwd,7.39
1748746992.23,-4.42,8.97,88.82,0.88,Fwd,7.39
1748746992.23,-4.42,8.97,94.63,0.88,Fwd,7.39
1748746992.23,-4.42,8.97,94.63,1.00,Fwd,7.39
1748746992.24,-4.42,8.97,94.63,1.00,Fwd,7.39
1748746992.24,-4.42,8.97,94.63,1.00,Fwd,7.39
1748746992.24,-4.42,8.97,94.63,1.00,Fwd,7.39
1748746992.34,-4.42,8.97,94.63,1.00,Fwd,7.39
1748746992.37,-5.05,8.97,94.63,1.00,Fwd,7.39
1748746992.40,-5.05,7.56,94.63,1.00,Fwd,7.39
1748746992.41,-5.05,7.56,104.13,1.00,Fwd,7.39
1748746992.41,-5.05,7.56,104.13,1.22,Fwd,7.39
1748746992.41,-5.05,7.56,104.13,1.22,Fwd,7.39
1748746992.41,-5.05,7.56,104.13,1.22,Fwd,7.39
1748746992.41,-5.05,7.56,104.13,1.22,Fwd,7.39
1748746992.44,-5.05,7.56,104.13,1.22,Fwd,7.39
1748746992.47,-4.62,7.56,104.13,1.22,Fwd,7.39
1748746992.47,-4.62,5.60,104.13,1.22,Fwd,7.39
1748746992.47,-4.62,5.60,114.17,1.22,Fwd,7.39
1748746992.48,-4.62,5.60,114.17,1.17,Fwd,7.39
1748746992.48,-4.62,5.60,114.17,1.17,Fwd,7.39
1748746992.48,-4.62,5.60,114.17,1.17,Fwd,7.39
1748746992.48,-4.62,5.60,114.17,1.17,Fwd,7.39
1748746992.55,-4.62,5.60,114.17,1.17,Fwd,11.32
1748746992.55,-4.53,5.60,114.17,1.17,Fwd,11.32
1748746992.55,-4.53,2.28,114.17,1.17,Fwd,11.32
1748746992.55,-4.53,2.28,125.05,1.17,Fwd,11.32
1748746992.55,-4.53,2.28,125.05,0.34,Fwd,11.32
1748746992.55,-4.53,2.28,125.05,0.34,Fwd,11.32
1748746992.55,-4.53,2.28,125.05,0.34,Fwd,11.32
1748746992.55,-4.53,2.28,125.05,0.34,Fwd,11.32
1748746992.65,-4.53,2.28,125.05,0.34,Fwd,11.32
1748746992.68,-3.04,2.28,125.05,0.34,Fwd,11.32
1748746992.72,-3.04,-1.61,125.05,0.34,Fwd,11.32
1748746992.72,-3.04,-1.61,134.73,0.34,Fwd,11.32
1748746992.72,-3.04,-1.61,134.73,1.13,Fwd,11.32
1748746992.72,-3.04,-1.61,134.73,1.13,Fwd,11.32
1748746992.73,-3.04,-1.61,134.73,1.13,Fwd,11.32
1748746992.73,-3.04,-1.61,134.73,1.13,Fwd,11.32
1748746992.73,-3.04,-1.61,134.73,1.13,Fwd,11.32
1748746992.73,-0.44,-1.61,134.73,1.13,Fwd,11.32
1748746992.73,-0.44,-3.81,134.73,1.13,Fwd,11.32
1748746992.73,-0.44,-3.81,139.67,1.13,Fwd,11.32
1748746992.73,-0.44,-3.81,139.67,0.71,Fwd,11.32
1748746992.73,-0.44,-3.81,139.67,0.71,Fwd,11.32
1748746992.75,-0.44,-3.81,139.67,0.71,Fwd,11.32
1748746992.82,-0.44,-3.81,139.67,0.71,Fwd,11.32
1748746992.85,-0.96,-3.81,139.67,0.71,Fwd,11.32
1748746992.89,-0.96,-3.44,139.67,0.71,Fwd,11.32
1748746992.93,-0.96,-3.44,142.12,0.71,Fwd,11.32
1748746992.93,-0.96,-3.44,142.12,0.44,Fwd,11.32
1748746992.93,-0.96,-3.44,142.12,0.44,Fwd,11.32
1748746992.93,-0.96,-3.44,142.12,0.44,Fwd,11.32
1748746992.94,-0.96,-3.44,142.12,0.44,Fwd,11.32
1748746992.94,-0.96,-3.44,142.12,0.44,Fwd,9.22
1748746992.94,-1.04,-3.44,142.12,0.44,Fwd,9.22
1748746992.94,-1.04,-3.72,142.12,0.44,Fwd,9.22
1748746992.94,-1.04,-3.72,143.11,0.44,Fwd,9.22
1748746992.94,-1.04,-3.72,143.11,1.04,Fwd,9.22
1748746993.03,-1.04,-3.72,143.11,1.04,Fwd,9.22
1748746993.07,-1.36,-3.72,143.11,1.04,Fwd,9.22
1748746993.10,-1.36,-2.75,143.11,1.04,Fwd,9.22
1748746993.10,-1.36,-2.75,142.93,1.04,Fwd,9.22
1748746993.11,-1.36,-2.75,142.93,1.13,Fwd,9.22
1748746993.14,-1.36,-2.75,142.93,1.13,Fwd,9.22
1748746993.14,-1.36,-2.75,142.93,1.13,Fwd,9.22
1748746993.14,-1.36,-2.75,142.93,1.13,Fwd,9.22
1748746993.15,-1.36,-2.75,142.93,1.13,Fwd,9.22
1748746993.15,-3.01,-2.75,142.93,1.13,Fwd,9.22
1748746993.15,-3.01,-3.57,142.93,1.13,Fwd,9.22
1748746993.15,-3.01,-3.57,143.20,1.13,Fwd,9.22
1748746993.15,-3.01,-3.57,143.20,1.14,Fwd,9.22
1748746993.16,-3.01,-3.57,143.20,1.14,Fwd,9.22
1748746993.16,-3.01,-3.57,143.20,1.14,Fwd,9.22
1748746993.24,-3.01,-3.57,143.20,1.14,Fwd,9.22
1748746993.24,-7.53,-3.57,143.20,1.14,Fwd,9.22
1748746993.25,-7.53,-1.46,143.20,1.14,Fwd,9.22
1748746993.25,-7.53,-1.46,143.56,1.14,Fwd,9.22
1748746993.25,-7.53,-1.46,143.56,1.07,Fwd,9.22
1748746993.25,-7.53,-1.46,143.56,1.07,Fwd,9.22
1748746993.25,-7.53,-1.46,143.56,1.07,Fwd,9.22
1748746993.25,-7.53,-1.46,143.56,1.07,Fwd,9.22
1748746993.35,-7.53,-1.46,143.56,1.07,Fwd,11.18
1748746993.35,-10.75,-1.46,143.56,1.07,Fwd,11.18
1748746993.35,-10.75,-2.28,143.56,1.07,Fwd,11.18
1748746993.35,-10.75,-2.28,145.09,1.07,Fwd,11.18
1748746993.35,-10.75,-2.28,145.09,1.11,Fwd,11.18
1748746993.35,-10.75,-2.28,145.09,1.11,Fwd,11.18
1748746993.36,-10.75,-2.28,145.09,1.11,Fwd,11.18
1748746993.36,-10.75,-2.28,145.09,1.11,Fwd,11.18
1748746993.45,-10.75,-2.28,145.09,1.11,Fwd,11.18
1748746993.45,-24.29,-2.28,145.09,1.11,Fwd,11.18
1748746993.46,-24.29,-3.19,145.09,1.11,Fwd,11.18
1748746993.46,-24.29,-3.19,148.66,1.11,Fwd,11.18
1748746993.46,-24.29,-3.19,148.66,0.88,Fwd,11.18
1748746993.46,-24.29,-3.19,148.66,0.88,Fwd,11.18
1748746993.48,-24.29,-3.19,148.66,0.88,Fwd,11.18
1748746993.49,-24.29,-3.19,148.66,0.88,Fwd,11.18
1748746993.52,-24.29,-3.19,148.66,0.88,Fwd,17.29
1748746993.56,-39.77,-3.19,148.66,0.88,Fwd,17.29
1748746993.59,-39.77,-1.65,148.66,0.88,Fwd,17.29
1748746993.63,-39.77,-1.65,147.39,0.88,Fwd,17.29
1748746993.63,-39.77,-1.65,147.39,1.97,Fwd,17.29
1748746993.63,-39.77,-1.65,147.39,1.97,Fwd,17.29
1748746993.63,-39.77,-1.65,147.39,1.97,Fwd,17.29
1748746993.63,-39.77,-1.65,147.39,1.97,Fwd,17.29
1748746993.63,-39.77,-1.65,147.39,1.97,Fwd,17.29
1748746993.64,-40.06,-1.65,147.39,1.97,Fwd,17.29
1748746993.64,-40.06,2.53,147.39,1.97,Fwd,17.29
1748746993.64,-40.06,2.53,148.91,1.97,Fwd,17.29
1748746993.64,-40.06,2.53,148.91,1.89,Fwd,17.29
1748746993.64,-40.06,2.53,148.91,1.89,Fwd,17.29
1748746993.64,-40.06,2.53,148.91,1.89,Fwd,17.29
1748746993.64,-40.06,2.53,148.91,1.89,Fwd,17.29
1748746993.73,-40.06,2.53,148.91,1.89,Fwd,17.29
1748746993.73,-26.64,2.53,148.91,1.89,Fwd,17.29
1748746993.73,-26.64,5.34,148.91,1.89,Fwd,17.29
1748746993.74,-26.64,5.34,158.00,1.89,Fwd,17.29
1748746993.74,-26.64,5.34,158.00,-1.95,Fwd,17.29
1748746993.74,-26.64,5.34,158.00,-1.95,Fwd,17.29
1748746993.74,-26.64,5.34,158.00,-1.95,Fwd,17.29
1748746993.74,-26.64,5.34,158.00,-1.95,Fwd,17.29
1748746993.84,-26.64,5.34,158.00,-1.95,Fwd,17.29
1748746993.84,-25.22,5.34,158.00,-1.95,Fwd,17.29
1748746993.84,-25.22,11.15,158.00,-1.95,Fwd,17.29
1748746993.85,-25.22,11.15,162.04,-1.95,Fwd,17.29
1748746993.85,-25.22,11.15,162.04,-2.10,Fwd,17.29
1748746993.85,-25.22,11.15,162.04,-2.10,Fwd,17.29
1748746993.85,-25.22,11.15,162.04,-2.10,Fwd,17.29
1748746993.85,-25.22,11.15,162.04,-2.10,Fwd,17.29
1748746993.94,-25.22,11.15,162.04,-2.10,Fwd,17.29
1748746994.02,-15.37,11.15,162.04,-2.10,Fwd,17.29
1748746994.02,-15.37,9.62,162.04,-2.10,Fwd,17.29
1748746994.02,-15.37,9.62,159.41,-2.10,Fwd,17.29
1748746994.02,-15.37,9.62,159.41,2.14,Fwd,17.29
1748746994.02,-15.37,9.62,159.41,2.14,Fwd,17.29
1748746994.03,-15.37,9.62,159.41,2.14,Fwd,17.29
1748746994.03,-15.37,9.62,159.41,2.14,Fwd,17.29
1748746994.03,-15.37,9.62,159.41,2.14,Fwd,17.29
1748746994.15,-15.37,9.62,159.41,2.14,Fwd,17.29
1748746994.19,-9.65,9.62,159.41,2.14,Fwd,17.29
1748746994.22,-9.65,4.94,159.41,2.14,Fwd,17.29
1748746994.29,-9.65,4.94,157.59,2.14,Fwd,17.29
1748746994.33,-9.65,4.94,157.59,-0.16,Fwd,17.29
1748746994.33,-9.65,4.94,157.59,-0.16,Fwd,17.29
1748746994.33,-9.65,4.94,157.59,-0.16,Fwd,17.29
1748746994.33,-9.65,4.94,157.59,-0.16,Fwd,17.29
1748746994.33,-9.65,4.94,157.59,-0.16,Fwd,17.29
1748746994.33,-10.29,4.94,157.59,-0.16,Fwd,17.29
1748746994.34,-10.29,0.51,157.59,-0.16,Fwd,17.29
1748746994.34,-10.29,0.51,159.52,-0.16,Fwd,17.29
1748746994.34,-10.29,0.51,159.52,0.67,Fwd,17.29
1748746994.34,-10.29,0.51,159.52,0.67,Fwd,17.29
1748746994.36,-10.29,0.51,159.52,0.67,Fwd,17.29
1748746994.40,-10.29,0.51,159.52,0.67,Fwd,17.29
1748746994.50,-10.29,0.51,159.52,0.67,Fwd,17.29
1748746994.54,-10.96,0.51,159.52,0.67,Fwd,17.29
1748746994.54,-10.96,-2.09,159.52,0.67,Fwd,17.29
1748746994.54,-10.96,-2.09,168.13,0.67,Fwd,17.29
1748746994.55,-10.96,-2.09,168.13,0.75,Fwd,17.29
1748746994.55,-10.96,-2.09,168.13,0.75,Fwd,17.29
1748746994.55,-10.96,-2.09,168.13,0.75,Fwd,17.29
1748746994.55,-10.96,-2.09,168.13,0.75,Fwd,17.29
1748746994.55,-10.96,-2.09,168.13,0.75,Fwd,4.67
1748746994.55,-8.50,-2.09,168.13,0.75,Fwd,4.67
1748746994.57,-8.50,-2.09,168.13,0.92,Fwd,4.67
1748746994.57,-8.50,-2.09,168.13,0.92,Fwd,4.67
1748746994.57,-8.50,-2.09,168.13,0.92,Fwd,4.67
1748746994.57,-8.50,-2.09,168.13,0.92,Fwd,4.67
1748746994.57,-8.50,-2.09,168.13,0.92,Fwd,4.67
1748746994.57,-6.26,-2.09,168.13,0.92,Fwd,4.67
1748746994.61,-6.26,-1.94,168.13,0.92,Fwd,4.67
1748746994.64,-6.26,-1.94,170.47,0.92,Fwd,4.67
1748746994.64,-6.26,-1.94,170.47,1.34,Fwd,4.67
1748746994.64,-6.26,-1.94,170.47,1.34,Fwd,4.67
1748746994.65,-6.26,-1.94,170.47,1.34,Fwd,4.67
1748746994.65,-6.26,-1.94,170.47,1.34,Fwd,4.67
1748746994.65,-6.26,-1.94,170.47,1.34,Fwd,4.67
1748746994.65,-4.54,-1.94,170.47,1.34,Fwd,4.67
1748746994.65,-4.54,-1.16,170.47,1.34,Fwd,4.67
1748746994.65,-4.54,-1.16,172.32,1.34,Fwd,4.67
1748746994.65,-4.54,-1.16,172.32,1.11,Fwd,4.67
1748746994.68,-4.54,-1.16,172.32,1.11,Fwd,4.67
1748746994.68,-4.54,-1.16,172.32,1.11,Fwd,4.67
1748746994.68,-4.54,-1.16,172.32,1.11,Fwd,4.67
1748746994.75,-4.54,-1.16,172.32,1.11,Fwd,4.67
1748746994.75,-3.17,-1.16,172.32,1.11,Fwd,4.67
1748746994.75,-3.17,-0.58,172.32,1.11,Fwd,4.67
1748746994.76,-3.17,-0.58,173.96,1.11,Fwd,4.67
1748746994.76,-3.17,-0.58,173.96,0.81,Fwd,4.67
1748746994.76,-3.17,-0.58,173.96,0.81,Fwd,4.67
1748746994.76,-3.17,-0.58,173.96,0.81,Fwd,4.67
1748746994.76,-3.17,-0.58,173.96,0.81,Fwd,4.67
1748746994.85,-3.17,-0.58,173.96,0.81,Fwd,7.56
1748746994.86,-1.47,-0.58,173.96,0.81,Fwd,7.56
1748746994.86,-1.47,-0.63,173.96,0.81,Fwd,7.56
1748746994.86,-1.47,-0.63,176.05,0.81,Fwd,7.56
1748746994.86,-1.47,-0.63,176.05,0.97,Fwd,7.56
1748746994.86,-1.47,-0.63,176.05,0.97,Fwd,7.56
1748746994.86,-1.47,-0.63,176.05,0.97,Fwd,7.56
1748746994.86,-1.47,-0.63,176.05,0.97,Fwd,7.56
1748746994.92,-1.47,-0.63,176.05,0.97,Fwd,7.56
1748746994.95,-0.56,-0.63,176.05,0.97,Fwd,7.56
1748746994.99,-0.56,-0.57,176.05,0.97,Fwd,7.56
1748746995.00,-0.56,-0.57,178.35,0.97,Fwd,7.56
1748746995.00,-0.56,-0.57,178.35,0.99,Fwd,7.56
1748746995.00,-0.56,-0.57,178.35,0.99,Fwd,7.56
1748746995.00,-0.56,-0.57,178.35,0.99,Fwd,7.56
1748746995.00,-0.56,-0.57,178.35,0.99,Fwd,7.56
1748746995.03,-0.56,-0.57,178.35,0.99,Fwd,7.56
1748746995.03,0.43,-0.57,178.35,0.99,Fwd,7.56
1748746995.03,0.43,-0.33,178.35,0.99,Fwd,7.56
1748746995.04,0.43,-0.33,180.22,0.99,Fwd,7.56
1748746995.04,0.43,-0.33,180.22,0.95,Fwd,7.56
1748746995.04,0.43,-0.33,180.22,0.95,Fwd,7.56
1748746995.04,0.43,-0.33,180.22,0.95,Fwd,7.56
1748746995.04,0.43,-0.33,180.22,0.95,Fwd,7.56
1748746995.13,0.43,-0.33,180.22,0.95,Fwd,7.56
1748746995.17,1.26,-0.33,180.22,0.95,Fwd,7.56
1748746995.17,1.26,-0.02,180.22,0.95,Fwd,7.56
1748746995.17,1.26,-0.02,181.83,0.95,Fwd,7.56
1748746995.17,1.26,-0.02,181.83,1.08,Fwd,7.56
1748746995.17,1.26,-0.02,181.83,1.08,Fwd,7.56
1748746995.18,1.26,-0.02,181.83,1.08,Fwd,7.56
1748746995.18,1.26,-0.02,181.83,1.08,Fwd,7.56
1748746995.24,1.26,-0.02,181.83,1.08,Fwd,7.56
1748746995.24,2.26,-0.02,181.83,1.08,Fwd,7.56
1748746995.24,2.26,0.22,181.83,1.08,Fwd,7.56
1748746995.24,2.26,0.22,183.15,1.08,Fwd,7.56
1748746995.24,2.26,0.22,183.15,1.08,Fwd,7.56
1748746995.25,2.26,0.22,183.15,1.08,Fwd,7.56
1748746995.25,2.26,0.22,183.15,1.08,Fwd,7.56
1748746995.25,2.26,0.22,183.15,1.08,Fwd,7.56
1748746995.38,2.26,0.22,183.15,1.08,Fwd,7.56
1748746995.41,3.06,0.22,183.15,1.08,Fwd,7.56
1748746995.41,3.06,-0.04,183.15,1.08,Fwd,7.56
1748746995.42,3.06,-0.04,184.31,1.08,Fwd,7.56
1748746995.42,3.06,-0.04,184.31,0.99,Fwd,7.56
1748746995.42,3.06,-0.04,184.31,0.99,Fwd,7.56
1748746995.42,3.06,-0.04,184.31,0.99,Fwd,7.56
1748746995.42,3.06,-0.04,184.31,0.99,Fwd,7.56
1748746995.45,3.06,-0.04,184.31,0.99,Fwd,7.56
1748746995.48,3.32,-0.04,184.31,0.99,Fwd,7.56
1748746995.49,3.32,-0.19,184.31,0.99,Fwd,7.56
1748746995.49,3.32,-0.19,185.43,0.99,Fwd,7.56
1748746995.49,3.32,-0.19,185.43,1.02,Fwd,7.56
1748746995.49,3.32,-0.19,185.43,1.02,Fwd,7.56
1748746995.49,3.32,-0.19,185.43,1.02,Fwd,7.56
1748746995.49,3.32,-0.19,185.43,1.02,Fwd,7.56
1748746995.59,3.32,-0.19,185.43,1.02,Fwd,7.56
1748746995.59,2.90,-0.19,185.43,1.02,Fwd,7.56
1748746995.59,2.90,-0.18,185.43,1.02,Fwd,7.56
1748746995.59,2.90,-0.18,186.61,1.02,Fwd,7.56
1748746995.59,2.90,-0.18,186.61,0.95,Fwd,7.56
1748746995.59,2.90,-0.18,186.61,0.95,Fwd,7.56
1748746995.60,2.90,-0.18,186.61,0.95,Fwd,7.56
1748746995.60,2.90,-0.18,186.61,0.95,Fwd,7.56
1748746995.62,2.90,-0.18,186.61,0.95,Fwd,7.56
1748746995.62,1.90,-0.18,186.61,0.95,Fwd,7.56
1748746995.62,1.90,-0.51,186.61,0.95,Fwd,7.56
1748746995.62,1.90,-0.51,188.09,0.95,Fwd,7.56
1748746995.62,1.90,-0.51,188.09,0.98,Fwd,7.56
1748746995.69,1.90,-0.51,188.09,0.98,Fwd,7.56
1748746995.69,1.90,-0.51,188.09,0.98,Fwd,7.56
1748746995.70,1.90,-0.51,188.09,0.98,Fwd,7.56
1748746995.76,1.90,-0.51,188.09,0.98,Fwd,7.56
1748746995.80,1.42,-0.51,188.09,0.98,Fwd,7.56
1748746995.80,1.42,-1.02,188.09,0.98,Fwd,7.56
1748746995.81,1.42,-1.02,190.20,0.98,Fwd,7.56
1748746995.81,1.42,-1.02,190.20,0.96,Fwd,7.56
1748746995.81,1.42,-1.02,190.20,0.96,Fwd,7.56
1748746995.81,1.42,-1.02,190.20,0.96,Fwd,7.56
1748746995.81,1.42,-1.02,190.20,0.96,Fwd,7.56
1748746995.83,1.42,-1.02,190.20,0.96,Fwd,7.56
1748746995.87,1.20,-1.02,190.20,0.96,Fwd,7.56
1748746995.87,1.20,-1.55,190.20,0.96,Fwd,7.56
1748746995.87,1.20,-1.55,192.92,0.96,Fwd,7.56
1748746995.87,1.20,-1.55,192.92,1.00,Fwd,7.56
1748746995.87,1.20,-1.55,192.92,1.00,Fwd,7.56
1748746995.87,1.20,-1.55,192.92,1.00,Fwd,7.56
1748746995.87,1.20,-1.55,192.92,1.00,Fwd,7.56
1748746995.94,1.20,-1.55,192.92,1.00,Fwd,7.56
1748746995.94,1.21,-1.55,192.92,1.00,Fwd,7.56
1748746995.95,1.21,-2.08,192.92,1.00,Fwd,7.56
1748746995.95,1.21,-2.08,196.36,1.00,Fwd,7.56
1748746995.95,1.21,-2.08,196.36,0.97,Fwd,7.56
1748746995.95,1.21,-2.08,196.36,0.97,Fwd,7.56
1748746995.95,1.21,-2.08,196.36,0.97,Fwd,7.56
1748746995.95,1.21,-2.08,196.36,0.97,Fwd,7.56
1748746996.04,1.21,-2.08,196.36,0.97,Fwd,7.56
1748746996.04,1.36,-2.08,196.36,0.97,Fwd,7.56
1748746996.04,1.36,-2.65,196.36,0.97,Fwd,7.56
1748746996.11,1.36,-2.65,200.26,0.97,Fwd,7.56
1748746996.18,1.36,-2.65,200.26,0.98,Fwd,7.56
1748746996.21,1.36,-2.65,200.26,0.98,Fwd,7.56
1748746996.25,1.36,-2.65,200.26,0.98,Fwd,7.56
1748746996.32,1.36,-2.65,200.26,0.98,Fwd,7.56
1748746996.39,1.36,-2.65,200.26,0.98,Fwd,2.86
1748746996.53,1.41,-2.65,200.26,0.98,Fwd,2.86
1748746996.57,1.41,-3.04,200.26,0.98,Fwd,2.86
1748746996.57,1.41,-3.04,204.24,0.98,Fwd,2.86
1748746996.57,1.41,-3.04,204.24,1.00,Fwd,2.86
1748746996.57,1.41,-3.04,204.24,1.00,Fwd,2.86
1748746996.57,1.41,-3.04,204.24,1.00,Fwd,2.86
1748746996.57,1.41,-3.04,204.24,1.00,Fwd,2.86
1748746996.58,1.41,-3.04,204.24,1.00,Fwd,2.86
1748746996.58,1.18,-3.04,204.24,1.00,Fwd,2.86
1748746996.74,1.18,-3.67,204.24,1.00,Fwd,2.86
1748746996.84,1.18,-3.67,208.32,1.00,Fwd,2.86
1748746996.88,1.18,-3.67,208.32,0.97,Fwd,2.86
1748746996.88,1.18,-3.67,208.32,0.97,Fwd,2.86
1748746996.88,1.18,-3.67,208.32,0.97,Fwd,2.86
1748746996.91,1.18,-3.67,208.32,0.97,Fwd,2.86
1748746996.98,1.18,-3.67,208.32,0.97,Fwd,2.86
1748746996.98,1.06,-3.67,208.32,0.97,Fwd,2.86
1748746996.99,1.06,-4.03,208.32,0.97,Fwd,2.86
1748746996.99,1.06,-4.03,211.78,0.97,Fwd,2.86
1748746996.99,1.06,-4.03,211.78,0.96,Fwd,2.86
1748746996.99,1.06,-4.03,211.78,0.96,Fwd,2.86
1748746996.99,1.06,-4.03,211.78,0.96,Fwd,2.86
1748746996.99,1.06,-4.03,211.78,0.96,Fwd,2.86
1748746996.99,1.06,-4.03,211.78,0.96,Fwd,2.86
1748746996.99,0.88,-4.03,211.78,0.96,Fwd,2.86
1748746996.99,0.88,-3.32,211.78,0.96,Fwd,2.86
1748746997.02,0.88,-3.32,214.36,0.96,Fwd,2.86
1748746997.05,0.88,-3.32,214.36,0.97,Fwd,2.86
1748746997.06,0.88,-3.32,214.36,0.97,Fwd,2.86
1748746997.06,0.88,-3.32,214.36,0.97,Fwd,2.86
1748746997.06,0.88,-3.32,214.36,0.97,Fwd,2.86
1748746997.06,0.88,-3.32,214.36,0.97,Fwd,2.86
1748746997.06,0.88,-3.32,214.36,0.97,Fwd,2.86
1748746997.06,0.82,-3.32,214.36,0.97,Fwd,2.86
1748746997.06,0.82,-1.33,214.36,0.97,Fwd,2.86
1748746997.09,0.82,-1.33,221.09,0.97,Fwd,2.86
1748746997.13,0.82,-1.33,221.09,1.02,Fwd,2.86
1748746997.13,0.82,-1.33,221.09,1.02,Fwd,2.86
1748746997.13,0.82,-1.33,221.09,1.02,Fwd,2.86
1748746997.13,0.82,-1.33,221.09,1.02,Fwd,2.86
1748746997.13,0.82,-1.33,221.09,1.02,Fwd,2.86
1748746997.13,0.98,-1.33,221.09,1.02,Fwd,2.86
1748746997.13,0.98,-1.42,221.09,1.02,Fwd,2.86
1748746997.13,0.98,-1.42,222.94,1.02,Fwd,2.86
1748746997.13,0.98,-1.42,222.94,1.00,Fwd,2.86
1748746997.13,0.98,-1.42,222.94,1.00,Fwd,2.86
1748746997.16,0.98,-1.42,222.94,1.00,Fwd,2.86
1748746997.19,0.98,-1.42,222.94,1.00,Fwd,2.86
1748746997.26,1.20,-1.42,222.94,1.00,Fwd,2.86
1748746997.30,1.20,-1.43,222.94,1.00,Fwd,2.86
1748746997.55,1.20,-1.43,224.77,1.00,Fwd,2.86
1748746997.55,1.20,-1.43,224.77,0.98,Fwd,2.86
1748746997.55,1.20,-1.43,224.77,0.98,Fwd,2.86
1748746997.55,1.20,-1.43,224.77,0.98,Fwd,2.86
1748746997.55,1.20,-1.43,224.77,0.98,Fwd,2.86
1748746997.55,1.20,-1.43,224.77,0.98,Fwd,2.86
1748746997.58,1.13,-1.43,224.77,0.98,Fwd,2.86
1748746997.61,1.13,-1.48,224.77,0.98,Fwd,2.86
1748746997.62,1.13,-1.48,226.66,0.98,Fwd,2.86
1748746997.62,1.13,-1.48,226.66,0.95,Fwd,2.86
1748746997.83,1.13,-1.48,226.66,0.95,Fwd,2.86
1748746997.86,1.13,-1.48,226.66,0.95,Fwd,2.86
1748746997.86,1.13,-1.48,226.66,0.95,Fwd,2.86
1748746998.08,1.13,-1.48,226.66,0.95,Fwd,2.86
1748746998.08,0.87,-1.48,226.66,0.95,Fwd,2.86
1748746998.08,0.87,-1.76,226.66,0.95,Fwd,2.86
1748746998.08,0.87,-1.76,228.79,0.95,Fwd,2.86
1748746998.08,0.87,-1.76,228.79,0.95,Fwd,2.86
1748746998.08,0.87,-1.76,228.79,0.95,Fwd,2.86
1748746998.08,0.87,-1.76,228.79,0.95,Fwd,2.86
1748746998.08,0.87,-1.76,228.79,0.95,Fwd,2.86
1748746998.18,0.87,-1.76,228.79,0.95,Fwd,2.86
1748746998.21,0.86,-1.76,228.79,0.95,Fwd,2.86
1748746998.25,0.86,-2.11,228.79,0.95,Fwd,2.86
1748746998.26,0.86,-2.11,231.06,0.95,Fwd,2.86
1748746998.26,0.86,-2.11,231.06,1.05,Fwd,2.86
1748746998.26,0.86,-2.11,231.06,1.05,Fwd,2.86
1748746998.26,0.86,-2.11,231.06,1.05,Fwd,2.86
1748746998.26,0.86,-2.11,231.06,1.05,Fwd,2.86
1748746998.26,0.86,-2.11,231.06,1.05,Fwd,2.86
1748746998.27,0.33,-2.11,231.06,1.05,Fwd,2.86
1748746998.27,0.33,-0.35,231.06,1.05,Fwd,2.86
1748746998.27,0.33,-0.35,236.36,1.05,Fwd,2.86
1748746998.27,0.33,-0.35,236.36,1.03,Fwd,2.86
1748746998.28,0.33,-0.35,236.36,1.03,Fwd,2.86
1748746998.28,0.37,-0.35,236.36,1.03,Fwd,2.86
1748746998.28,0.37,0.20,236.36,1.03,Fwd,2.86
1748746998.32,0.37,0.20,235.35,1.03,Fwd,2.86
1748746998.32,0.37,0.20,235.35,0.96,Fwd,2.86
1748746998.35,0.37,0.20,235.35,0.96,Fwd,1.86
1748746998.39,0.34,0.20,235.35,0.96,Fwd,1.86
1748746998.42,0.34,1.89,235.35,0.96,Fwd,1.86
1748746998.43,0.34,1.89,230.87,0.96,Fwd,1.86
1748746998.43,0.34,1.89,230.87,0.97,Fwd,1.86
1748746998.43,0.34,1.89,230.87,0.97,Fwd,1.86
1748746998.43,0.34,1.89,230.87,0.97,Fwd,1.86
1748746998.43,0.34,1.89,230.87,0.97,Fwd,1.86
1748746998.43,0.34,1.89,230.87,0.97,Fwd,1.86
1748746998.46,0.57,1.89,230.87,0.97,Fwd,1.86
1748746998.60,0.57,1.58,230.87,0.97,Fwd,1.86
1748746998.77,0.57,1.58,230.05,0.97,Fwd,1.86
1748746998.88,0.57,1.58,230.05,0.95,Fwd,1.86
1748746999.05,0.57,1.58,230.05,0.95,Fwd,1.86
1748746999.08,0.57,1.58,230.05,0.95,Fwd,1.86
1748746999.30,0.57,1.58,230.05,0.95,Fwd,1.86
1748746999.37,0.57,1.58,230.05,0.95,Fwd,1.86
1748746999.37,0.78,1.58,230.05,0.95,Fwd,1.86
1748746999.37,0.78,0.80,230.05,0.95,Fwd,1.86
1748746999.37,0.78,0.80,229.88,0.95,Fwd,1.86
1748746999.37,0.78,0.80,229.88,0.99,Fwd,1.86
1748746999.38,0.78,0.80,229.88,0.99,Fwd,1.86
1748746999.38,0.78,0.80,229.88,0.99,Fwd,1.86
1748746999.38,0.78,0.80,229.88,0.99,Fwd,1.86
1748746999.38,0.78,0.80,229.88,0.99,Fwd,1.86
1748746999.40,0.78,0.80,230.04,0.99,Fwd,1.86
1748746999.72,0.78,0.80,230.04,0.99,Fwd,1.86
1748746999.75,0.78,0.80,230.04,0.99,Fwd,1.86
1748746999.82,0.78,0.80,230.04,0.99,Fwd,1.86
1748747000.03,0.78,0.80,230.04,0.99,Fwd,1.86