1748795271.24,-2.74,3.12,330.34,1.03,Fwd,7.70
1748795271.27,-2.89,3.12,330.34,1.03,Fwd,7.70
1748795271.27,-2.89,3.07,330.34,1.03,Fwd,7.70
1748795271.27,-2.89,3.07,338.56,1.03,Fwd,7.70
1748795271.27,-2.89,3.07,338.56,1.06,Fwd,7.70
1748795271.27,-2.89,3.07,338.56,1.06,Fwd,7.70
1748795271.27,-2.89,3.07,338.56,1.06,Fwd,7.70
1748795271.28,-2.89,3.07,338.56,1.06,Fwd,7.70
1748795271.30,-2.89,3.07,338.56,1.06,Fwd,7.32
1748795271.30,-2.89,3.07,338.56,1.06,Fwd,7.32
1748795271.30,-2.89,2.78,338.56,1.06,Fwd,7.32
1748795271.31,-2.89,2.78,346.78,1.06,Fwd,7.32
1748795271.31,-2.89,2.78,346.78,0.96,Fwd,7.32
1748795271.31,-2.89,2.78,346.78,0.96,Fwd,7.32
1748795271.31,-2.89,2.78,346.78,0.96,Fwd,7.32
1748795271.31,-2.89,2.78,346.78,0.96,Fwd,7.32
1748795271.41,-2.89,2.78,346.78,0.96,Fwd,7.32
1748795271.41,-2.88,2.78,346.78,0.96,Fwd,7.32
1748795271.41,-2.88,2.47,346.78,0.96,Fwd,7.32
1748795271.44,-2.88,2.47,354.83,0.96,Fwd,7.32
1748795271.44,-2.88,2.47,354.83,1.00,Fwd,7.32
1748795271.44,-2.88,2.47,354.83,1.00,Fwd,7.32
1748795271.48,-2.88,2.47,354.83,1.00,Fwd,7.32
1748795271.48,-2.88,2.47,354.83,1.00,Fwd,7.32
1748795271.51,-2.88,2.47,354.83,1.00,Fwd,7.32
1748795271.51,-2.91,2.47,354.83,1.00,Fwd,7.32
1748795271.52,-2.91,1.83,354.83,1.00,Fwd,7.32
1748795271.52,-2.91,1.83,2.66,1.00,Fwd,7.32
1748795271.52,-2.91,1.83,2.66,1.00,Fwd,7.32
1748795271.52,-2.91,1.83,2.66,1.00,Fwd,7.32
1748795271.52,-2.91,1.83,2.66,1.00,Fwd,7.32
1748795271.52,-2.91,1.83,2.66,1.00,Fwd,7.32
1748795271.63,-2.91,1.83,2.66,1.00,Fwd,7.32
1748795271.63,-2.76,1.83,2.66,1.00,Fwd,7.32
1748795271.63,-2.76,1.52,2.66,1.00,Fwd,7.32
1748795271.64,-2.76,1.52,9.82,1.00,Fwd,7.32
1748795271.64,-2.76,1.52,9.82,0.93,Fwd,7.32
1748795271.64,-2.76,1.52,9.82,0.93,Fwd,7.32
1748795271.65,-2.76,1.52,9.82,0.93,Fwd,7.32
1748795271.69,-2.76,1.52,9.82,0.93,Fwd,7.32
1748795271.73,-2.76,1.52,9.82,0.93,Fwd,7.32
1748795271.73,-2.73,1.52,9.82,0.93,Fwd,7.32
1748795271.74,-2.73,1.35,9.82,0.93,Fwd,7.32
1748795271.74,-2.73,1.35,16.04,0.93,Fwd,7.32
1748795271.74,-2.73,1.35,16.04,1.01,Fwd,7.32
1748795271.74,-2.73,1.35,16.04,1.01,Fwd,7.32
1748795271.74,-2.73,1.35,16.04,1.01,Fwd,7.32
1748795271.75,-2.73,1.35,16.04,1.01,Fwd,7.32
1748795271.80,-2.73,1.35,16.04,1.01,Fwd,6.67
1748795271.83,-2.50,1.35,16.04,1.01,Fwd,6.67
1748795271.87,-2.50,1.55,16.04,1.01,Fwd,6.67
1748795271.90,-2.50,1.55,21.18,1.01,Fwd,6.67
1748795271.94,-2.50,1.55,21.18,0.92,Fwd,6.67
1748795271.94,-2.50,1.55,21.18,0.92,Fwd,6.67
1748795271.95,-2.50,1.55,21.18,0.92,Fwd,6.67
1748795271.95,-2.50,1.55,21.18,0.92,Fwd,6.67
1748795271.95,-2.50,1.55,21.18,0.92,Fwd,6.67
1748795271.95,-2.36,1.55,21.18,0.92,Fwd,6.67
1748795271.95,-2.36,1.97,21.18,0.92,Fwd,6.67
1748795271.95,-2.36,1.97,25.48,0.92,Fwd,6.67
1748795271.96,-2.36,1.97,25.48,0.92,Fwd,6.67
1748795271.96,-2.36,1.97,25.48,0.92,Fwd,6.67
1748795271.96,-2.36,1.97,25.48,0.92,Fwd,6.67
1748795272.01,-2.36,1.97,25.48,0.92,Fwd,6.67
1748795272.01,-2.32,1.97,25.48,0.92,Fwd,6.67
1748795272.01,-2.32,2.67,25.48,0.92,Fwd,6.67
1748795272.01,-2.32,2.67,29.36,0.92,Fwd,6.67
1748795272.02,-2.32,2.67,29.36,1.03,Fwd,6.67
1748795272.02,-2.32,2.67,29.36,1.03,Fwd,6.67
1748795272.02,-2.32,2.67,29.36,1.03,Fwd,6.67
1748795272.02,-2.32,2.67,29.36,1.03,Fwd,6.67
1748795272.12,-2.32,2.67,29.36,1.03,Fwd,6.67
1748795272.12,-2.17,2.67,29.36,1.03,Fwd,6.67
1748795272.12,-2.17,3.19,29.36,1.03,Fwd,6.67
1748795272.12,-2.17,3.19,33.15,1.03,Fwd,6.67
1748795272.13,-2.17,3.19,33.15,0.91,Fwd,6.67
1748795272.13,-2.17,3.19,33.15,0.91,Fwd,6.67
1748795272.13,-2.17,3.19,33.15,0.91,Fwd,6.67
1748795272.13,-2.17,3.19,33.15,0.91,Fwd,6.67
1748795272.22,-2.17,3.19,33.15,0.91,Fwd,6.67
1748795272.25,-2.12,3.19,33.15,0.91,Fwd,6.67
1748795272.29,-2.12,3.68,33.15,0.91,Fwd,6.67
1748795272.32,-2.12,3.68,36.98,0.91,Fwd,6.67
1748795272.36,-2.12,3.68,36.98,0.95,Fwd,6.67
1748795272.39,-2.12,3.68,36.98,0.95,Fwd,6.67
1748795272.43,-2.12,3.68,36.98,0.95,Fwd,6.67
1748795272.47,-2.12,3.68,36.98,0.95,Fwd,6.67
1748795272.47,-2.12,3.68,36.98,0.95,Fwd,6.67
1748795272.47,-2.24,3.68,36.98,0.95,Fwd,6.67
1748795272.48,-2.24,3.68,36.98,0.95,Fwd,6.67
1748795272.48,-2.24,3.68,46.06,0.95,Fwd,6.67
1748795272.48,-2.24,3.68,46.06,1.05,Fwd,6.67
1748795272.48,-2.24,3.68,46.06,1.05,Fwd,6.67
1748795272.48,-2.24,3.68,46.06,1.05,Fwd,6.67
1748795272.49,-2.24,3.68,46.06,1.05,Fwd,6.67
1748795272.49,-2.24,3.68,46.06,1.05,Fwd,6.28
1748795272.49,-2.06,3.68,46.06,1.05,Fwd,6.28
1748795272.49,-2.06,3.49,46.06,1.05,Fwd,6.28
1748795272.50,-2.06,3.49,46.06,1.05,Fwd,6.28
1748795272.50,-1.47,3.49,46.06,1.05,Fwd,6.28
1748795272.50,-1.47,2.64,46.06,1.05,Fwd,6.28
1748795272.50,-1.47,2.64,51.50,1.05,Fwd,6.28
1748795272.50,-1.47,2.64,51.50,1.03,Fwd,6.28
1748795272.50,-1.47,2.64,51.50,1.03,Fwd,6.28
1748795272.50,-1.47,2.64,51.50,1.03,Fwd,6.28
1748795272.50,-1.47,2.64,51.50,1.03,Fwd,6.28
1748795272.60,-1.47,2.64,51.50,1.03,Fwd,6.28
1748795272.64,-1.12,2.64,51.50,1.03,Fwd,6.28
1748795272.64,-1.12,1.59,51.50,1.03,Fwd,6.28
1748795272.65,-1.12,1.59,56.99,1.03,Fwd,6.28
1748795272.65,-1.12,1.59,56.99,1.03,Fwd,6.28
1748795272.65,-1.12,1.59,56.99,1.03,Fwd,6.28
1748795272.65,-1.12,1.59,56.99,1.03,Fwd,6.28
1748795272.66,-1.12,1.59,56.99,1.03,Fwd,6.28
1748795272.71,-1.12,1.59,56.99,1.03,Fwd,6.28
1748795272.71,-1.05,1.59,56.99,1.03,Fwd,6.28
1748795272.72,-1.05,0.47,56.99,1.03,Fwd,6.28
1748795272.72,-1.05,0.47,62.54,1.03,Fwd,6.28
1748795272.72,-1.05,0.47,62.54,0.98,Fwd,6.28
1748795272.72,-1.05,0.47,62.54,0.98,Fwd,6.28
1748795272.72,-1.05,0.47,62.54,0.98,Fwd,6.28
1748795272.72,-1.05,0.47,62.54,0.98,Fwd,6.28
1748795272.81,-1.05,0.47,62.54,0.98,Fwd,6.28
1748795272.85,-1.85,0.47,62.54,0.98,Fwd,6.28
1748795272.86,-1.85,-1.87,62.54,0.98,Fwd,6.28
1748795272.86,-1.85,-1.87,68.79,0.98,Fwd,6.28
1748795272.86,-1.85,-1.87,68.79,1.04,Fwd,6.28
1748795272.86,-1.85,-1.87,68.79,1.04,Fwd,6.28
1748795272.86,-1.85,-1.87,68.79,1.04,Fwd,6.28
1748795272.86,-1.85,-1.87,68.79,1.04,Fwd,6.28
1748795272.92,-1.85,-1.87,68.79,1.04,Fwd,6.28
1748795272.92,-3.53,-1.87,68.79,1.04,Fwd,6.28
1748795272.92,-3.53,-5.09,68.79,1.04,Fwd,6.28
1748795272.92,-3.53,-5.09,76.63,1.04,Fwd,6.28
1748795272.92,-3.53,-5.09,76.63,1.15,Fwd,6.28
1748795272.93,-3.53,-5.09,76.63,1.15,Fwd,6.28
1748795272.93,-3.53,-5.09,76.63,1.15,Fwd,6.28
1748795272.93,-3.53,-5.09,76.63,1.15,Fwd,6.28
1748795273.02,-3.53,-5.09,76.63,1.15,Fwd,6.44
1748795273.03,-4.84,-5.09,76.63,1.15,Fwd,6.44
1748795273.03,-4.84,-8.52,76.63,1.15,Fwd,6.44
1748795273.03,-4.84,-8.52,86.24,1.15,Fwd,6.44
1748795273.03,-4.84,-8.52,86.24,1.07,Fwd,6.44
1748795273.03,-4.84,-8.52,86.24,1.07,Fwd,6.44
1748795273.03,-4.84,-8.52,86.24,1.07,Fwd,6.44
1748795273.03,-4.84,-8.52,86.24,1.07,Fwd,6.44
1748795273.13,-4.84,-8.52,86.24,1.07,Fwd,6.44
1748795273.13,-4.63,-8.52,86.24,1.07,Fwd,6.44
1748795273.14,-4.63,-10.75,86.24,1.07,Fwd,6.44
1748795273.14,-4.63,-10.75,95.64,1.07,Fwd,6.44
1748795273.14,-4.63,-10.75,95.64,1.02,Fwd,6.44
1748795273.15,-4.63,-10.75,95.64,1.02,Fwd,6.44
1748795273.15,-4.63,-10.75,95.64,1.02,Fwd,6.44
1748795273.15,-4.63,-10.75,95.64,1.02,Fwd,6.44
1748795273.20,-4.63,-10.75,95.64,1.02,Fwd,6.44
1748795273.23,-4.16,-10.75,95.64,1.02,Fwd,6.44
1748795273.27,-4.16,-12.20,95.64,1.02,Fwd,6.44
1748795273.27,-4.16,-12.20,103.16,1.02,Fwd,6.44
1748795273.28,-4.16,-12.20,103.16,0.90,Fwd,6.44
1748795273.28,-4.16,-12.20,103.16,0.90,Fwd,6.44
1748795273.28,-4.16,-12.20,103.16,0.90,Fwd,6.44
1748795273.28,-4.16,-12.20,103.16,0.90,Fwd,6.44
1748795273.30,-4.16,-12.20,103.16,0.90,Fwd,6.44
1748795273.30,-2.83,-12.20,103.16,0.90,Fwd,6.44
1748795273.30,-2.83,-13.27,103.16,0.90,Fwd,6.44
1748795273.30,-2.83,-13.27,107.75,0.90,Fwd,6.44
1748795273.31,-2.83,-13.27,107.75,1.04,Fwd,6.44
1748795273.31,-2.83,-13.27,107.75,1.04,Fwd,6.44
1748795273.31,-2.83,-13.27,107.75,1.04,Fwd,6.44
1748795273.31,-2.83,-13.27,107.75,1.04,Fwd,6.44
1748795273.41,-2.83,-13.27,107.75,1.04,Fwd,6.44
1748795273.44,-1.31,-13.27,107.75,1.04,Fwd,6.44
1748795273.48,-1.31,-12.96,107.75,1.04,Fwd,6.44
1748795273.48,-1.31,-12.96,109.57,1.04,Fwd,6.44
1748795273.48,-1.31,-12.96,109.57,0.98,Fwd,6.44
1748795273.49,-1.31,-12.96,109.57,0.98,Fwd,6.44
1748795273.49,-1.31,-12.96,109.57,0.98,Fwd,6.44
1748795273.49,-1.31,-12.96,109.57,0.98,Fwd,6.44
1748795273.51,-1.31,-12.96,109.57,0.98,Fwd,6.44
1748795273.51,-1.59,-12.96,109.57,0.98,Fwd,6.44
1748795273.51,-1.59,-11.28,109.57,0.98,Fwd,6.44
1748795273.52,-1.59,-11.28,109.99,0.98,Fwd,6.44
1748795273.52,-1.59,-11.28,109.99,0.88,Fwd,6.44
1748795273.52,-1.59,-11.28,109.99,0.88,Fwd,6.44
1748795273.52,-1.59,-11.28,109.99,0.88,Fwd,6.44
1748795273.52,-1.59,-11.28,109.99,0.88,Fwd,6.44
1748795273.62,-1.59,-11.28,109.99,0.88,Fwd,6.55
1748795273.62,-2.49,-11.28,109.99,0.88,Fwd,6.55
1748795273.62,-2.49,-11.02,109.99,0.88,Fwd,6.55
1748795273.63,-2.49,-11.02,109.52,0.88,Fwd,6.55
1748795273.63,-2.49,-11.02,109.52,1.01,Fwd,6.55
1748795273.63,-2.49,-11.02,109.52,1.01,Fwd,6.55
1748795273.64,-2.49,-11.02,109.52,1.01,Fwd,6.55
1748795273.64,-2.49,-11.02,109.52,1.01,Fwd,6.55
1748795273.72,-2.49,-11.02,109.52,1.01,Fwd,6.55
1748795273.73,-5.38,-11.02,109.52,1.01,Fwd,6.55
1748795273.73,-5.38,-9.06,109.52,1.01,Fwd,6.55
1748795273.74,-5.38,-9.06,108.41,1.01,Fwd,6.55
1748795273.74,-5.38,-9.06,108.41,0.99,Fwd,6.55
1748795273.74,-5.38,-9.06,108.41,0.99,Fwd,6.55
1748795273.75,-5.38,-9.06,108.41,0.99,Fwd,6.55
1748795273.79,-5.38,-9.06,108.41,0.99,Fwd,6.55
1748795273.83,-5.38,-9.06,108.41,0.99,Fwd,6.55
1748795273.83,-7.13,-9.06,108.41,0.99,Fwd,6.55
1748795273.83,-7.13,-7.47,108.41,0.99,Fwd,6.55
1748795273.84,-7.13,-7.47,105.64,0.99,Fwd,6.55
1748795273.84,-7.13,-7.47,105.64,1.17,Fwd,6.55
1748795273.84,-7.13,-7.47,105.64,1.17,Fwd,6.55
1748795273.84,-7.13,-7.47,105.64,1.17,Fwd,6.55
1748795273.84,-7.13,-7.47,105.64,1.17,Fwd,6.55
1748795273.90,-7.13,-7.47,105.64,1.17,Fwd,6.55
1748795273.90,-5.72,-7.47,105.64,1.17,Fwd,6.55
1748795273.91,-5.72,-7.25,105.64,1.17,Fwd,6.55
1748795273.91,-5.72,-7.25,101.31,1.17,Fwd,6.55
1748795273.91,-5.72,-7.25,101.31,0.94,Fwd,6.55
1748795273.91,-5.72,-7.25,101.31,0.94,Fwd,6.55
1748795273.92,-5.72,-7.25,101.31,0.94,Fwd,6.55
1748795273.92,-5.72,-7.25,101.31,0.94,Fwd,6.55
1748795274.01,-5.72,-7.25,101.31,0.94,Fwd,8.89
1748795274.01,-3.39,-7.25,101.31,0.94,Fwd,8.89
1748795274.01,-3.39,-8.48,101.31,0.94,Fwd,8.89
1748795274.01,-3.39,-8.48,96.39,0.94,Fwd,8.89
1748795274.01,-3.39,-8.48,96.39,0.80,Fwd,8.89
1748795274.02,-3.39,-8.48,96.39,0.80,Fwd,8.89
1748795274.02,-3.39,-8.48,96.39,0.80,Fwd,8.89
1748795274.02,-3.39,-8.48,96.39,0.80,Fwd,8.89
1748795274.11,-3.39,-8.48,96.39,0.80,Fwd,8.89
1748795274.11,-3.84,-8.48,96.39,0.80,Fwd,8.89
1748795274.11,-3.84,-11.45,96.39,0.80,Fwd,8.89
1748795274.12,-3.84,-11.45,91.40,0.80,Fwd,8.89
1748795274.12,-3.84,-11.45,91.40,1.07,Fwd,8.89
1748795274.12,-3.84,-11.45,91.40,1.07,Fwd,8.89
1748795274.12,-3.84,-11.45,91.40,1.07,Fwd,8.89
1748795274.12,-3.84,-11.45,91.40,1.07,Fwd,8.89
1748795274.22,-3.84,-11.45,91.40,1.07,Fwd,8.89
1748795274.22,-5.40,-11.45,91.40,1.07,Fwd,8.89
1748795274.22,-5.40,-9.63,91.40,1.07,Fwd,8.89
1748795274.22,-5.40,-9.63,84.68,1.07,Fwd,8.89
1748795274.23,-5.40,-9.63,84.68,1.13,Fwd,8.89
1748795274.23,-5.40,-9.63,84.68,1.13,Fwd,8.89
1748795274.23,-5.40,-9.63,84.68,1.13,Fwd,8.89
1748795274.23,-5.40,-9.63,84.68,1.13,Fwd,8.89
1748795274.32,-5.40,-9.63,84.68,1.13,Fwd,8.89
1748795274.36,-4.46,-9.63,84.68,1.13,Fwd,8.89
1748795274.36,-4.46,-7.15,84.68,1.13,Fwd,8.89
1748795274.36,-4.46,-7.15,75.77,1.13,Fwd,8.89
1748795274.36,-4.46,-7.15,75.77,1.03,Fwd,8.89
1748795274.37,-4.46,-7.15,75.77,1.03,Fwd,8.89
1748795274.37,-4.46,-7.15,75.77,1.03,Fwd,8.89
1748795274.37,-4.46,-7.15,75.77,1.03,Fwd,8.89
1748795274.42,-4.46,-7.15,75.77,1.03,Fwd,9.96
1748795274.42,-3.67,-7.15,75.77,1.03,Fwd,9.96
1748795274.42,-3.67,-3.05,75.77,1.03,Fwd,9.96
1748795274.43,-3.67,-3.05,67.93,1.03,Fwd,9.96
1748795274.43,-3.67,-3.05,67.93,0.72,Fwd,9.96
1748795274.43,-3.67,-3.05,67.93,0.72,Fwd,9.96
1748795274.43,-3.67,-3.05,67.93,0.72,Fwd,9.96
1748795274.43,-3.67,-3.05,67.93,0.72,Fwd,9.96
1748795274.53,-3.67,-3.05,67.93,0.72,Fwd,9.96
1748795274.53,-2.63,-3.05,67.93,0.72,Fwd,9.96
1748795274.53,-2.63,-2.37,67.93,0.72,Fwd,9.96
1748795274.53,-2.63,-2.37,64.01,0.72,Fwd,9.96
1748795274.54,-2.63,-2.37,64.01,1.43,Fwd,9.96
1748795274.54,-2.63,-2.37,64.01,1.43,Fwd,9.96
1748795274.54,-2.63,-2.37,64.01,1.43,Fwd,9.96
1748795274.54,-2.63,-2.37,64.01,1.43,Fwd,9.96
1748795274.60,-2.63,-2.37,64.01,1.43,Fwd,9.96
1748795274.63,-2.41,-2.37,64.01,1.43,Fwd,9.96
1748795274.64,-2.41,-1.77,64.01,1.43,Fwd,9.96
1748795274.64,-2.41,-1.77,61.56,1.43,Fwd,9.96
1748795274.64,-2.41,-1.77,61.56,0.80,Fwd,9.96
1748795274.64,-2.41,-1.77,61.56,0.80,Fwd,9.96
1748795274.64,-2.41,-1.77,61.56,0.80,Fwd,9.96
1748795274.64,-2.41,-1.77,61.56,0.80,Fwd,9.96
1748795274.71,-2.41,-1.77,61.56,0.80,Fwd,9.96
1748795274.71,-2.80,-1.77,61.56,0.80,Fwd,9.96
1748795274.71,-2.80,-0.77,61.56,0.80,Fwd,9.96
1748795274.72,-2.80,-0.77,59.55,0.80,Fwd,9.96
1748795274.72,-2.80,-0.77,59.55,1.21,Fwd,9.96
1748795274.72,-2.80,-0.77,59.55,1.21,Fwd,9.96
1748795274.72,-2.80,-0.77,59.55,1.21,Fwd,9.96
1748795274.72,-2.80,-0.77,59.55,1.21,Fwd,9.96
1748795274.81,-2.80,-0.77,59.55,1.21,Fwd,9.22
1748795274.81,-1.45,-0.77,59.55,1.21,Fwd,9.22
1748795274.81,-1.45,-0.58,59.55,1.21,Fwd,9.22
1748795274.82,-1.45,-0.58,58.28,1.21,Fwd,9.22
1748795274.82,-1.45,-0.58,58.28,0.66,Fwd,9.22
1748795274.82,-1.45,-0.58,58.28,0.66,Fwd,9.22
1748795274.82,-1.45,-0.58,58.28,0.66,Fwd,9.22
1748795274.83,-1.45,-0.58,58.28,0.66,Fwd,9.22
1748795274.91,-1.45,-0.58,58.28,0.66,Fwd,9.22
1748795274.92,-0.46,-0.58,58.28,0.66,Fwd,9.22
1748795274.92,-0.46,0.89,58.28,0.66,Fwd,9.22
1748795274.92,-0.46,0.89,57.05,0.66,Fwd,9.22
1748795274.92,-0.46,0.89,57.05,1.12,Fwd,9.22
1748795274.93,-0.46,0.89,57.05,1.12,Fwd,9.22
1748795274.93,-0.46,0.89,57.05,1.12,Fwd,9.22
1748795274.93,-0.46,0.89,57.05,1.12,Fwd,9.22
1748795275.02,-0.46,0.89,57.05,1.12,Fwd,9.22
1748795275.05,-0.81,0.89,57.05,1.12,Fwd,9.22
1748795275.06,-0.81,1.53,57.05,1.12,Fwd,9.22
1748795275.06,-0.81,1.53,56.50,1.12,Fwd,9.22
1748795275.06,-0.81,1.53,56.50,0.91,Fwd,9.22
1748795275.06,-0.81,1.53,56.50,0.91,Fwd,9.22
1748795275.06,-0.81,1.53,56.50,0.91,Fwd,9.22
1748795275.06,-0.81,1.53,56.50,0.91,Fwd,9.22
1748795275.12,-0.81,1.53,56.50,0.91,Fwd,9.22
1748795275.16,-1.90,1.53,56.50,0.91,Fwd,9.22
1748795275.16,-1.90,2.05,56.50,0.91,Fwd,9.22
1748795275.16,-1.90,2.05,56.60,0.91,Fwd,9.22
1748795275.17,-1.90,2.05,56.60,0.89,Fwd,9.22
1748795275.17,-1.90,2.05,56.60,0.89,Fwd,9.22
1748795275.17,-1.90,2.05,56.60,0.89,Fwd,9.22
1748795275.17,-1.90,2.05,56.60,0.89,Fwd,9.22
1748795275.23,-1.90,2.05,56.60,0.89,Fwd,8.68
1748795275.24,-5.40,2.05,56.60,0.89,Fwd,8.68
1748795275.24,-5.40,2.99,56.60,0.89,Fwd,8.68
1748795275.24,-5.40,2.99,56.58,0.89,Fwd,8.68
1748795275.24,-5.40,2.99,56.58,0.93,Fwd,8.68
1748795275.24,-5.40,2.99,56.58,0.93,Fwd,8.68
1748795275.25,-5.40,2.99,56.58,0.93,Fwd,8.68
1748795275.25,-5.40,2.99,56.58,0.93,Fwd,8.68
1748795275.29,-5.40,2.99,56.58,0.93,Fwd,8.68
1748795275.29,-9.35,2.99,56.58,0.93,Fwd,8.68
1748795275.30,-9.35,3.92,56.58,0.93,Fwd,8.68
1748795275.30,-9.35,3.92,56.00,0.93,Fwd,8.68
1748795275.30,-9.35,3.92,56.00,0.67,Fwd,8.68
1748795275.30,-9.35,3.92,56.00,0.67,Fwd,8.68
1748795275.30,-9.35,3.92,56.00,0.67,Fwd,8.68
1748795275.31,-9.35,3.92,56.00,0.67,Fwd,8.68
1748795275.40,-9.35,3.92,56.00,0.67,Fwd,8.68
1748795275.40,-13.26,3.92,56.00,0.67,Fwd,8.68
1748795275.40,-13.26,5.15,56.00,0.67,Fwd,8.68
1748795275.40,-13.26,5.15,55.60,0.67,Fwd,8.68
1748795275.41,-13.26,5.15,55.60,1.19,Fwd,8.68
1748795275.41,-13.26,5.15,55.60,1.19,Fwd,8.68
1748795275.43,-13.26,5.15,55.60,1.19,Fwd,8.68
1748795275.43,-13.26,5.15,55.60,1.19,Fwd,8.68
1748795275.50,-13.26,5.15,55.60,1.19,Fwd,15.56
1748795275.51,-25.20,5.15,55.60,1.19,Fwd,15.56
1748795275.51,-25.20,7.60,55.60,1.19,Fwd,15.56
1748795275.51,-25.20,7.60,59.70,1.19,Fwd,15.56
1748795275.51,-25.20,7.60,59.70,1.57,Fwd,15.56
1748795275.51,-25.20,7.60,59.70,1.57,Fwd,15.56
1748795275.51,-25.20,7.60,59.70,1.57,Fwd,15.56
1748795275.51,-25.20,7.60,59.70,1.57,Fwd,15.56
1748795275.61,-25.20,7.60,59.70,1.57,Fwd,15.56
1748795275.61,-39.03,7.60,59.70,1.57,Fwd,15.56
1748795275.61,-39.03,5.33,59.70,1.57,Fwd,15.56
1748795275.61,-39.03,5.33,65.91,1.57,Fwd,15.56
1748795275.61,-39.03,5.33,65.91,1.45,Fwd,15.56
1748795275.61,-39.03,5.33,65.91,1.45,Fwd,15.56
1748795275.61,-39.03,5.33,65.91,1.45,Fwd,15.56
1748795275.62,-39.03,5.33,65.91,1.45,Fwd,15.56
1748795275.71,-39.03,5.33,65.91,1.45,Fwd,15.56
1748795275.71,-40.82,5.33,65.91,1.45,Fwd,15.56
1748795275.72,-40.82,5.93,65.91,1.45,Fwd,15.56
1748795275.72,-40.82,5.93,67.92,1.45,Fwd,15.56
1748795275.72,-40.82,5.93,67.92,0.57,Fwd,15.56
1748795275.72,-40.82,5.93,67.92,0.57,Fwd,15.56
1748795275.72,-40.82,5.93,67.92,0.57,Fwd,15.56
1748795275.72,-40.82,5.93,67.92,0.57,Fwd,15.56
1748795275.82,-40.82,5.93,67.92,0.57,Fwd,15.56
1748795275.86,-24.24,5.93,67.92,0.57,Fwd,15.56
1748795275.89,-24.24,1.99,67.92,0.57,Fwd,15.56
1748795275.90,-24.24,1.99,68.38,0.57,Fwd,15.56
1748795275.90,-24.24,1.99,68.38,-0.27,Fwd,15.56
1748795275.90,-24.24,1.99,68.38,-0.27,Fwd,15.56
1748795275.90,-24.24,1.99,68.38,-0.27,Fwd,15.56
1748795275.90,-24.24,1.99,68.38,-0.27,Fwd,15.56
1748795275.92,-24.24,1.99,68.38,-0.27,Fwd,15.56
1748795275.93,-8.32,1.99,68.38,-0.27,Fwd,15.56
1748795275.93,-8.32,0.27,68.38,-0.27,Fwd,15.56
1748795275.93,-8.32,0.27,65.47,-0.27,Fwd,15.56
1748795275.93,-8.32,0.27,65.47,-1.13,Fwd,15.56
1748795275.93,-8.32,0.27,65.47,-1.13,Fwd,15.56
1748795275.93,-8.32,0.27,65.47,-1.13,Fwd,15.56
1748795275.93,-8.32,0.27,65.47,-1.13,Fwd,15.56
1748795276.00,-8.32,0.27,65.47,-1.13,Fwd,6.73
1748795276.00,-5.37,0.27,65.47,-1.13,Fwd,6.73
1748795276.01,-5.37,-0.73,65.47,-1.13,Fwd,6.73
1748795276.01,-5.37,-0.73,63.06,-1.13,Fwd,6.73
1748795276.01,-5.37,-0.73,63.06,-1.80,Fwd,6.73
1748795276.01,-5.37,-0.73,63.06,-1.80,Fwd,6.73
1748795276.01,-5.37,-0.73,63.06,-1.80,Fwd,6.73
1748795276.02,-5.37,-0.73,63.06,-1.80,Fwd,6.73
1748795276.10,-5.37,-0.73,63.06,-1.80,Fwd,6.73
1748795276.11,-9.67,-0.73,63.06,-1.80,Fwd,6.73
1748795276.11,-9.67,-1.40,63.06,-1.80,Fwd,6.73
1748795276.11,-9.67,-1.40,63.66,-1.80,Fwd,6.73
1748795276.11,-9.67,-1.40,63.66,2.66,Fwd,6.73
1748795276.11,-9.67,-1.40,63.66,2.66,Fwd,6.73
1748795276.12,-9.67,-1.40,63.66,2.66,Fwd,6.73
1748795276.12,-9.67,-1.40,63.66,2.66,Fwd,6.73
1748795276.12,-9.67,-1.40,63.66,2.66,Fwd,6.73
1748795276.21,-9.67,-1.40,63.66,2.66,Fwd,6.73
1748795276.21,-10.06,-1.40,63.66,2.66,Fwd,6.73
1748795276.22,-10.06,0.54,63.66,2.66,Fwd,6.73
1748795276.22,-10.06,0.54,64.00,2.66,Fwd,6.73
1748795276.22,-10.06,0.54,64.00,1.53,Fwd,6.73
1748795276.23,-10.06,0.54,64.00,1.53,Fwd,6.73
1748795276.24,-10.06,0.54,64.00,1.53,Fwd,6.73
1748795276.24,-10.06,0.54,64.00,1.53,Fwd,6.73
1748795276.31,-10.06,0.54,64.00,1.53,Fwd,6.73
1748795276.31,-9.10,0.54,64.00,1.53,Fwd,6.73
1748795276.31,-9.10,1.95,64.00,1.53,Fwd,6.73
1748795276.31,-9.10,1.95,63.53,1.53,Fwd,6.73
1748795276.31,-9.10,1.95,63.53,0.84,Fwd,6.73
1748795276.31,-9.10,1.95,63.53,0.84,Fwd,6.73
1748795276.32,-9.10,1.95,63.53,0.84,Fwd,6.73
1748795276.32,-9.10,1.95,63.53,0.84,Fwd,6.73
1748795276.42,-9.10,1.95,63.53,0.84,Fwd,8.79
1748795276.42,-8.08,1.95,63.53,0.84,Fwd,8.79
1748795276.42,-8.08,4.44,63.53,0.84,Fwd,8.79
1748795276.42,-8.08,4.44,61.75,0.84,Fwd,8.79
1748795276.42,-8.08,4.44,61.75,0.80,Fwd,8.79
1748795276.42,-8.08,4.44,61.75,0.80,Fwd,8.79
1748795276.42,-8.08,4.44,61.75,0.80,Fwd,8.79
1748795276.42,-8.08,4.44,61.75,0.80,Fwd,8.79
1748795276.52,-8.08,4.44,61.75,0.80,Fwd,8.79
1748795276.52,-6.38,4.44,61.75,0.80,Fwd,8.79
1748795276.52,-6.38,7.34,61.75,0.80,Fwd,8.79
1748795276.52,-6.38,7.34,59.01,0.80,Fwd,8.79
1748795276.52,-6.38,7.34,59.01,0.92,Fwd,8.79
1748795276.52,-6.38,7.34,59.01,0.92,Fwd,8.79
1748795276.55,-6.38,7.34,59.01,0.92,Fwd,8.79
1748795276.56,-6.38,7.34,59.01,0.92,Fwd,8.79
1748795276.63,-6.38,7.34,59.01,0.92,Fwd,8.79
1748795276.63,-5.63,7.34,59.01,0.92,Fwd,8.79
1748795276.63,-5.63,8.62,59.01,0.92,Fwd,8.79
1748795276.63,-5.63,8.62,55.79,0.92,Fwd,8.79
1748795276.63,-5.63,8.62,55.79,1.19,Fwd,8.79
1748795276.63,-5.63,8.62,55.79,1.19,Fwd,8.79
1748795276.63,-5.63,8.62,55.79,1.19,Fwd,8.79
1748795276.63,-5.63,8.62,55.79,1.19,Fwd,8.79
1748795276.69,-5.63,8.62,55.79,1.19,Fwd,8.79
1748795276.70,-5.38,8.62,55.79,1.19,Fwd,8.79
1748795276.70,-5.38,9.98,55.79,1.19,Fwd,8.79
1748795276.70,-5.38,9.98,52.79,1.19,Fwd,8.79
1748795276.70,-5.38,9.98,52.79,1.06,Fwd,8.79
1748795276.70,-5.38,9.98,52.79,1.06,Fwd,8.79
1748795276.70,-5.38,9.98,52.79,1.06,Fwd,8.79
1748795276.70,-5.38,9.98,52.79,1.06,Fwd,8.79
1748795276.80,-5.38,9.98,52.79,1.06,Fwd,8.79
1748795276.81,-5.16,9.98,52.79,1.06,Fwd,8.79
1748795276.81,-5.16,10.10,52.79,1.06,Fwd,8.79
1748795276.81,-5.16,10.10,50.63,1.06,Fwd,8.79
1748795276.82,-5.16,10.10,50.63,1.03,Fwd,8.79
1748795276.82,-5.16,10.10,50.63,1.03,Fwd,8.79
1748795276.84,-5.16,10.10,50.63,1.03,Fwd,8.79
1748795276.84,-5.16,10.10,50.63,1.03,Fwd,8.79
1748795276.91,-5.16,10.10,50.63,1.03,Fwd,8.49
1748795276.94,-4.47,10.10,50.63,1.03,Fwd,8.49
1748795276.98,-4.47,9.22,50.63,1.03,Fwd,8.49
1748795276.98,-4.47,9.22,49.55,1.03,Fwd,8.49
1748795276.99,-4.47,9.22,49.55,0.85,Fwd,8.49
1748795276.99,-4.47,9.22,49.55,0.85,Fwd,8.49
1748795276.99,-4.47,9.22,49.55,0.85,Fwd,8.49
1748795276.99,-4.47,9.22,49.55,0.85,Fwd,8.49
1748795277.01,-4.47,9.22,49.55,0.85,Fwd,8.49
1748795277.01,-3.78,9.22,49.55,0.85,Fwd,8.49
1748795277.01,-3.78,7.45,49.55,0.85,Fwd,8.49
1748795277.02,-3.78,7.45,49.38,0.85,Fwd,8.49
1748795277.02,-3.78,7.45,49.38,0.97,Fwd,8.49
1748795277.02,-3.78,7.45,49.38,0.97,Fwd,8.49
1748795277.02,-3.78,7.45,49.38,0.97,Fwd,8.49
1748795277.02,-3.78,7.45,49.38,0.97,Fwd,8.49
1748795277.12,-3.78,7.45,49.38,0.97,Fwd,8.49
1748795277.15,-2.84,7.45,49.38,0.97,Fwd,8.49
1748795277.19,-2.84,4.98,49.38,0.97,Fwd,8.49
1748795277.20,-2.84,4.98,49.97,0.97,Fwd,8.49
1748795277.20,-2.84,4.98,49.97,0.91,Fwd,8.49
1748795277.20,-2.84,4.98,49.97,0.91,Fwd,8.49
1748795277.20,-2.84,4.98,49.97,0.91,Fwd,8.49
1748795277.20,-2.84,4.98,49.97,0.91,Fwd,8.49
1748795277.22,-2.84,4.98,49.97,0.91,Fwd,8.49
1748795277.22,-2.06,4.98,49.97,0.91,Fwd,8.49
1748795277.22,-2.06,1.90,49.97,0.91,Fwd,8.49
1748795277.26,-2.06,1.90,50.42,0.91,Fwd,8.49
1748795277.26,-2.06,1.90,50.42,0.96,Fwd,8.49
1748795277.26,-2.06,1.90,50.42,0.96,Fwd,8.49
1748795277.27,-2.06,1.90,50.42,0.96,Fwd,8.49
1748795277.27,-2.06,1.90,50.42,0.96,Fwd,8.49
1748795277.33,-2.06,1.90,50.42,0.96,Fwd,8.03
1748795277.33,-1.55,1.90,50.42,0.96,Fwd,8.03
1748795277.34,-1.55,-1.26,50.42,0.96,Fwd,8.03
1748795277.34,-1.55,-1.26,50.16,0.96,Fwd,8.03
1748795277.34,-1.55,-1.26,50.16,0.89,Fwd,8.03
1748795277.34,-1.55,-1.26,50.16,0.89,Fwd,8.03
1748795277.34,-1.55,-1.26,50.16,0.89,Fwd,8.03
1748795277.35,-1.55,-1.26,50.16,0.89,Fwd,8.03
1748795277.40,-1.55,-1.26,50.16,0.89,Fwd,8.03
1748795277.43,-1.70,-1.26,50.16,0.89,Fwd,8.03
1748795277.46,-1.70,-4.11,50.16,0.89,Fwd,8.03
1748795277.50,-1.70,-4.11,49.29,0.89,Fwd,8.03
1748795277.54,-1.70,-4.11,49.29,1.06,Fwd,8.03
1748795277.57,-1.70,-4.11,49.29,1.06,Fwd,8.03
1748795277.61,-1.70,-4.11,49.29,1.06,Fwd,8.03
1748795277.64,-1.70,-4.11,49.29,1.06,Fwd,8.03
1748795277.68,-1.70,-4.11,49.29,1.06,Fwd,8.03
1748795277.68,-1.72,-4.11,49.29,1.06,Fwd,8.03
1748795277.68,-1.72,-6.89,49.29,1.06,Fwd,8.03
1748795277.69,-1.72,-6.89,45.32,1.06,Fwd,8.03
1748795277.69,-1.72,-6.89,45.32,1.01,Fwd,8.03
1748795277.69,-1.72,-6.89,45.32,1.01,Fwd,8.03
1748795277.69,-1.72,-6.89,45.32,1.01,Fwd,8.03
1748795277.69,-1.72,-6.89,45.32,1.01,Fwd,8.03
1748795277.70,-1.72,-6.89,45.32,1.01,Fwd,8.03
1748795277.70,-1.75,-6.89,45.32,1.01,Fwd,8.03
1748795277.71,-1.75,-6.89,45.32,1.01,Fwd,8.03
1748795277.71,-1.75,-6.89,45.32,1.01,Fwd,8.03
1748795277.71,-1.92,-6.89,45.32,1.01,Fwd,8.03
1748795277.71,-1.92,-7.93,45.32,1.01,Fwd,8.03
1748795277.71,-1.92,-7.93,42.38,1.01,Fwd,8.03
1748795277.72,-1.92,-7.93,42.38,0.91,Fwd,8.03
1748795277.72,-1.92,-7.93,42.38,0.91,Fwd,8.03
1748795277.72,-1.92,-7.93,42.38,0.91,Fwd,8.03
1748795277.72,-1.92,-7.93,42.38,0.91,Fwd,8.03
1748795277.82,-1.92,-7.93,42.38,0.91,Fwd,8.12
1748795277.89,-1.90,-7.93,42.38,0.91,Fwd,8.12
1748795277.89,-1.90,-8.74,42.38,0.91,Fwd,8.12
1748795277.93,-1.90,-8.74,38.78,0.91,Fwd,8.12
1748795277.93,-1.90,-8.74,38.78,0.98,Fwd,8.12
1748795277.93,-1.90,-8.74,38.78,0.98,Fwd,8.12
1748795277.93,-1.90,-8.74,38.78,0.98,Fwd,8.12
1748795277.93,-1.90,-8.74,38.78,0.98,Fwd,8.12
1748795277.94,-1.90,-8.74,38.78,0.98,Fwd,8.12
1748795277.94,-2.13,-8.74,38.78,0.98,Fwd,8.12
1748795277.94,-2.13,-9.13,38.78,0.98,Fwd,8.12
1748795277.94,-2.13,-9.13,34.65,0.98,Fwd,8.12
1748795277.94,-2.13,-9.13,34.65,1.02,Fwd,8.12
1748795277.94,-2.13,-9.13,34.65,1.02,Fwd,8.12
1748795277.95,-2.13,-9.13,34.65,1.02,Fwd,8.12
1748795277.95,-2.13,-9.13,34.65,1.02,Fwd,8.12
1748795278.02,-2.13,-9.13,34.65,1.02,Fwd,8.12
1748795278.06,-2.38,-9.13,34.65,1.02,Fwd,8.12
1748795278.06,-2.38,-9.35,34.65,1.02,Fwd,8.12
1748795278.07,-2.38,-9.35,30.41,1.02,Fwd,8.12
1748795278.07,-2.38,-9.35,30.41,0.97,Fwd,8.12
1748795278.07,-2.38,-9.35,30.41,0.97,Fwd,8.12
1748795278.07,-2.38,-9.35,30.41,0.97,Fwd,8.12
1748795278.08,-2.38,-9.35,30.41,0.97,Fwd,8.12
1748795278.09,-2.38,-9.35,30.41,0.97,Fwd,8.12
1748795278.10,-2.68,-9.35,30.41,0.97,Fwd,8.12
1748795278.10,-2.68,-9.55,30.41,0.97,Fwd,8.12
1748795278.10,-2.68,-9.55,25.82,0.97,Fwd,8.12
1748795278.10,-2.68,-9.55,25.82,0.96,Fwd,8.12
1748795278.10,-2.68,-9.55,25.82,0.96,Fwd,8.12
1748795278.10,-2.68,-9.55,25.82,0.96,Fwd,8.12
1748795278.10,-2.68,-9.55,25.82,0.96,Fwd,8.12
1748795278.20,-2.68,-9.55,25.82,0.96,Fwd,9.00
1748795278.24,-3.02,-9.55,25.82,0.96,Fwd,9.00
1748795278.24,-3.02,-9.88,25.82,0.96,Fwd,9.00
1748795278.24,-3.02,-9.88,20.90,0.96,Fwd,9.00
1748795278.24,-3.02,-9.88,20.90,1.00,Fwd,9.00
1748795278.25,-3.02,-9.88,20.90,1.00,Fwd,9.00
1748795278.25,-3.02,-9.88,20.90,1.00,Fwd,9.00
1748795278.25,-3.02,-9.88,20.90,1.00,Fwd,9.00
1748795278.31,-3.02,-9.88,20.90,1.00,Fwd,9.00
1748795278.31,-3.59,-9.88,20.90,1.00,Fwd,9.00
1748795278.31,-3.59,-10.06,20.90,1.00,Fwd,9.00
1748795278.31,-3.59,-10.06,15.55,1.00,Fwd,9.00
1748795278.32,-3.59,-10.06,15.55,0.89,Fwd,9.00
1748795278.32,-3.59,-10.06,15.55,0.89,Fwd,9.00
1748795278.32,-3.59,-10.06,15.55,0.89,Fwd,9.00
1748795278.32,-3.59,-10.06,15.55,0.89,Fwd,9.00
1748795278.41,-3.59,-10.06,15.55,0.89,Fwd,9.00
1748795278.45,-4.54,-10.06,15.55,0.89,Fwd,9.00
1748795278.45,-4.54,-9.87,15.55,0.89,Fwd,9.00
1748795278.45,-4.54,-9.87,9.74,0.89,Fwd,9.00
1748795278.46,-4.54,-9.87,9.74,1.04,Fwd,9.00
1748795278.46,-4.54,-9.87,9.74,1.04,Fwd,9.00
1748795278.46,-4.54,-9.87,9.74,1.04,Fwd,9.00
1748795278.46,-4.54,-9.87,9.74,1.04,Fwd,9.00
1748795278.52,-4.54,-9.87,9.74,1.04,Fwd,9.00
1748795278.52,-5.49,-9.87,9.74,1.04,Fwd,9.00
1748795278.52,-5.49,-9.83,9.74,1.04,Fwd,9.00
1748795278.53,-5.49,-9.83,3.63,1.04,Fwd,9.00
1748795278.53,-5.49,-9.83,3.63,1.29,Fwd,9.00
1748795278.53,-5.49,-9.83,3.63,1.29,Fwd,9.00
1748795278.53,-5.49,-9.83,3.63,1.29,Fwd,9.00
1748795278.54,-5.49,-9.83,3.63,1.29,Fwd,9.00
1748795278.62,-5.49,-9.83,3.63,1.29,Fwd,10.09
1748795278.66,-6.42,-9.83,3.63,1.29,Fwd,10.09
1748795278.66,-6.42,-9.83,3.63,1.29,Fwd,10.09
1748795278.67,-6.42,-9.83,356.93,1.29,Fwd,10.09
1748795278.67,-6.42,-9.83,356.93,1.04,Fwd,10.09
1748795278.67,-6.42,-9.83,356.93,1.04,Fwd,10.09
1748795278.67,-6.42,-9.83,356.93,1.04,Fwd,10.09
1748795278.67,-6.42,-9.83,356.93,1.04,Fwd,10.09
1748795278.73,-6.42,-9.83,356.93,1.04,Fwd,10.09
1748795278.73,-7.48,-9.83,356.93,1.04,Fwd,10.09
1748795278.73,-7.48,-9.98,356.93,1.04,Fwd,10.09
1748795278.73,-7.48,-9.98,350.04,1.04,Fwd,10.09
1748795278.74,-7.48,-9.98,350.04,0.94,Fwd,10.09
1748795278.74,-7.48,-9.98,350.04,0.94,Fwd,10.09
1748795278.74,-7.48,-9.98,350.04,0.94,Fwd,10.09
1748795278.74,-7.48,-9.98,350.04,0.94,Fwd,10.09
1748795278.80,-7.48,-9.98,350.04,0.94,Fwd,10.09
1748795278.80,-8.47,-9.98,350.04,0.94,Fwd,10.09
1748795278.80,-8.47,-9.73,350.04,0.94,Fwd,10.09
1748795278.81,-8.47,-9.73,342.56,0.94,Fwd,10.09
1748795278.81,-8.47,-9.73,342.56,0.97,Fwd,10.09
1748795278.81,-8.47,-9.73,342.56,0.97,Fwd,10.09
1748795278.81,-8.47,-9.73,342.56,0.97,Fwd,10.09
1748795278.82,-8.47,-9.73,342.56,0.97,Fwd,10.09
1748795278.90,-8.47,-9.73,342.56,0.97,Fwd,10.86
1748795278.91,-9.05,-9.73,342.56,0.97,Fwd,10.86
1748795278.91,-9.05,-9.91,342.56,0.97,Fwd,10.86
1748795278.91,-9.05,-9.91,334.49,0.97,Fwd,10.86
1748795278.91,-9.05,-9.91,334.49,0.92,Fwd,10.86
1748795278.91,-9.05,-9.91,334.49,0.92,Fwd,10.86
1748795278.91,-9.05,-9.91,334.49,0.92,Fwd,10.86
1748795278.91,-9.05,-9.91,334.49,0.92,Fwd,10.86
1748795279.01,-9.05,-9.91,334.49,0.92,Fwd,10.86
1748795279.01,-9.33,-9.91,334.49,0.92,Fwd,10.86
1748795279.01,-9.33,-10.21,334.49,0.92,Fwd,10.86
1748795279.01,-9.33,-10.21,326.36,0.92,Fwd,10.86
1748795279.01,-9.33,-10.21,326.36,1.02,Fwd,10.86
1748795279.01,-9.33,-10.21,326.36,1.02,Fwd,10.86
1748795279.02,-9.33,-10.21,326.36,1.02,Fwd,10.86
1748795279.02,-9.33,-10.21,326.36,1.02,Fwd,10.86
1748795279.12,-9.33,-10.21,326.36,1.02,Fwd,10.86
1748795279.12,-9.73,-10.21,326.36,1.02,Fwd,10.86
1748795279.12,-9.73,-9.43,326.36,1.02,Fwd,10.86
1748795279.12,-9.73,-9.43,317.13,1.02,Fwd,10.86
1748795279.13,-9.73,-9.43,317.13,1.01,Fwd,10.86
1748795279.13,-9.73,-9.43,317.13,1.01,Fwd,10.86
1748795279.13,-9.73,-9.43,317.13,1.01,Fwd,10.86
1748795279.13,-9.73,-9.43,317.13,1.01,Fwd,10.86
1748795279.22,-9.73,-9.43,317.13,1.01,Fwd,10.86
1748795279.23,-10.30,-9.43,317.13,1.01,Fwd,10.86
1748795279.23,-10.30,-7.17,317.13,1.01,Fwd,10.86
1748795279.23,-10.30,-7.17,306.74,1.01,Fwd,10.86
1748795279.23,-10.30,-7.17,306.74,1.00,Fwd,10.86
1748795279.24,-10.30,-7.17,306.74,1.00,Fwd,10.86
1748795279.24,-10.30,-7.17,306.74,1.00,Fwd,10.86
1748795279.24,-10.30,-7.17,306.74,1.00,Fwd,10.86
1748795279.32,-10.30,-7.17,306.74,1.00,Fwd,10.49
1748795279.33,-10.86,-7.17,306.74,1.00,Fwd,10.49
1748795279.33,-10.86,-4.09,306.74,1.00,Fwd,10.49
1748795279.36,-10.86,-4.09,295.32,1.00,Fwd,10.49
1748795279.36,-10.86,-4.09,295.32,0.97,Fwd,10.49
1748795279.36,-10.86,-4.09,295.32,0.97,Fwd,10.49
1748795279.36,-10.86,-4.09,295.32,0.97,Fwd,10.49
1748795279.36,-10.86,-4.09,295.32,0.97,Fwd,10.49
1748795279.43,-10.86,-4.09,295.32,0.97,Fwd,10.49
1748795279.43,-10.78,-4.09,295.32,0.97,Fwd,10.49
1748795279.43,-10.78,-1.66,295.32,0.97,Fwd,10.49
1748795279.44,-10.78,-1.66,284.56,0.97,Fwd,10.49
1748795279.44,-10.78,-1.66,284.56,0.91,Fwd,10.49
1748795279.44,-10.78,-1.66,284.56,0.91,Fwd,10.49
1748795279.44,-10.78,-1.66,284.56,0.91,Fwd,10.49
1748795279.44,-10.78,-1.66,284.56,0.91,Fwd,10.49
1748795279.50,-10.78,-1.66,284.56,0.91,Fwd,10.49
1748795279.50,-10.22,-1.66,284.56,0.91,Fwd,10.49
1748795279.50,-10.22,-0.04,284.56,0.91,Fwd,10.49
1748795279.51,-10.22,-0.04,275.95,0.91,Fwd,10.49
1748795279.51,-10.22,-0.04,275.95,0.97,Fwd,10.49
1748795279.51,-10.22,-0.04,275.95,0.97,Fwd,10.49
1748795279.51,-10.22,-0.04,275.95,0.97,Fwd,10.49
1748795279.52,-10.22,-0.04,275.95,0.97,Fwd,10.49
1748795279.60,-10.22,-0.04,275.95,0.97,Fwd,10.49
1748795279.64,-9.18,-0.04,275.95,0.97,Fwd,10.49
1748795279.64,-9.18,0.83,275.95,0.97,Fwd,10.49
1748795279.64,-9.18,0.83,270.48,0.97,Fwd,10.49
1748795279.64,-9.18,0.83,270.48,0.81,Fwd,10.49
1748795279.64,-9.18,0.83,270.48,0.81,Fwd,10.49
1748795279.65,-9.18,0.83,270.48,0.81,Fwd,10.49
1748795279.65,-9.18,0.83,270.48,0.81,Fwd,10.49
1748795279.71,-9.18,0.83,270.48,0.81,Fwd,8.89
1748795279.74,-7.99,0.83,270.48,0.81,Fwd,8.89
1748795279.78,-7.99,1.03,270.48,0.81,Fwd,8.89
1748795279.78,-7.99,1.03,268.09,0.81,Fwd,8.89
1748795279.79,-7.99,1.03,268.09,0.93,Fwd,8.89
1748795279.79,-7.99,1.03,268.09,0.93,Fwd,8.89
1748795279.79,-7.99,1.03,268.09,0.93,Fwd,8.89
1748795279.79,-7.99,1.03,268.09,0.93,Fwd,8.89
1748795279.81,-7.99,1.03,268.09,0.93,Fwd,8.89
1748795279.81,-6.99,1.03,268.09,0.93,Fwd,8.89
1748795279.81,-6.99,0.40,268.09,0.93,Fwd,8.89
1748795279.81,-6.99,0.40,267.15,0.93,Fwd,8.89
1748795279.81,-6.99,0.40,267.15,0.90,Fwd,8.89
1748795279.82,-6.99,0.40,267.15,0.90,Fwd,8.89
1748795279.82,-6.99,0.40,267.15,0.90,Fwd,8.89
1748795279.82,-6.99,0.40,267.15,0.90,Fwd,8.89
1748795279.92,-6.99,0.40,267.15,0.90,Fwd,8.89
1748795279.96,-6.25,0.40,267.15,0.90,Fwd,8.89
1748795279.96,-6.25,0.35,267.15,0.90,Fwd,8.89
1748795279.96,-6.25,0.35,266.54,0.90,Fwd,8.89
1748795279.96,-6.25,0.35,266.54,0.97,Fwd,8.89
1748795279.97,-6.25,0.35,266.54,0.97,Fwd,8.89
1748795279.97,-6.25,0.35,266.54,0.97,Fwd,8.89
1748795279.97,-6.25,0.35,266.54,0.97,Fwd,8.89
1748795280.02,-6.25,0.35,266.54,0.97,Fwd,8.89
1748795280.02,-6.21,0.35,266.54,0.97,Fwd,8.89
1748795280.02,-6.21,0.77,266.54,0.97,Fwd,8.89
1748795280.03,-6.21,0.77,265.38,0.97,Fwd,8.89
1748795280.03,-6.21,0.77,265.38,1.06,Fwd,8.89
1748795280.03,-6.21,0.77,265.38,1.06,Fwd,8.89
1748795280.03,-6.21,0.77,265.38,1.06,Fwd,8.89
1748795280.03,-6.21,0.77,265.38,1.06,Fwd,8.89
1748795280.13,-6.21,0.77,265.38,1.06,Fwd,8.89
1748795280.16,-5.25,0.77,265.38,1.06,Fwd,8.89
1748795280.16,-5.25,1.60,265.38,1.06,Fwd,8.89
1748795280.16,-5.25,1.60,263.38,1.06,Fwd,8.89
1748795280.17,-5.25,1.60,263.38,1.09,Fwd,8.89
1748795280.17,-5.25,1.60,263.38,1.09,Fwd,8.89
1748795280.17,-5.25,1.60,263.38,1.09,Fwd,8.89
1748795280.17,-5.25,1.60,263.38,1.09,Fwd,8.89
1748795280.19,-5.25,1.60,263.38,1.09,Fwd,7.78
1748795280.19,-5.12,1.60,263.38,1.09,Fwd,7.78
1748795280.20,-5.12,1.71,263.38,1.09,Fwd,7.78
1748795280.20,-5.12,1.71,261.36,1.09,Fwd,7.78
1748795280.20,-5.12,1.71,261.36,0.97,Fwd,7.78
1748795280.20,-5.12,1.71,261.36,0.97,Fwd,7.78
1748795280.20,-5.12,1.71,261.36,0.97,Fwd,7.78
1748795280.20,-5.12,1.71,261.36,0.97,Fwd,7.78
1748795280.30,-5.12,1.71,261.36,0.97,Fwd,7.78
1748795280.34,-4.34,1.71,261.36,0.97,Fwd,7.78
1748795280.37,-4.34,1.63,261.36,0.97,Fwd,7.78
1748795280.37,-4.34,1.63,259.46,0.97,Fwd,7.78
1748795280.37,-4.34,1.63,259.46,1.27,Fwd,7.78
1748795280.37,-4.34,1.63,259.46,1.27,Fwd,7.78
1748795280.37,-4.34,1.63,259.46,1.27,Fwd,7.78
1748795280.37,-4.34,1.63,259.46,1.27,Fwd,7.78
1748795280.41,-4.34,1.63,259.46,1.27,Fwd,7.78
1748795280.41,-2.76,1.63,259.46,1.27,Fwd,7.78
1748795280.41,-2.76,1.52,259.46,1.27,Fwd,7.78
1748795280.41,-2.76,1.52,257.39,1.27,Fwd,7.78
1748795280.41,-2.76,1.52,257.39,0.24,Fwd,7.78
1748795280.41,-2.76,1.52,257.39,0.24,Fwd,7.78
1748795280.41,-2.76,1.52,257.39,0.24,Fwd,7.78
1748795280.41,-2.76,1.52,257.39,0.24,Fwd,7.78
1748795280.51,-2.76,1.52,257.39,0.24,Fwd,7.78
1748795280.51,-1.63,1.52,257.39,0.24,Fwd,7.78
1748795280.51,-1.63,1.99,257.39,0.24,Fwd,7.78
1748795280.51,-1.63,1.99,255.07,0.24,Fwd,7.78
1748795280.51,-1.63,1.99,255.07,1.75,Fwd,7.78
1748795280.52,-1.63,1.99,255.07,1.75,Fwd,7.78
1748795280.52,-1.63,1.99,255.07,1.75,Fwd,7.78
1748795280.52,-1.63,1.99,255.07,1.75,Fwd,7.78
1748795280.61,-1.63,1.99,255.07,1.75,Fwd,7.78
1748795280.62,-0.35,1.99,255.07,1.75,Fwd,7.78
1748795280.62,-0.35,1.85,255.07,1.75,Fwd,7.78
1748795280.62,-0.35,1.85,252.49,1.75,Fwd,7.78
1748795280.62,-0.35,1.85,252.49,0.94,Fwd,7.78
1748795280.62,-0.35,1.85,252.49,0.94,Fwd,7.78
1748795280.62,-0.35,1.85,252.49,0.94,Fwd,7.78
1748795280.62,-0.35,1.85,252.49,0.94,Fwd,7.78
1748795280.72,-0.35,1.85,252.49,0.94,Fwd,7.05
1748795280.72,0.06,1.85,252.49,0.94,Fwd,7.05
1748795280.72,0.06,3.25,252.49,0.94,Fwd,7.05
1748795280.72,0.06,3.25,249.60,0.94,Fwd,7.05
1748795280.72,0.06,3.25,249.60,0.64,Fwd,7.05
1748795280.72,0.06,3.25,249.60,0.64,Fwd,7.05
1748795280.72,0.06,3.25,249.60,0.64,Fwd,7.05
1748795280.73,0.06,3.25,249.60,0.64,Fwd,7.05
1748795280.83,0.06,3.25,249.60,0.64,Fwd,7.05
1748795280.83,0.47,3.25,249.60,0.64,Fwd,7.05
1748795280.83,0.47,4.27,249.60,0.64,Fwd,7.05
1748795280.83,0.47,4.27,246.91,0.64,Fwd,7.05
1748795280.83,0.47,4.27,246.91,1.09,Fwd,7.05
1748795280.83,0.47,4.27,246.91,1.09,Fwd,7.05
1748795280.83,0.47,4.27,246.91,1.09,Fwd,7.05
1748795280.83,0.47,4.27,246.91,1.09,Fwd,7.05
1748795280.90,0.47,4.27,246.91,1.09,Fwd,7.05
1748795280.90,0.12,4.27,246.91,1.09,Fwd,7.05
1748795280.90,0.12,4.93,246.91,1.09,Fwd,7.05
1748795280.90,0.12,4.93,244.97,1.09,Fwd,7.05
1748795280.90,0.12,4.93,244.97,1.01,Fwd,7.05
1748795280.90,0.12,4.93,244.97,1.01,Fwd,7.05
1748795280.90,0.12,4.93,244.97,1.01,Fwd,7.05
1748795280.90,0.12,4.93,244.97,1.01,Fwd,7.05
1748795281.00,0.12,4.93,244.97,1.01,Fwd,7.05
1748795281.00,0.74,4.93,244.97,1.01,Fwd,7.05
1748795281.00,0.74,3.93,244.97,1.01,Fwd,7.05
1748795281.00,0.74,3.93,244.31,1.01,Fwd,7.05
1748795281.00,0.74,3.93,244.31,1.28,Fwd,7.05
1748795281.00,0.74,3.93,244.31,1.28,Fwd,7.05
1748795281.00,0.74,3.93,244.31,1.28,Fwd,7.05
1748795281.00,0.74,3.93,244.31,1.28,Fwd,7.05
1748795281.11,0.74,3.93,244.31,1.28,Fwd,7.05
1748795281.14,1.11,3.93,244.31,1.28,Fwd,7.05
1748795281.15,1.11,3.15,244.31,1.28,Fwd,7.05
1748795281.15,1.11,3.15,244.87,1.28,Fwd,7.05
1748795281.15,1.11,3.15,244.87,1.09,Fwd,7.05
1748795281.15,1.11,3.15,244.87,1.09,Fwd,7.05
1748795281.15,1.11,3.15,244.87,1.09,Fwd,7.05
1748795281.16,1.11,3.15,244.87,1.09,Fwd,7.05