1748747254.03,-1.16,-5.05,292.49,0.97,Fwd,6.90
1748747254.03,-1.32,-5.05,292.49,0.97,Fwd,6.90
1748747254.03,-1.32,-4.42,292.49,0.97,Fwd,6.90
1748747254.03,-1.32,-4.42,291.81,0.97,Fwd,6.90
1748747254.03,-1.32,-4.42,291.81,0.86,Fwd,6.90
1748747254.03,-1.32,-4.42,291.81,0.86,Fwd,6.90
1748747254.03,-1.32,-4.42,291.81,0.86,Fwd,6.90
1748747254.04,-1.32,-4.42,291.81,0.86,Fwd,6.90
1748747254.13,-1.32,-4.42,291.81,0.86,Fwd,6.02
1748747254.14,-1.27,-4.42,291.81,0.86,Fwd,6.02
1748747254.14,-1.27,-2.67,291.81,0.86,Fwd,6.02
1748747254.14,-1.27,-2.67,290.03,0.86,Fwd,6.02
1748747254.14,-1.27,-2.67,290.03,1.00,Fwd,6.02
1748747254.14,-1.27,-2.67,290.03,1.00,Fwd,6.02
1748747254.14,-1.27,-2.67,290.03,1.00,Fwd,6.02
1748747254.14,-1.27,-2.67,290.03,1.00,Fwd,6.02
1748747254.24,-1.27,-2.67,290.03,1.00,Fwd,6.02
1748747254.24,-0.77,-2.67,290.03,1.00,Fwd,6.02
1748747254.24,-0.77,-2.04,290.03,1.00,Fwd,6.02
1748747254.25,-0.77,-2.04,288.00,1.00,Fwd,6.02
1748747254.25,-0.77,-2.04,288.00,1.19,Fwd,6.02
1748747254.25,-0.77,-2.04,288.00,1.19,Fwd,6.02
1748747254.25,-0.77,-2.04,288.00,1.19,Fwd,6.02
1748747254.25,-0.77,-2.04,288.00,1.19,Fwd,6.02
1748747254.34,-0.77,-2.04,288.00,1.19,Fwd,6.02
1748747254.34,-0.99,-2.04,288.00,1.19,Fwd,6.02
1748747254.35,-0.99,-1.75,288.00,1.19,Fwd,6.02
1748747254.35,-0.99,-1.75,286.30,1.19,Fwd,6.02
1748747254.35,-0.99,-1.75,286.30,0.84,Fwd,6.02
1748747254.35,-0.99,-1.75,286.30,0.84,Fwd,6.02
1748747254.35,-0.99,-1.75,286.30,0.84,Fwd,6.02
1748747254.35,-0.99,-1.75,286.30,0.84,Fwd,6.02
1748747254.45,-0.99,-1.75,286.30,0.84,Fwd,6.02
1748747254.48,-1.10,-1.75,286.30,0.84,Fwd,6.02
1748747254.52,-1.10,-2.06,286.30,0.84,Fwd,6.02
1748747254.55,-1.10,-2.06,285.21,0.84,Fwd,6.02
1748747254.58,-1.10,-2.06,285.21,1.09,Fwd,6.02
1748747254.62,-1.10,-2.06,285.21,1.09,Fwd,6.02
1748747254.62,-1.10,-2.06,285.21,1.09,Fwd,6.02
1748747254.63,-1.10,-2.06,285.21,1.09,Fwd,6.02
1748747254.63,-1.10,-2.06,285.21,1.09,Fwd,6.02
1748747254.63,-0.71,-2.06,285.21,1.09,Fwd,6.02
1748747254.63,-0.71,-2.56,285.21,1.09,Fwd,6.02
1748747254.63,-0.71,-2.56,284.53,1.09,Fwd,6.02
1748747254.63,-0.71,-2.56,284.53,1.22,Fwd,6.02
1748747254.63,-0.71,-2.56,284.53,1.22,Fwd,6.02
1748747254.64,-0.71,-2.56,284.53,1.22,Fwd,6.02
1748747254.65,-0.71,-2.56,284.53,1.22,Fwd,6.02
1748747254.66,-0.71,-2.56,284.53,1.22,Fwd,6.02
1748747254.66,-1.56,-2.56,284.53,1.22,Fwd,6.02
1748747254.66,-1.56,-2.89,284.53,1.22,Fwd,6.02
1748747254.66,-1.56,-2.89,283.66,1.22,Fwd,6.02
1748747254.66,-1.56,-2.89,283.66,0.81,Fwd,6.02
1748747254.66,-1.56,-2.89,283.66,0.81,Fwd,6.02
1748747254.66,-1.56,-2.89,283.66,0.81,Fwd,6.02
1748747254.66,-1.56,-2.89,283.66,0.81,Fwd,6.02
1748747254.72,-1.56,-2.89,283.66,0.81,Fwd,6.17
1748747254.76,-2.39,-2.89,283.66,0.81,Fwd,6.17
1748747254.76,-2.39,-2.00,283.66,0.81,Fwd,6.17
1748747254.76,-2.39,-2.00,281.68,0.81,Fwd,6.17
1748747254.77,-2.39,-2.00,281.68,1.02,Fwd,6.17
1748747254.77,-2.39,-2.00,281.68,1.02,Fwd,6.17
1748747254.77,-2.39,-2.00,281.68,1.02,Fwd,6.17
1748747254.77,-2.39,-2.00,281.68,1.02,Fwd,6.17
1748747254.83,-2.39,-2.00,281.68,1.02,Fwd,6.17
1748747254.84,-2.31,-2.00,281.68,1.02,Fwd,6.17
1748747254.84,-2.31,-0.48,281.68,1.02,Fwd,6.17
1748747254.84,-2.31,-0.48,278.56,1.02,Fwd,6.17
1748747254.84,-2.31,-0.48,278.56,1.30,Fwd,6.17
1748747254.84,-2.31,-0.48,278.56,1.30,Fwd,6.17
1748747254.84,-2.31,-0.48,278.56,1.30,Fwd,6.17
1748747254.84,-2.31,-0.48,278.56,1.30,Fwd,6.17
1748747254.94,-2.31,-0.48,278.56,1.30,Fwd,6.17
1748747254.94,-2.08,-0.48,278.56,1.30,Fwd,6.17
1748747254.94,-2.08,0.59,278.56,1.30,Fwd,6.17
1748747254.94,-2.08,0.59,275.14,1.30,Fwd,6.17
1748747254.94,-2.08,0.59,275.14,0.84,Fwd,6.17
1748747254.94,-2.08,0.59,275.14,0.84,Fwd,6.17
1748747254.94,-2.08,0.59,275.14,0.84,Fwd,6.17
1748747254.94,-2.08,0.59,275.14,0.84,Fwd,6.17
1748747255.04,-2.08,0.59,275.14,0.84,Fwd,6.17
1748747255.07,-2.10,0.59,275.14,0.84,Fwd,6.17
1748747255.11,-2.10,1.81,275.14,0.84,Fwd,6.17
1748747255.14,-2.10,1.81,271.57,0.84,Fwd,6.17
1748747255.14,-2.10,1.81,271.57,1.08,Fwd,6.17
1748747255.15,-2.10,1.81,271.57,1.08,Fwd,6.17
1748747255.15,-2.10,1.81,271.57,1.08,Fwd,6.17
1748747255.15,-2.10,1.81,271.57,1.08,Fwd,6.17
1748747255.15,-2.10,1.81,271.57,1.08,Fwd,6.17
1748747255.15,-1.23,1.81,271.57,1.08,Fwd,6.17
1748747255.15,-1.23,1.63,271.57,1.08,Fwd,6.17
1748747255.15,-1.23,1.63,268.60,1.08,Fwd,6.17
1748747255.15,-1.23,1.63,268.60,0.81,Fwd,6.17
1748747255.15,-1.23,1.63,268.60,0.81,Fwd,6.17
1748747255.15,-1.23,1.63,268.60,0.81,Fwd,6.17
1748747255.15,-1.23,1.63,268.60,0.81,Fwd,6.17
1748747255.25,-1.23,1.63,268.60,0.81,Fwd,6.17
1748747255.28,-1.14,1.63,268.60,0.81,Fwd,6.17
1748747255.28,-1.14,1.99,268.60,0.81,Fwd,6.17
1748747255.29,-1.14,1.99,265.87,0.81,Fwd,6.17
1748747255.29,-1.14,1.99,265.87,1.18,Fwd,6.17
1748747255.29,-1.14,1.99,265.87,1.18,Fwd,6.17
1748747255.29,-1.14,1.99,265.87,1.18,Fwd,6.17
1748747255.29,-1.14,1.99,265.87,1.18,Fwd,6.17
1748747255.32,-1.14,1.99,265.87,1.18,Fwd,6.12
1748747255.32,-1.33,1.99,265.87,1.18,Fwd,6.12
1748747255.32,-1.33,2.03,265.87,1.18,Fwd,6.12
1748747255.32,-1.33,2.03,264.07,1.18,Fwd,6.12
1748747255.32,-1.33,2.03,264.07,1.00,Fwd,6.12
1748747255.32,-1.33,2.03,264.07,1.00,Fwd,6.12
1748747255.32,-1.33,2.03,264.07,1.00,Fwd,6.12
1748747255.32,-1.33,2.03,264.07,1.00,Fwd,6.12
1748747255.42,-1.33,2.03,264.07,1.00,Fwd,6.12
1748747255.42,-3.26,2.03,264.07,1.00,Fwd,6.12
1748747255.42,-3.26,1.72,264.07,1.00,Fwd,6.12
1748747255.42,-3.26,1.72,262.91,1.00,Fwd,6.12
1748747255.42,-3.26,1.72,262.91,1.07,Fwd,6.12
1748747255.42,-3.26,1.72,262.91,1.07,Fwd,6.12
1748747255.43,-3.26,1.72,262.91,1.07,Fwd,6.12
1748747255.43,-3.26,1.72,262.91,1.07,Fwd,6.12
1748747255.53,-3.26,1.72,262.91,1.07,Fwd,6.12
1748747255.56,-7.89,1.72,262.91,1.07,Fwd,6.12
1748747255.56,-7.89,2.61,262.91,1.07,Fwd,6.12
1748747255.56,-7.89,2.61,261.21,1.07,Fwd,6.12
1748747255.56,-7.89,2.61,261.21,1.25,Fwd,6.12
1748747255.56,-7.89,2.61,261.21,1.25,Fwd,6.12
1748747255.57,-7.89,2.61,261.21,1.25,Fwd,6.12
1748747255.57,-7.89,2.61,261.21,1.25,Fwd,6.12
1748747255.63,-7.89,2.61,261.21,1.25,Fwd,6.12
1748747255.64,-10.11,2.61,261.21,1.25,Fwd,6.12
1748747255.64,-10.11,1.94,261.21,1.25,Fwd,6.12
1748747255.64,-10.11,1.94,259.93,1.25,Fwd,6.12
1748747255.64,-10.11,1.94,259.93,1.00,Fwd,6.12
1748747255.64,-10.11,1.94,259.93,1.00,Fwd,6.12
1748747255.64,-10.11,1.94,259.93,1.00,Fwd,6.12
1748747255.64,-10.11,1.94,259.93,1.00,Fwd,6.12
1748747255.74,-10.11,1.94,259.93,1.00,Fwd,9.58
1748747255.77,-22.13,1.94,259.93,1.00,Fwd,9.58
1748747255.77,-22.13,5.46,259.93,1.00,Fwd,9.58
1748747255.78,-22.13,5.46,259.99,1.00,Fwd,9.58
1748747255.78,-22.13,5.46,259.99,1.20,Fwd,9.58
1748747255.78,-22.13,5.46,259.99,1.20,Fwd,9.58
1748747255.78,-22.13,5.46,259.99,1.20,Fwd,9.58
1748747255.78,-22.13,5.46,259.99,1.20,Fwd,9.58
1748747255.84,-22.13,5.46,259.99,1.20,Fwd,9.58
1748747255.84,-34.05,5.46,259.99,1.20,Fwd,9.58
1748747255.84,-34.05,5.46,259.99,1.20,Fwd,9.58
1748747255.84,-34.05,5.46,262.31,1.20,Fwd,9.58
1748747255.84,-34.05,5.46,262.31,1.35,Fwd,9.58
1748747255.85,-34.05,5.46,262.31,1.35,Fwd,9.58
1748747255.85,-34.05,5.46,262.31,1.35,Fwd,9.58
1748747255.85,-34.05,5.46,262.31,1.35,Fwd,9.58
1748747255.95,-34.05,5.46,262.31,1.35,Fwd,9.58
1748747255.95,-37.26,5.46,262.31,1.35,Fwd,9.58
1748747255.95,-37.26,5.52,262.31,1.35,Fwd,9.58
1748747255.95,-37.26,5.52,260.28,1.35,Fwd,9.58
1748747255.95,-37.26,5.52,260.28,1.17,Fwd,9.58
1748747255.95,-37.26,5.52,260.28,1.17,Fwd,9.58
1748747255.98,-37.26,5.52,260.28,1.17,Fwd,9.58
1748747256.02,-37.26,5.52,260.28,1.17,Fwd,9.58
1748747256.02,-37.26,5.52,260.28,1.17,Fwd,9.58
1748747256.02,-24.43,5.52,260.28,1.17,Fwd,9.58
1748747256.03,-24.43,2.32,260.28,1.17,Fwd,9.58
1748747256.03,-24.43,2.32,259.28,1.17,Fwd,9.58
1748747256.03,-24.43,2.32,259.28,-0.42,Fwd,9.58
1748747256.03,-24.43,2.32,259.28,-0.42,Fwd,9.58
1748747256.03,-24.43,2.32,259.28,-0.42,Fwd,9.58
1748747256.03,-24.43,2.32,259.28,-0.42,Fwd,9.58
1748747256.12,-24.43,2.32,259.28,-0.42,Fwd,9.58
1748747256.13,-12.05,2.32,259.28,-0.42,Fwd,9.58
1748747256.13,-12.05,2.99,259.28,-0.42,Fwd,9.58
1748747256.13,-12.05,2.99,255.70,-0.42,Fwd,9.58
1748747256.13,-12.05,2.99,255.70,-1.75,Fwd,9.58
1748747256.13,-12.05,2.99,255.70,-1.75,Fwd,9.58
1748747256.13,-12.05,2.99,255.70,-1.75,Fwd,9.58
1748747256.13,-12.05,2.99,255.70,-1.75,Fwd,9.58
1748747256.23,-12.05,2.99,255.70,-1.75,Fwd,9.58
1748747256.26,-6.90,2.99,255.70,-1.75,Fwd,9.58
1748747256.30,-6.90,4.37,255.70,-1.75,Fwd,9.58
1748747256.30,-6.90,4.37,251.84,-1.75,Fwd,9.58
1748747256.30,-6.90,4.37,251.84,-1.14,Fwd,9.58
1748747256.30,-6.90,4.37,251.84,-1.14,Fwd,9.58
1748747256.30,-6.90,4.37,251.84,-1.14,Fwd,9.58
1748747256.30,-6.90,4.37,251.84,-1.14,Fwd,9.58
1748747256.33,-6.90,4.37,251.84,-1.14,Fwd,5.88
1748747256.33,-9.20,4.37,251.84,-1.14,Fwd,5.88
1748747256.33,-9.20,-1.54,251.84,-1.14,Fwd,5.88
1748747256.34,-9.20,-1.54,249.73,-1.14,Fwd,5.88
1748747256.34,-9.20,-1.54,249.73,-2.58,Fwd,5.88
1748747256.34,-9.20,-1.54,249.73,-2.58,Fwd,5.88
1748747256.34,-9.20,-1.54,249.73,-2.58,Fwd,5.88
1748747256.34,-9.20,-1.54,249.73,-2.58,Fwd,5.88
1748747256.34,-9.20,-1.54,249.73,-2.58,Fwd,5.88
1748747256.44,-9.20,-1.54,249.73,-2.58,Fwd,5.88
1748747256.44,-10.87,-1.54,249.73,-2.58,Fwd,5.88
1748747256.44,-10.87,-0.54,249.73,-2.58,Fwd,5.88
1748747256.44,-10.87,-0.54,250.85,-2.58,Fwd,5.88
1748747256.44,-10.87,-0.54,250.85,0.47,Fwd,5.88
1748747256.44,-10.87,-0.54,250.85,0.47,Fwd,5.88
1748747256.44,-10.87,-0.54,250.85,0.47,Fwd,5.88
1748747256.44,-10.87,-0.54,250.85,0.47,Fwd,5.88
1748747256.54,-10.87,-0.54,250.85,0.47,Fwd,5.88
1748747256.58,-7.61,-0.54,250.85,0.47,Fwd,5.88
1748747256.58,-7.61,0.84,250.85,0.47,Fwd,5.88
1748747256.58,-7.61,0.84,249.13,0.47,Fwd,5.88
1748747256.58,-7.61,0.84,249.13,0.74,Fwd,5.88
1748747256.58,-7.61,0.84,249.13,0.74,Fwd,5.88
1748747256.58,-7.61,0.84,249.13,0.74,Fwd,5.88
1748747256.58,-7.61,0.84,249.13,0.74,Fwd,5.88
1748747256.65,-7.61,0.84,249.13,0.74,Fwd,5.88
1748747256.68,-6.42,0.84,249.13,0.74,Fwd,5.88
1748747256.68,-6.42,1.95,249.13,0.74,Fwd,5.88
1748747256.69,-6.42,1.95,245.82,0.74,Fwd,5.88
1748747256.69,-6.42,1.95,245.82,1.04,Fwd,5.88
1748747256.69,-6.42,1.95,245.82,1.04,Fwd,5.88
1748747256.69,-6.42,1.95,245.82,1.04,Fwd,5.88
1748747256.72,-6.42,1.95,245.82,1.04,Fwd,5.88
1748747256.72,-6.42,1.95,245.82,1.04,Fwd,5.88
1748747256.72,-4.91,1.95,245.82,1.04,Fwd,5.88
1748747256.72,-4.91,3.88,245.82,1.04,Fwd,5.88
1748747256.72,-4.91,3.88,241.77,1.04,Fwd,5.88
1748747256.72,-4.91,3.88,241.77,1.16,Fwd,5.88
1748747256.72,-4.91,3.88,241.77,1.16,Fwd,5.88
1748747256.72,-4.91,3.88,241.77,1.16,Fwd,5.88
1748747256.72,-4.91,3.88,241.77,1.16,Fwd,5.88
1748747256.82,-4.91,3.88,241.77,1.16,Fwd,5.88
1748747256.83,-4.15,3.88,241.77,1.16,Fwd,5.88
1748747256.83,-4.15,5.13,241.77,1.16,Fwd,5.88
1748747256.86,-4.15,5.13,237.41,1.16,Fwd,5.88
1748747256.86,-4.15,5.13,237.41,1.06,Fwd,5.88
1748747256.86,-4.15,5.13,237.41,1.06,Fwd,5.88
1748747256.86,-4.15,5.13,237.41,1.06,Fwd,5.88
1748747256.86,-4.15,5.13,237.41,1.06,Fwd,5.88
1748747256.93,-4.15,5.13,237.41,1.06,Fwd,6.17
1748747256.93,-4.15,5.13,237.41,1.06,Fwd,6.17
1748747256.93,-4.15,5.73,237.41,1.06,Fwd,6.17
1748747256.93,-4.15,5.73,231.28,1.06,Fwd,6.17
1748747256.93,-4.15,5.73,231.28,1.00,Fwd,6.17
1748747256.93,-4.15,5.73,231.28,1.00,Fwd,6.17
1748747256.93,-4.15,5.73,231.28,1.00,Fwd,6.17
1748747256.93,-4.15,5.73,231.28,1.00,Fwd,6.17
1748747257.03,-4.15,5.73,231.28,1.00,Fwd,6.17
1748747257.03,-4.22,5.73,231.28,1.00,Fwd,6.17
1748747257.03,-4.22,5.95,231.28,1.00,Fwd,6.17
1748747257.04,-4.22,5.95,224.38,1.00,Fwd,6.17
1748747257.04,-4.22,5.95,224.38,0.96,Fwd,6.17
1748747257.04,-4.22,5.95,224.38,0.96,Fwd,6.17
1748747257.04,-4.22,5.95,224.38,0.96,Fwd,6.17
1748747257.04,-4.22,5.95,224.38,0.96,Fwd,6.17
1748747257.14,-4.22,5.95,224.38,0.96,Fwd,6.17
1748747257.17,-3.34,5.95,224.38,0.96,Fwd,6.17
1748747257.17,-3.34,4.81,224.38,0.96,Fwd,6.17
1748747257.18,-3.34,4.81,218.39,0.96,Fwd,6.17
1748747257.18,-3.34,4.81,218.39,0.87,Fwd,6.17
1748747257.18,-3.34,4.81,218.39,0.87,Fwd,6.17
1748747257.18,-3.34,4.81,218.39,0.87,Fwd,6.17
1748747257.18,-3.34,4.81,218.39,0.87,Fwd,6.17
1748747257.25,-3.34,4.81,218.39,0.87,Fwd,6.17
1748747257.25,-3.69,4.81,218.39,0.87,Fwd,6.17
1748747257.25,-3.69,4.07,218.39,0.87,Fwd,6.17
1748747257.25,-3.69,4.07,213.37,0.87,Fwd,6.17
1748747257.25,-3.69,4.07,213.37,0.95,Fwd,6.17
1748747257.25,-3.69,4.07,213.37,0.95,Fwd,6.17
1748747257.25,-3.69,4.07,213.37,0.95,Fwd,6.17
1748747257.26,-3.69,4.07,213.37,0.95,Fwd,6.17
1748747257.35,-3.69,4.07,213.37,0.95,Fwd,6.17
1748747257.36,-3.84,4.07,213.37,0.95,Fwd,6.17
1748747257.36,-3.84,2.95,213.37,0.95,Fwd,6.17
1748747257.36,-3.84,2.95,209.29,0.95,Fwd,6.17
1748747257.36,-3.84,2.95,209.29,1.00,Fwd,6.17
1748747257.36,-3.84,2.95,209.29,1.00,Fwd,6.17
1748747257.36,-3.84,2.95,209.29,1.00,Fwd,6.17
1748747257.36,-3.84,2.95,209.29,1.00,Fwd,6.17
1748747257.42,-3.84,2.95,209.29,1.00,Fwd,6.17
1748747257.43,-3.54,2.95,209.29,1.00,Fwd,6.17
1748747257.43,-3.54,2.32,209.29,1.00,Fwd,6.17
1748747257.43,-3.54,2.32,206.69,1.00,Fwd,6.17
1748747257.43,-3.54,2.32,206.69,0.85,Fwd,6.17
1748747257.43,-3.54,2.32,206.69,0.85,Fwd,6.17
1748747257.43,-3.54,2.32,206.69,0.85,Fwd,6.17
1748747257.43,-3.54,2.32,206.69,0.85,Fwd,6.17
1748747257.53,-3.54,2.32,206.69,0.85,Fwd,6.17
1748747257.53,-2.84,2.32,206.69,0.85,Fwd,6.17
1748747257.53,-2.84,1.68,206.69,0.85,Fwd,6.17
1748747257.53,-2.84,1.68,205.47,0.85,Fwd,6.17
1748747257.53,-2.84,1.68,205.47,1.06,Fwd,6.17
1748747257.53,-2.84,1.68,205.47,1.06,Fwd,6.17
1748747257.53,-2.84,1.68,205.47,1.06,Fwd,6.17
1748747257.54,-2.84,1.68,205.47,1.06,Fwd,6.17
1748747257.63,-2.84,1.68,205.47,1.06,Fwd,6.17
1748747257.64,-2.10,1.68,205.47,1.06,Fwd,6.17
1748747257.64,-2.10,1.14,205.47,1.06,Fwd,6.17
1748747257.64,-2.10,1.14,204.57,1.06,Fwd,6.17
1748747257.64,-2.10,1.14,204.57,0.89,Fwd,6.17
1748747257.64,-2.10,1.14,204.57,0.89,Fwd,6.17
1748747257.66,-2.10,1.14,204.57,0.89,Fwd,6.17
1748747257.70,-2.10,1.14,204.57,0.89,Fwd,6.17
1748747257.74,-2.10,1.14,204.57,0.89,Fwd,4.98
1748747257.74,-1.80,1.14,204.57,0.89,Fwd,4.98
1748747257.74,-1.80,0.24,204.57,0.89,Fwd,4.98
1748747257.74,-1.80,0.24,203.66,0.89,Fwd,4.98
1748747257.74,-1.80,0.24,203.66,0.94,Fwd,4.98
1748747257.74,-1.80,0.24,203.66,0.94,Fwd,4.98
1748747257.75,-1.80,0.24,203.66,0.94,Fwd,4.98
1748747257.75,-1.80,0.24,203.66,0.94,Fwd,4.98
1748747257.84,-1.80,0.24,203.66,0.94,Fwd,4.98
1748747257.85,-1.05,0.24,203.66,0.94,Fwd,4.98
1748747257.85,-1.05,-1.94,203.66,0.94,Fwd,4.98
1748747257.85,-1.05,-1.94,202.92,0.94,Fwd,4.98
1748747257.85,-1.05,-1.94,202.92,0.92,Fwd,4.98
1748747257.85,-1.05,-1.94,202.92,0.92,Fwd,4.98
1748747257.85,-1.05,-1.94,202.92,0.92,Fwd,4.98
1748747257.85,-1.05,-1.94,202.92,0.92,Fwd,4.98
1748747257.95,-1.05,-1.94,202.92,0.92,Fwd,4.98
1748747257.95,-1.46,-1.94,202.92,0.92,Fwd,4.98
1748747257.95,-1.46,-5.81,202.92,0.92,Fwd,4.98
1748747257.98,-1.46,-5.81,202.31,0.92,Fwd,4.98
1748747257.98,-1.46,-5.81,202.31,0.97,Fwd,4.98
1748747257.98,-1.46,-5.81,202.31,0.97,Fwd,4.98
1748747257.98,-1.46,-5.81,202.31,0.97,Fwd,4.98
1748747257.98,-1.46,-5.81,202.31,0.97,Fwd,4.98
1748747258.05,-1.46,-5.81,202.31,0.97,Fwd,4.98
1748747258.05,-4.07,-5.81,202.31,0.97,Fwd,4.98
1748747258.05,-4.07,-7.87,202.31,0.97,Fwd,4.98
1748747258.06,-4.07,-7.87,201.45,0.97,Fwd,4.98
1748747258.06,-4.07,-7.87,201.45,0.90,Fwd,4.98
1748747258.06,-4.07,-7.87,201.45,0.90,Fwd,4.98
1748747258.06,-4.07,-7.87,201.45,0.90,Fwd,4.98
1748747258.06,-4.07,-7.87,201.45,0.90,Fwd,4.98
1748747258.12,-4.07,-7.87,201.45,0.90,Fwd,4.98
1748747258.13,-6.41,-7.87,201.45,0.90,Fwd,4.98
1748747258.13,-6.41,-7.62,201.45,0.90,Fwd,4.98
1748747258.16,-6.41,-7.62,199.75,0.90,Fwd,4.98
1748747258.16,-6.41,-7.62,199.75,0.87,Fwd,4.98
1748747258.16,-6.41,-7.62,199.75,0.87,Fwd,4.98
1748747258.16,-6.41,-7.62,199.75,0.87,Fwd,4.98
1748747258.16,-6.41,-7.62,199.75,0.87,Fwd,4.98
1748747258.23,-6.41,-7.62,199.75,0.87,Fwd,4.98
1748747258.23,-7.39,-7.62,199.75,0.87,Fwd,4.98
1748747258.23,-7.39,-8.26,199.75,0.87,Fwd,4.98
1748747258.23,-7.39,-8.26,197.68,0.87,Fwd,4.98
1748747258.23,-7.39,-8.26,197.68,0.92,Fwd,4.98
1748747258.24,-7.39,-8.26,197.68,0.92,Fwd,4.98
1748747258.24,-7.39,-8.26,197.68,0.92,Fwd,4.98
1748747258.24,-7.39,-8.26,197.68,0.92,Fwd,4.98
1748747258.33,-7.39,-8.26,197.68,0.92,Fwd,4.98
1748747258.33,-6.70,-8.26,197.68,0.92,Fwd,4.98
1748747258.33,-6.70,-8.22,197.68,0.92,Fwd,4.98
1748747258.33,-6.70,-8.22,194.55,0.92,Fwd,4.98
1748747258.33,-6.70,-8.22,194.55,0.81,Fwd,4.98
1748747258.34,-6.70,-8.22,194.55,0.81,Fwd,4.98
1748747258.34,-6.70,-8.22,194.55,0.81,Fwd,4.98
1748747258.34,-6.70,-8.22,194.55,0.81,Fwd,4.98
1748747258.43,-6.70,-8.22,194.55,0.81,Fwd,5.08
1748747258.47,-5.66,-8.22,194.55,0.81,Fwd,5.08
1748747258.51,-5.66,-8.37,194.55,0.81,Fwd,5.08
1748747258.51,-5.66,-8.37,190.90,0.81,Fwd,5.08
1748747258.51,-5.66,-8.37,190.90,0.97,Fwd,5.08
1748747258.51,-5.66,-8.37,190.90,0.97,Fwd,5.08
1748747258.51,-5.66,-8.37,190.90,0.97,Fwd,5.08
1748747258.52,-5.66,-8.37,190.90,0.97,Fwd,5.08
1748747258.54,-5.66,-8.37,190.90,0.97,Fwd,5.08
1748747258.58,-5.15,-8.37,190.90,0.97,Fwd,5.08
1748747258.61,-5.15,-7.86,190.90,0.97,Fwd,5.08
1748747258.61,-5.15,-7.86,186.72,0.97,Fwd,5.08
1748747258.61,-5.15,-7.86,186.72,0.85,Fwd,5.08
1748747258.61,-5.15,-7.86,186.72,0.85,Fwd,5.08
1748747258.62,-5.15,-7.86,186.72,0.85,Fwd,5.08
1748747258.62,-5.15,-7.86,186.72,0.85,Fwd,5.08
1748747258.64,-5.15,-7.86,186.72,0.85,Fwd,5.08
1748747258.65,-5.29,-7.86,186.72,0.85,Fwd,5.08
1748747258.65,-5.29,-7.02,186.72,0.85,Fwd,5.08
1748747258.65,-5.29,-7.02,181.96,0.85,Fwd,5.08
1748747258.65,-5.29,-7.02,181.96,1.10,Fwd,5.08
1748747258.65,-5.29,-7.02,181.96,1.10,Fwd,5.08
1748747258.65,-5.29,-7.02,181.96,1.10,Fwd,5.08
1748747258.65,-5.29,-7.02,181.96,1.10,Fwd,5.08
1748747258.75,-5.29,-7.02,181.96,1.10,Fwd,5.08
1748747258.78,-5.02,-7.02,181.96,1.10,Fwd,5.08
1748747258.79,-5.02,-6.30,181.96,1.10,Fwd,5.08
1748747258.79,-5.02,-6.30,176.65,1.10,Fwd,5.08
1748747258.79,-5.02,-6.30,176.65,1.00,Fwd,5.08
1748747258.79,-5.02,-6.30,176.65,1.00,Fwd,5.08
1748747258.79,-5.02,-6.30,176.65,1.00,Fwd,5.08
1748747258.79,-5.02,-6.30,176.65,1.00,Fwd,5.08
1748747258.82,-5.02,-6.30,176.65,1.00,Fwd,5.08
1748747258.82,-4.63,-6.30,176.65,1.00,Fwd,5.08
1748747258.82,-4.63,-5.76,176.65,1.00,Fwd,5.08
1748747258.83,-4.63,-5.76,171.39,1.00,Fwd,5.08
1748747258.83,-4.63,-5.76,171.39,0.99,Fwd,5.08
1748747258.83,-4.63,-5.76,171.39,0.99,Fwd,5.08
1748747258.83,-4.63,-5.76,171.39,0.99,Fwd,5.08
1748747258.83,-4.63,-5.76,171.39,0.99,Fwd,5.08
1748747258.93,-4.63,-5.76,171.39,0.99,Fwd,5.08
1748747258.96,-4.44,-5.76,171.39,0.99,Fwd,5.08
1748747259.00,-4.44,-5.19,171.39,0.99,Fwd,5.08
1748747259.01,-4.44,-5.19,166.49,0.99,Fwd,5.08
1748747259.01,-4.44,-5.19,166.49,0.97,Fwd,5.08
1748747259.01,-4.44,-5.19,166.49,0.97,Fwd,5.08
1748747259.01,-4.44,-5.19,166.49,0.97,Fwd,5.08
1748747259.01,-4.44,-5.19,166.49,0.97,Fwd,5.08
1748747259.03,-4.44,-5.19,166.49,0.97,Fwd,6.67
1748747259.03,-4.48,-5.19,166.49,0.97,Fwd,6.67
1748747259.03,-4.48,-4.39,166.49,0.97,Fwd,6.67
1748747259.03,-4.48,-4.39,162.08,0.97,Fwd,6.67
1748747259.04,-4.48,-4.39,162.08,0.95,Fwd,6.67
1748747259.04,-4.48,-4.39,162.08,0.95,Fwd,6.67
1748747259.04,-4.48,-4.39,162.08,0.95,Fwd,6.67
1748747259.04,-4.48,-4.39,162.08,0.95,Fwd,6.67
1748747259.14,-4.48,-4.39,162.08,0.95,Fwd,6.67
1748747259.14,-4.60,-4.39,162.08,0.95,Fwd,6.67
1748747259.14,-4.60,-3.79,162.08,0.95,Fwd,6.67
1748747259.14,-4.60,-3.79,158.07,0.95,Fwd,6.67
1748747259.14,-4.60,-3.79,158.07,0.98,Fwd,6.67
1748747259.14,-4.60,-3.79,158.07,0.98,Fwd,6.67
1748747259.14,-4.60,-3.79,158.07,0.98,Fwd,6.67
1748747259.14,-4.60,-3.79,158.07,0.98,Fwd,6.67
1748747259.24,-4.60,-3.79,158.07,0.98,Fwd,6.67
1748747259.24,-4.60,-3.79,158.07,0.98,Fwd,6.67
1748747259.24,-4.60,-3.34,158.07,0.98,Fwd,6.67
1748747259.24,-4.60,-3.34,154.24,0.98,Fwd,6.67
1748747259.24,-4.60,-3.34,154.24,0.93,Fwd,6.67
1748747259.24,-4.60,-3.34,154.24,0.93,Fwd,6.67
1748747259.24,-4.60,-3.34,154.24,0.93,Fwd,6.67
1748747259.25,-4.60,-3.34,154.24,0.93,Fwd,6.67
1748747259.34,-4.60,-3.34,154.24,0.93,Fwd,6.67
1748747259.34,-4.54,-3.34,154.24,0.93,Fwd,6.67
1748747259.34,-4.54,-3.11,154.24,0.93,Fwd,6.67
1748747259.35,-4.54,-3.11,150.63,0.93,Fwd,6.67
1748747259.35,-4.54,-3.11,150.63,0.88,Fwd,6.67
1748747259.35,-4.54,-3.11,150.63,0.88,Fwd,6.67
1748747259.35,-4.54,-3.11,150.63,0.88,Fwd,6.67
1748747259.35,-4.54,-3.11,150.63,0.88,Fwd,6.67
1748747259.45,-4.54,-3.11,150.63,0.88,Fwd,6.67
1748747259.45,-4.22,-3.11,150.63,0.88,Fwd,6.67
1748747259.45,-4.22,-3.01,150.63,0.88,Fwd,6.67
1748747259.45,-4.22,-3.01,147.25,0.88,Fwd,6.67
1748747259.45,-4.22,-3.01,147.25,0.96,Fwd,6.67
1748747259.45,-4.22,-3.01,147.25,0.96,Fwd,6.67
1748747259.45,-4.22,-3.01,147.25,0.96,Fwd,6.67
1748747259.45,-4.22,-3.01,147.25,0.96,Fwd,6.67
1748747259.52,-4.22,-3.01,147.25,0.96,Fwd,6.67
1748747259.56,-3.97,-3.01,147.25,0.96,Fwd,6.67
1748747259.56,-3.97,-2.84,147.25,0.96,Fwd,6.67
1748747259.56,-3.97,-2.84,144.05,0.96,Fwd,6.67
1748747259.56,-3.97,-2.84,144.05,0.93,Fwd,6.67
1748747259.56,-3.97,-2.84,144.05,0.93,Fwd,6.67
1748747259.56,-3.97,-2.84,144.05,0.93,Fwd,6.67
1748747259.56,-3.97,-2.84,144.05,0.93,Fwd,6.67
1748747259.63,-3.97,-2.84,144.05,0.93,Fwd,6.38
1748747259.63,-3.94,-2.84,144.05,0.93,Fwd,6.38
1748747259.63,-3.94,-2.53,144.05,0.93,Fwd,6.38
1748747259.63,-3.94,-2.53,140.81,0.93,Fwd,6.38
1748747259.63,-3.94,-2.53,140.81,0.93,Fwd,6.38
1748747259.63,-3.94,-2.53,140.81,0.93,Fwd,6.38
1748747259.63,-3.94,-2.53,140.81,0.93,Fwd,6.38
1748747259.63,-3.94,-2.53,140.81,0.93,Fwd,6.38
1748747259.73,-3.94,-2.53,140.81,0.93,Fwd,6.38
1748747259.76,-3.96,-2.53,140.81,0.93,Fwd,6.38
1748747259.76,-3.96,-2.12,140.81,0.93,Fwd,6.38
1748747259.77,-3.96,-2.12,137.62,0.93,Fwd,6.38
1748747259.77,-3.96,-2.12,137.62,0.96,Fwd,6.38
1748747259.77,-3.96,-2.12,137.62,0.96,Fwd,6.38
1748747259.77,-3.96,-2.12,137.62,0.96,Fwd,6.38
1748747259.77,-3.96,-2.12,137.62,0.96,Fwd,6.38
1748747259.83,-3.96,-2.12,137.62,0.96,Fwd,6.38
1748747259.84,-3.98,-2.12,137.62,0.96,Fwd,6.38
1748747259.84,-3.98,-1.73,137.62,0.96,Fwd,6.38
1748747259.84,-3.98,-1.73,134.44,0.96,Fwd,6.38
1748747259.84,-3.98,-1.73,134.44,1.02,Fwd,6.38
1748747259.84,-3.98,-1.73,134.44,1.02,Fwd,6.38
1748747259.84,-3.98,-1.73,134.44,1.02,Fwd,6.38
1748747259.84,-3.98,-1.73,134.44,1.02,Fwd,6.38
1748747259.98,-3.98,-1.73,134.44,1.02,Fwd,6.38
1748747259.98,-3.95,-1.73,134.44,1.02,Fwd,6.38
1748747259.98,-3.95,-1.18,134.44,1.02,Fwd,6.38
1748747259.98,-3.95,-1.18,131.31,1.02,Fwd,6.38
1748747259.98,-3.95,-1.18,131.31,0.98,Fwd,6.38
1748747259.98,-3.95,-1.18,131.31,0.98,Fwd,6.38
1748747259.98,-3.95,-1.18,131.31,0.98,Fwd,6.38
1748747259.99,-3.95,-1.18,131.31,0.98,Fwd,6.38
1748747260.05,-3.95,-1.18,131.31,0.98,Fwd,6.38
1748747260.05,-3.79,-1.18,131.31,0.98,Fwd,6.38
1748747260.05,-3.79,-0.95,131.31,0.98,Fwd,6.38
1748747260.05,-3.79,-0.95,128.77,0.98,Fwd,6.38
1748747260.05,-3.79,-0.95,128.77,1.03,Fwd,6.38
1748747260.05,-3.79,-0.95,128.77,1.03,Fwd,6.38
1748747260.06,-3.79,-0.95,128.77,1.03,Fwd,6.38
1748747260.06,-3.79,-0.95,128.77,1.03,Fwd,6.38
1748747260.15,-3.79,-0.95,128.77,1.03,Fwd,6.38
1748747260.18,-3.53,-0.95,128.77,1.03,Fwd,6.38
1748747260.19,-3.53,-1.08,128.77,1.03,Fwd,6.38
1748747260.19,-3.53,-1.08,127.01,1.03,Fwd,6.38
1748747260.19,-3.53,-1.08,127.01,0.95,Fwd,6.38
1748747260.19,-3.53,-1.08,127.01,0.95,Fwd,6.38
1748747260.19,-3.53,-1.08,127.01,0.95,Fwd,6.38
1748747260.19,-3.53,-1.08,127.01,0.95,Fwd,6.38
1748747260.22,-3.53,-1.08,127.01,0.95,Fwd,5.84
1748747260.22,-3.22,-1.08,127.01,0.95,Fwd,5.84
1748747260.22,-3.22,-1.78,127.01,0.95,Fwd,5.84
1748747260.23,-3.22,-1.78,125.91,0.95,Fwd,5.84
1748747260.23,-3.22,-1.78,125.91,0.96,Fwd,5.84
1748747260.23,-3.22,-1.78,125.91,0.96,Fwd,5.84
1748747260.23,-3.22,-1.78,125.91,0.96,Fwd,5.84
1748747260.23,-3.22,-1.78,125.91,0.96,Fwd,5.84
1748747260.32,-3.22,-1.78,125.91,0.96,Fwd,5.84
1748747260.36,-2.81,-1.78,125.91,0.96,Fwd,5.84
1748747260.39,-2.81,-2.05,125.91,0.96,Fwd,5.84
1748747260.43,-2.81,-2.05,125.27,0.96,Fwd,5.84
1748747260.43,-2.81,-2.05,125.27,0.93,Fwd,5.84
1748747260.43,-2.81,-2.05,125.27,0.93,Fwd,5.84
1748747260.46,-2.81,-2.05,125.27,0.93,Fwd,5.84
1748747260.50,-2.81,-2.05,125.27,0.93,Fwd,5.84
1748747260.54,-2.81,-2.05,125.27,0.93,Fwd,5.84
1748747260.54,-1.91,-2.05,125.27,0.93,Fwd,5.84
1748747260.54,-1.91,-2.10,125.27,0.93,Fwd,5.84
1748747260.54,-1.91,-2.10,124.63,0.93,Fwd,5.84
1748747260.54,-1.91,-2.10,124.63,0.86,Fwd,5.84
1748747260.54,-1.91,-2.10,124.63,0.86,Fwd,5.84
1748747260.54,-1.91,-2.10,124.63,0.86,Fwd,5.84
1748747260.54,-1.91,-2.10,124.63,0.86,Fwd,5.84
1748747260.54,-1.91,-2.10,124.63,0.86,Fwd,5.84
1748747260.54,-1.91,-2.10,123.59,0.86,Fwd,5.84
1748747260.64,-1.91,-2.10,123.59,0.86,Fwd,5.84
1748747260.64,-2.23,-2.10,123.59,0.86,Fwd,5.84
1748747260.64,-2.23,-2.08,123.59,0.86,Fwd,5.84
1748747260.64,-2.23,-2.08,122.42,0.86,Fwd,5.84
1748747260.64,-2.23,-2.08,122.42,1.12,Fwd,5.84
1748747260.64,-2.23,-2.08,122.42,1.12,Fwd,5.84
1748747260.64,-2.23,-2.08,122.42,1.12,Fwd,5.84
1748747260.64,-2.23,-2.08,122.42,1.12,Fwd,5.84
1748747260.74,-2.23,-2.08,122.42,1.12,Fwd,5.84
1748747260.75,-1.40,-2.08,122.42,1.12,Fwd,5.84
1748747260.75,-1.40,-1.61,122.42,1.12,Fwd,5.84
1748747260.75,-1.40,-1.61,120.99,1.12,Fwd,5.84
1748747260.75,-1.40,-1.61,120.99,0.94,Fwd,5.84
1748747260.75,-1.40,-1.61,120.99,0.94,Fwd,5.84
1748747260.75,-1.40,-1.61,120.99,0.94,Fwd,5.84
1748747260.75,-1.40,-1.61,120.99,0.94,Fwd,5.84
1748747260.85,-1.40,-1.61,120.99,0.94,Fwd,5.84
1748747260.88,-1.19,-1.61,120.99,0.94,Fwd,5.84
1748747260.92,-1.19,-0.04,120.99,0.94,Fwd,5.84
1748747260.92,-1.19,-0.04,119.78,0.94,Fwd,5.84
1748747260.92,-1.19,-0.04,119.78,0.96,Fwd,5.84
1748747260.92,-1.19,-0.04,119.78,0.96,Fwd,5.84
1748747260.92,-1.19,-0.04,119.78,0.96,Fwd,5.84
1748747260.92,-1.19,-0.04,119.78,0.96,Fwd,5.84
1748747260.92,-1.19,-0.04,119.78,0.96,Fwd,5.05
1748747260.92,-2.80,-0.04,119.78,0.96,Fwd,5.05
1748747260.95,-2.80,1.21,119.78,0.96,Fwd,5.05
1748747260.95,-2.80,1.21,118.18,0.96,Fwd,5.05
1748747260.95,-2.80,1.21,118.18,1.00,Fwd,5.05
1748747260.95,-2.80,1.21,118.18,1.00,Fwd,5.05
1748747260.95,-2.80,1.21,118.18,1.00,Fwd,5.05
1748747260.95,-2.80,1.21,118.18,1.00,Fwd,5.05
1748747261.02,-2.80,1.21,118.18,1.00,Fwd,5.05
1748747261.06,-4.90,1.21,118.18,1.00,Fwd,5.05
1748747261.06,-4.90,3.04,118.18,1.00,Fwd,5.05
1748747261.06,-4.90,3.04,115.81,1.00,Fwd,5.05
1748747261.06,-4.90,3.04,115.81,0.93,Fwd,5.05
1748747261.07,-4.90,3.04,115.81,0.93,Fwd,5.05
1748747261.07,-4.90,3.04,115.81,0.93,Fwd,5.05
1748747261.07,-4.90,3.04,115.81,0.93,Fwd,5.05
1748747261.13,-4.90,3.04,115.81,0.93,Fwd,5.05
1748747261.13,-6.29,3.04,115.81,0.93,Fwd,5.05
1748747261.13,-6.29,5.02,115.81,0.93,Fwd,5.05
1748747261.17,-6.29,5.02,113.01,0.93,Fwd,5.05
1748747261.17,-6.29,5.02,113.01,0.94,Fwd,5.05
1748747261.18,-6.29,5.02,113.01,0.94,Fwd,5.05
1748747261.18,-6.29,5.02,113.01,0.94,Fwd,5.05
1748747261.18,-6.29,5.02,113.01,0.94,Fwd,5.05
1748747261.24,-6.29,5.02,113.01,0.94,Fwd,5.05
1748747261.24,-5.82,5.02,113.01,0.94,Fwd,5.05
1748747261.24,-5.82,5.63,113.01,0.94,Fwd,5.05
1748747261.24,-5.82,5.63,111.06,0.94,Fwd,5.05
1748747261.24,-5.82,5.63,111.06,0.90,Fwd,5.05
1748747261.24,-5.82,5.63,111.06,0.90,Fwd,5.05
1748747261.25,-5.82,5.63,111.06,0.90,Fwd,5.05
1748747261.25,-5.82,5.63,111.06,0.90,Fwd,5.05
1748747261.34,-5.82,5.63,111.06,0.90,Fwd,5.05
1748747261.37,-4.13,5.63,111.06,0.90,Fwd,5.05
1748747261.37,-4.13,4.41,111.06,0.90,Fwd,5.05
1748747261.37,-4.13,4.41,110.48,0.90,Fwd,5.05
1748747261.37,-4.13,4.41,110.48,0.99,Fwd,5.05
1748747261.38,-4.13,4.41,110.48,0.99,Fwd,5.05
1748747261.38,-4.13,4.41,110.48,0.99,Fwd,5.05
1748747261.38,-4.13,4.41,110.48,0.99,Fwd,5.05
1748747261.44,-4.13,4.41,110.48,0.99,Fwd,7.70
1748747261.44,-3.64,4.41,110.48,0.99,Fwd,7.70
1748747261.45,-3.64,3.29,110.48,0.99,Fwd,7.70
1748747261.45,-3.64,3.29,110.40,0.99,Fwd,7.70
1748747261.45,-3.64,3.29,110.40,0.91,Fwd,7.70
1748747261.45,-3.64,3.29,110.40,0.91,Fwd,7.70
1748747261.45,-3.64,3.29,110.40,0.91,Fwd,7.70
1748747261.45,-3.64,3.29,110.40,0.91,Fwd,7.70
1748747261.55,-3.64,3.29,110.40,0.91,Fwd,7.70
1748747261.55,-3.19,3.29,110.40,0.91,Fwd,7.70
1748747261.55,-3.19,3.34,110.40,0.91,Fwd,7.70
1748747261.58,-3.19,3.34,110.34,0.91,Fwd,7.70
1748747261.62,-3.19,3.34,110.34,0.97,Fwd,7.70
1748747261.62,-3.19,3.34,110.34,0.97,Fwd,7.70
1748747261.62,-3.19,3.34,110.34,0.97,Fwd,7.70
1748747261.62,-3.19,3.34,110.34,0.97,Fwd,7.70
1748747261.62,-3.19,3.34,110.34,0.97,Fwd,7.70
1748747261.62,-3.09,3.34,110.34,0.97,Fwd,7.70
1748747261.62,-3.09,3.70,110.34,0.97,Fwd,7.70
1748747261.62,-3.09,3.70,110.20,0.97,Fwd,7.70
1748747261.62,-3.09,3.70,110.20,1.06,Fwd,7.70
1748747261.62,-3.09,3.70,110.20,1.06,Fwd,7.70
1748747261.65,-3.09,3.70,110.20,1.06,Fwd,7.70
1748747261.65,-3.09,3.70,110.20,1.06,Fwd,7.70
1748747261.72,-3.09,3.70,110.20,1.06,Fwd,7.70
1748747261.72,-2.91,3.70,110.20,1.06,Fwd,7.70
1748747261.72,-2.91,3.84,110.20,1.06,Fwd,7.70
1748747261.73,-2.91,3.84,110.16,1.06,Fwd,7.70
1748747261.73,-2.91,3.84,110.16,0.92,Fwd,7.70
1748747261.73,-2.91,3.84,110.16,0.92,Fwd,7.70
1748747261.73,-2.91,3.84,110.16,0.92,Fwd,7.70
1748747261.73,-2.91,3.84,110.16,0.92,Fwd,7.70
1748747261.83,-2.91,3.84,110.16,0.92,Fwd,7.70
1748747261.83,-2.42,3.84,110.16,0.92,Fwd,7.70
1748747261.83,-2.42,3.74,110.16,0.92,Fwd,7.70
1748747261.83,-2.42,3.74,110.31,0.92,Fwd,7.70
1748747261.83,-2.42,3.74,110.31,1.02,Fwd,7.70
1748747261.83,-2.42,3.74,110.31,1.02,Fwd,7.70
1748747261.83,-2.42,3.74,110.31,1.02,Fwd,7.70
1748747261.83,-2.42,3.74,110.31,1.02,Fwd,7.70
1748747261.94,-2.42,3.74,110.31,1.02,Fwd,7.48
1748747261.94,-2.02,3.74,110.31,1.02,Fwd,7.48
1748747261.94,-2.02,3.87,110.31,1.02,Fwd,7.48
1748747261.97,-2.02,3.87,110.51,1.02,Fwd,7.48
1748747261.97,-2.02,3.87,110.51,0.99,Fwd,7.48
1748747261.97,-2.02,3.87,110.51,0.99,Fwd,7.48
1748747261.97,-2.02,3.87,110.51,0.99,Fwd,7.48
1748747261.97,-2.02,3.87,110.51,0.99,Fwd,7.48
1748747262.04,-2.02,3.87,110.51,0.99,Fwd,7.48
1748747262.04,-1.71,3.87,110.51,0.99,Fwd,7.48
1748747262.04,-1.71,3.91,110.51,0.99,Fwd,7.48
1748747262.04,-1.71,3.91,110.64,0.99,Fwd,7.48
1748747262.05,-1.71,3.91,110.64,0.90,Fwd,7.48
1748747262.05,-1.71,3.91,110.64,0.90,Fwd,7.48
1748747262.05,-1.71,3.91,110.64,0.90,Fwd,7.48
1748747262.05,-1.71,3.91,110.64,0.90,Fwd,7.48
1748747262.15,-1.71,3.91,110.64,0.90,Fwd,7.48
1748747262.18,-1.44,3.91,110.64,0.90,Fwd,7.48
1748747262.19,-1.44,4.05,110.64,0.90,Fwd,7.48
1748747262.19,-1.44,4.05,110.65,0.90,Fwd,7.48
1748747262.19,-1.44,4.05,110.65,1.02,Fwd,7.48
1748747262.19,-1.44,4.05,110.65,1.02,Fwd,7.48
1748747262.19,-1.44,4.05,110.65,1.02,Fwd,7.48
1748747262.20,-1.44,4.05,110.65,1.02,Fwd,7.48
1748747262.25,-1.44,4.05,110.65,1.02,Fwd,7.48
1748747262.26,-1.26,4.05,110.65,1.02,Fwd,7.48
1748747262.26,-1.26,4.50,110.65,1.02,Fwd,7.48
1748747262.26,-1.26,4.50,110.53,1.02,Fwd,7.48
1748747262.26,-1.26,4.50,110.53,1.02,Fwd,7.48
1748747262.26,-1.26,4.50,110.53,1.02,Fwd,7.48
1748747262.26,-1.26,4.50,110.53,1.02,Fwd,7.48
1748747262.26,-1.26,4.50,110.53,1.02,Fwd,7.48
1748747262.32,-1.26,4.50,110.53,1.02,Fwd,7.48
1748747262.32,-1.03,4.50,110.53,1.02,Fwd,7.48
1748747262.32,-1.03,4.80,110.53,1.02,Fwd,7.48
1748747262.33,-1.03,4.80,110.48,1.02,Fwd,7.48
1748747262.33,-1.03,4.80,110.48,1.11,Fwd,7.48
1748747262.33,-1.03,4.80,110.48,1.11,Fwd,7.48
1748747262.33,-1.03,4.80,110.48,1.11,Fwd,7.48
1748747262.33,-1.03,4.80,110.48,1.11,Fwd,7.48
1748747262.43,-1.03,4.80,110.48,1.11,Fwd,7.24
1748747262.46,-0.79,4.80,110.48,1.11,Fwd,7.24
1748747262.46,-0.79,5.34,110.48,1.11,Fwd,7.24
1748747262.47,-0.79,5.34,110.54,1.11,Fwd,7.24
1748747262.47,-0.79,5.34,110.54,0.91,Fwd,7.24
1748747262.47,-0.79,5.34,110.54,0.91,Fwd,7.24
1748747262.47,-0.79,5.34,110.54,0.91,Fwd,7.24
1748747262.47,-0.79,5.34,110.54,0.91,Fwd,7.24
1748747262.53,-0.79,5.34,110.54,0.91,Fwd,7.24
1748747262.53,-0.39,5.34,110.54,0.91,Fwd,7.24
1748747262.54,-0.39,5.68,110.54,0.91,Fwd,7.24
1748747262.54,-0.39,5.68,110.83,0.91,Fwd,7.24
1748747262.54,-0.39,5.68,110.83,0.82,Fwd,7.24
1748747262.54,-0.39,5.68,110.83,0.82,Fwd,7.24
1748747262.54,-0.39,5.68,110.83,0.82,Fwd,7.24
1748747262.54,-0.39,5.68,110.83,0.82,Fwd,7.24
1748747262.64,-0.39,5.68,110.83,0.82,Fwd,7.24
1748747262.64,-0.20,5.68,110.83,0.82,Fwd,7.24
1748747262.64,-0.20,6.25,110.83,0.82,Fwd,7.24
1748747262.64,-0.20,6.25,111.33,0.82,Fwd,7.24
1748747262.64,-0.20,6.25,111.33,0.91,Fwd,7.24
1748747262.64,-0.20,6.25,111.33,0.91,Fwd,7.24
1748747262.64,-0.20,6.25,111.33,0.91,Fwd,7.24
1748747262.65,-0.20,6.25,111.33,0.91,Fwd,7.24
1748747262.74,-0.20,6.25,111.33,0.91,Fwd,7.24
1748747262.74,0.23,6.25,111.33,0.91,Fwd,7.24
1748747262.74,0.23,6.82,111.33,0.91,Fwd,7.24
1748747262.74,0.23,6.82,112.18,0.91,Fwd,7.24
1748747262.74,0.23,6.82,112.18,1.03,Fwd,7.24
1748747262.75,0.23,6.82,112.18,1.03,Fwd,7.24
1748747262.75,0.23,6.82,112.18,1.03,Fwd,7.24
1748747262.75,0.23,6.82,112.18,1.03,Fwd,7.24
1748747262.85,0.23,6.82,112.18,1.03,Fwd,7.24
1748747262.88,0.50,6.82,112.18,1.03,Fwd,7.24
1748747262.88,0.50,7.33,112.18,1.03,Fwd,7.24
1748747262.89,0.50,7.33,113.28,1.03,Fwd,7.24
1748747262.89,0.50,7.33,113.28,1.02,Fwd,7.24
1748747262.89,0.50,7.33,113.28,1.02,Fwd,7.24
1748747262.89,0.50,7.33,113.28,1.02,Fwd,7.24
1748747262.89,0.50,7.33,113.28,1.02,Fwd,7.24
1748747262.95,0.50,7.33,113.28,1.02,Fwd,7.24
1748747262.95,0.64,7.33,113.28,1.02,Fwd,7.24
1748747262.95,0.64,7.79,113.28,1.02,Fwd,7.24
1748747262.96,0.64,7.79,114.79,1.02,Fwd,7.24
1748747262.96,0.64,7.79,114.79,0.99,Fwd,7.24
1748747262.96,0.64,7.79,114.79,0.99,Fwd,7.24
1748747262.96,0.64,7.79,114.79,0.99,Fwd,7.24
1748747262.96,0.64,7.79,114.79,0.99,Fwd,7.24
1748747263.02,0.64,7.79,114.79,0.99,Fwd,7.05
1748747263.02,0.55,7.79,114.79,0.99,Fwd,7.05
1748747263.02,0.55,7.84,114.79,0.99,Fwd,7.05
1748747263.02,0.55,7.84,116.94,0.99,Fwd,7.05
1748747263.03,0.55,7.84,116.94,0.97,Fwd,7.05
1748747263.03,0.55,7.84,116.94,0.97,Fwd,7.05
1748747263.03,0.55,7.84,116.94,0.97,Fwd,7.05
1748747263.03,0.55,7.84,116.94,0.97,Fwd,7.05
1748747263.13,0.55,7.84,116.94,0.97,Fwd,7.05
1748747263.16,0.65,7.84,116.94,0.97,Fwd,7.05
1748747263.20,0.65,7.17,116.94,0.97,Fwd,7.05
1748747263.20,0.65,7.17,119.96,0.97,Fwd,7.05
1748747263.20,0.65,7.17,119.96,1.08,Fwd,7.05
1748747263.20,0.65,7.17,119.96,1.08,Fwd,7.05
1748747263.20,0.65,7.17,119.96,1.08,Fwd,7.05
1748747263.20,0.65,7.17,119.96,1.08,Fwd,7.05
1748747263.23,0.65,7.17,119.96,1.08,Fwd,7.05
1748747263.23,0.72,7.17,119.96,1.08,Fwd,7.05
1748747263.23,0.72,6.33,119.96,1.08,Fwd,7.05
1748747263.24,0.72,6.33,123.79,1.08,Fwd,7.05
1748747263.24,0.72,6.33,123.79,1.14,Fwd,7.05
1748747263.24,0.72,6.33,123.79,1.14,Fwd,7.05
1748747263.24,0.72,6.33,123.79,1.14,Fwd,7.05
1748747263.24,0.72,6.33,123.79,1.14,Fwd,7.05
1748747263.34,0.72,6.33,123.79,1.14,Fwd,7.05
1748747263.37,0.83,6.33,123.79,1.14,Fwd,7.05
1748747263.40,0.83,5.47,123.79,1.14,Fwd,7.05
1748747263.40,0.83,5.47,128.16,1.14,Fwd,7.05
1748747263.41,0.83,5.47,128.16,0.91,Fwd,7.05
1748747263.41,0.83,5.47,128.16,0.91,Fwd,7.05
1748747263.41,0.83,5.47,128.16,0.91,Fwd,7.05
1748747263.41,0.83,5.47,128.16,0.91,Fwd,7.05
1748747263.44,0.83,5.47,128.16,0.91,Fwd,7.05
1748747263.44,1.09,5.47,128.16,0.91,Fwd,7.05
1748747263.44,1.09,4.63,128.16,0.91,Fwd,7.05
1748747263.45,1.09,4.63,132.49,0.91,Fwd,7.05
1748747263.45,1.09,4.63,132.49,0.97,Fwd,7.05
1748747263.45,1.09,4.63,132.49,0.97,Fwd,7.05
1748747263.45,1.09,4.63,132.49,0.97,Fwd,7.05
1748747263.45,1.09,4.63,132.49,0.97,Fwd,7.05
1748747263.55,1.09,4.63,132.49,0.97,Fwd,7.32
1748747263.55,1.06,4.63,132.49,0.97,Fwd,7.32
1748747263.55,1.06,3.97,132.49,0.97,Fwd,7.32
1748747263.55,1.06,3.97,136.44,0.97,Fwd,7.32
1748747263.56,1.06,3.97,136.44,0.91,Fwd,7.32
1748747263.56,1.06,3.97,136.44,0.91,Fwd,7.32
1748747263.56,1.06,3.97,136.44,0.91,Fwd,7.32
1748747263.56,1.06,3.97,136.44,0.91,Fwd,7.32
1748747263.65,1.06,3.97,136.44,0.91,Fwd,7.32
1748747263.65,0.83,3.97,136.44,0.91,Fwd,7.32
1748747263.65,0.83,3.61,136.44,0.91,Fwd,7.32
1748747263.65,0.83,3.61,140.05,0.91,Fwd,7.32
1748747263.65,0.83,3.61,140.05,1.16,Fwd,7.32
1748747263.65,0.83,3.61,140.05,1.16,Fwd,7.32
1748747263.66,0.83,3.61,140.05,1.16,Fwd,7.32
1748747263.66,0.83,3.61,140.05,1.16,Fwd,7.32
1748747263.72,0.83,3.61,140.05,1.16,Fwd,7.32
1748747263.73,0.57,3.61,140.05,1.16,Fwd,7.32
1748747263.73,0.57,3.11,140.05,1.16,Fwd,7.32
1748747263.73,0.57,3.11,143.36,1.16,Fwd,7.32
1748747263.73,0.57,3.11,143.36,0.96,Fwd,7.32
1748747263.73,0.57,3.11,143.36,0.96,Fwd,7.32
1748747263.73,0.57,3.11,143.36,0.96,Fwd,7.32
1748747263.74,0.57,3.11,143.36,0.96,Fwd,7.32
1748747263.83,0.57,3.11,143.36,0.96,Fwd,7.32
1748747263.83,0.65,3.11,143.36,0.96,Fwd,7.32
1748747263.83,0.65,2.36,143.36,0.96,Fwd,7.32
1748747263.83,0.65,2.36,146.47,0.96,Fwd,7.32
1748747263.83,0.65,2.36,146.47,0.99,Fwd,7.32
1748747263.83,0.65,2.36,146.47,0.99,Fwd,7.32
1748747263.84,0.65,2.36,146.47,0.99,Fwd,7.32
1748747263.84,0.65,2.36,146.47,0.99,Fwd,7.32
1748747263.93,0.65,2.36,146.47,0.99,Fwd,7.32
1748747263.94,1.15,2.36,146.47,0.99,Fwd,7.32
1748747263.94,1.15,2.04,146.47,0.99,Fwd,7.32
1748747263.94,1.15,2.04,149.39,0.99,Fwd,7.32
1748747263.94,1.15,2.04,149.39,0.95,Fwd,7.32
1748747263.94,1.15,2.04,149.39,0.95,Fwd,7.32
1748747263.94,1.15,2.04,149.39,0.95,Fwd,7.32
1748747263.94,1.15,2.04,149.39,0.95,Fwd,7.32