1748747375.75,-2.63,-0.60,135.09,0.85,Fwd,2.16
1748747375.76,-2.63,-0.60,135.09,0.85,Fwd,2.16
1748747375.76,-2.63,-0.60,135.09,0.85,Fwd,2.16
1748747375.76,-2.63,-0.60,135.09,0.85,Fwd,2.16
1748747375.82,-2.63,-0.60,135.09,0.85,Fwd,2.16
1748747375.86,-2.00,-0.60,135.09,0.85,Fwd,2.16
1748747375.86,-2.00,-2.92,135.09,0.85,Fwd,2.16
1748747375.86,-2.00,-2.92,141.48,0.85,Fwd,2.16
1748747375.87,-2.00,-2.92,141.48,0.96,Fwd,2.16
1748747375.87,-2.00,-2.92,141.48,0.96,Fwd,2.16
1748747375.87,-2.00,-2.92,141.48,0.96,Fwd,2.16
1748747375.87,-2.00,-2.92,141.48,0.96,Fwd,2.16
1748747375.93,-2.00,-2.92,141.48,0.96,Fwd,2.16
1748747375.93,-1.75,-2.92,141.48,0.96,Fwd,2.16
1748747375.93,-1.75,-3.93,141.48,0.96,Fwd,2.16
1748747375.94,-1.75,-3.93,147.75,0.96,Fwd,2.16
1748747375.94,-1.75,-3.93,147.75,1.10,Fwd,2.16
1748747375.94,-1.75,-3.93,147.75,1.10,Fwd,2.16
1748747375.94,-1.75,-3.93,147.75,1.10,Fwd,2.16
1748747375.94,-1.75,-3.93,147.75,1.10,Fwd,2.16
1748747376.04,-1.75,-3.93,147.75,1.10,Fwd,4.02
1748747376.07,-1.03,-3.93,147.75,1.10,Fwd,4.02
1748747376.07,-1.03,-3.54,147.75,1.10,Fwd,4.02
1748747376.07,-1.03,-3.54,152.47,1.10,Fwd,4.02
1748747376.08,-1.03,-3.54,152.47,0.99,Fwd,4.02
1748747376.08,-1.03,-3.54,152.47,0.99,Fwd,4.02
1748747376.08,-1.03,-3.54,152.47,0.99,Fwd,4.02
1748747376.08,-1.03,-3.54,152.47,0.99,Fwd,4.02
1748747376.14,-1.03,-3.54,152.47,0.99,Fwd,4.02
1748747376.14,-0.36,-3.54,152.47,0.99,Fwd,4.02
1748747376.15,-0.36,-2.36,152.47,0.99,Fwd,4.02
1748747376.17,-0.36,-2.36,154.66,0.99,Fwd,4.02
1748747376.18,-0.36,-2.36,154.66,1.10,Fwd,4.02
1748747376.18,-0.36,-2.36,154.66,1.10,Fwd,4.02
1748747376.18,-0.36,-2.36,154.66,1.10,Fwd,4.02
1748747376.18,-0.36,-2.36,154.66,1.10,Fwd,4.02
1748747376.24,-0.36,-2.36,154.66,1.10,Fwd,4.02
1748747376.24,1.12,-2.36,154.66,1.10,Fwd,4.02
1748747376.25,1.12,-0.82,154.66,1.10,Fwd,4.02
1748747376.25,1.12,-0.82,154.72,1.10,Fwd,4.02
1748747376.25,1.12,-0.82,154.72,0.94,Fwd,4.02
1748747376.25,1.12,-0.82,154.72,0.94,Fwd,4.02
1748747376.25,1.12,-0.82,154.72,0.94,Fwd,4.02
1748747376.25,1.12,-0.82,154.72,0.94,Fwd,4.02
1748747376.35,1.12,-0.82,154.72,0.94,Fwd,4.02
1748747376.35,2.72,-0.82,154.72,0.94,Fwd,4.02
1748747376.35,2.72,0.05,154.72,0.94,Fwd,4.02
1748747376.35,2.72,0.05,153.83,0.94,Fwd,4.02
1748747376.35,2.72,0.05,153.83,1.01,Fwd,4.02
1748747376.35,2.72,0.05,153.83,1.01,Fwd,4.02
1748747376.38,2.72,0.05,153.83,1.01,Fwd,4.02
1748747376.42,2.72,0.05,153.83,1.01,Fwd,4.02
1748747376.42,2.72,0.05,153.83,1.01,Fwd,4.02
1748747376.42,1.02,0.05,153.83,1.01,Fwd,4.02
1748747376.45,1.02,-1.31,153.83,1.01,Fwd,4.02
1748747376.45,1.02,-1.31,152.84,1.01,Fwd,4.02
1748747376.45,1.02,-1.31,152.84,1.02,Fwd,4.02
1748747376.45,1.02,-1.31,152.84,1.02,Fwd,4.02
1748747376.45,1.02,-1.31,152.84,1.02,Fwd,4.02
1748747376.46,1.02,-1.31,152.84,1.02,Fwd,4.02
1748747376.52,1.02,-1.31,152.84,1.02,Fwd,4.02
1748747376.52,-2.30,-1.31,152.84,1.02,Fwd,4.02
1748747376.53,-2.30,-1.96,152.84,1.02,Fwd,4.02
1748747376.56,-2.30,-1.96,151.28,1.02,Fwd,4.02
1748747376.59,-2.30,-1.96,151.28,1.09,Fwd,4.02
1748747376.59,-2.30,-1.96,151.28,1.09,Fwd,4.02
1748747376.60,-2.30,-1.96,151.28,1.09,Fwd,4.02
1748747376.60,-2.30,-1.96,151.28,1.09,Fwd,4.02
1748747376.63,-2.30,-1.96,151.28,1.09,Fwd,4.02
1748747376.63,-3.04,-1.96,151.28,1.09,Fwd,4.02
1748747376.63,-3.04,0.96,151.28,1.09,Fwd,4.02
1748747376.63,-3.04,0.96,148.69,1.09,Fwd,4.02
1748747376.63,-3.04,0.96,148.69,0.74,Fwd,4.02
1748747376.63,-3.04,0.96,148.69,0.74,Fwd,4.02
1748747376.63,-3.04,0.96,148.69,0.74,Fwd,4.02
1748747376.63,-3.04,0.96,148.69,0.74,Fwd,4.02
1748747376.74,-3.04,0.96,148.69,0.74,Fwd,4.02
1748747376.74,-1.72,0.96,148.69,0.74,Fwd,4.02
1748747376.74,-1.72,2.30,148.69,0.74,Fwd,4.02
1748747376.74,-1.72,2.30,147.46,0.74,Fwd,4.02
1748747376.74,-1.72,2.30,147.46,1.02,Fwd,4.02
1748747376.74,-1.72,2.30,147.46,1.02,Fwd,4.02
1748747376.74,-1.72,2.30,147.46,1.02,Fwd,4.02
1748747376.74,-1.72,2.30,147.46,1.02,Fwd,4.02
1748747376.84,-1.72,2.30,147.46,1.02,Fwd,4.02
1748747376.84,-1.30,2.30,147.46,1.02,Fwd,4.02
1748747376.85,-1.30,2.50,147.46,1.02,Fwd,4.02
1748747376.85,-1.30,2.50,147.90,1.02,Fwd,4.02
1748747376.85,-1.30,2.50,147.90,0.97,Fwd,4.02
1748747376.85,-1.30,2.50,147.90,0.97,Fwd,4.02
1748747376.88,-1.30,2.50,147.90,0.97,Fwd,4.02
1748747376.88,-1.30,2.50,147.90,0.97,Fwd,4.02
1748747376.95,-1.30,2.50,147.90,0.97,Fwd,4.02
1748747376.95,-1.08,2.50,147.90,0.97,Fwd,4.02
1748747376.95,-1.08,1.43,147.90,0.97,Fwd,4.02
1748747376.95,-1.08,1.43,149.71,0.97,Fwd,4.02
1748747376.96,-1.08,1.43,149.71,1.07,Fwd,4.02
1748747376.96,-1.08,1.43,149.71,1.07,Fwd,4.02
1748747376.96,-1.08,1.43,149.71,1.07,Fwd,4.02
1748747376.96,-1.08,1.43,149.71,1.07,Fwd,4.02
1748747377.05,-1.08,1.43,149.71,1.07,Fwd,4.02
1748747377.05,-0.77,1.43,149.71,1.07,Fwd,4.02
1748747377.05,-0.77,1.15,149.71,1.07,Fwd,4.02
1748747377.05,-0.77,1.15,151.26,1.07,Fwd,4.02
1748747377.05,-0.77,1.15,151.26,0.90,Fwd,4.02
1748747377.05,-0.77,1.15,151.26,0.90,Fwd,4.02
1748747377.05,-0.77,1.15,151.26,0.90,Fwd,4.02
1748747377.05,-0.77,1.15,151.26,0.90,Fwd,4.02
1748747377.12,-0.77,1.15,151.26,0.90,Fwd,3.25
1748747377.12,-1.88,1.15,151.26,0.90,Fwd,3.25
1748747377.12,-1.88,0.41,151.26,0.90,Fwd,3.25
1748747377.12,-1.88,0.41,153.04,0.90,Fwd,3.25
1748747377.12,-1.88,0.41,153.04,1.01,Fwd,3.25
1748747377.12,-1.88,0.41,153.04,1.01,Fwd,3.25
1748747377.15,-1.88,0.41,153.04,1.01,Fwd,3.25
1748747377.16,-1.88,0.41,153.04,1.01,Fwd,3.25
1748747377.22,-1.88,0.41,153.04,1.01,Fwd,3.25
1748747377.22,-2.05,0.41,153.04,1.01,Fwd,3.25
1748747377.22,-2.05,-0.08,153.04,1.01,Fwd,3.25
1748747377.23,-2.05,-0.08,154.79,1.01,Fwd,3.25
1748747377.23,-2.05,-0.08,154.79,0.92,Fwd,3.25
1748747377.23,-2.05,-0.08,154.79,0.92,Fwd,3.25
1748747377.23,-2.05,-0.08,154.79,0.92,Fwd,3.25
1748747377.23,-2.05,-0.08,154.79,0.92,Fwd,3.25
1748747377.33,-2.05,-0.08,154.79,0.92,Fwd,3.25
1748747377.36,-1.61,-0.08,154.79,0.92,Fwd,3.25
1748747377.36,-1.61,0.24,154.79,0.92,Fwd,3.25
1748747377.36,-1.61,0.24,155.64,0.92,Fwd,3.25
1748747377.36,-1.61,0.24,155.64,1.03,Fwd,3.25
1748747377.36,-1.61,0.24,155.64,1.03,Fwd,3.25
1748747377.37,-1.61,0.24,155.64,1.03,Fwd,3.25
1748747377.37,-1.61,0.24,155.64,1.03,Fwd,3.25
1748747377.43,-1.61,0.24,155.64,1.03,Fwd,3.25
1748747377.43,-1.68,0.24,155.64,1.03,Fwd,3.25
1748747377.43,-1.68,-0.67,155.64,1.03,Fwd,3.25
1748747377.43,-1.68,-0.67,156.37,1.03,Fwd,3.25
1748747377.44,-1.68,-0.67,156.37,0.92,Fwd,3.25
1748747377.44,-1.68,-0.67,156.37,0.92,Fwd,3.25
1748747377.44,-1.68,-0.67,156.37,0.92,Fwd,3.25
1748747377.44,-1.68,-0.67,156.37,0.92,Fwd,3.25
1748747377.54,-1.68,-0.67,156.37,0.92,Fwd,3.25
1748747377.58,-2.46,-0.67,156.37,0.92,Fwd,3.25
1748747377.58,-2.46,1.38,156.37,0.92,Fwd,3.25
1748747377.58,-2.46,1.38,157.14,0.92,Fwd,3.25
1748747377.59,-2.46,1.38,157.14,1.09,Fwd,3.25
1748747377.59,-2.46,1.38,157.14,1.09,Fwd,3.25
1748747377.59,-2.46,1.38,157.14,1.09,Fwd,3.25
1748747377.59,-2.46,1.38,157.14,1.09,Fwd,3.25
1748747377.65,-2.46,1.38,157.14,1.09,Fwd,3.25
1748747377.65,-5.91,1.38,157.14,1.09,Fwd,3.25
1748747377.65,-5.91,2.50,157.14,1.09,Fwd,3.25
1748747377.65,-5.91,2.50,157.84,1.09,Fwd,3.25
1748747377.65,-5.91,2.50,157.84,0.95,Fwd,3.25
1748747377.65,-5.91,2.50,157.84,0.95,Fwd,3.25
1748747377.66,-5.91,2.50,157.84,0.95,Fwd,3.25
1748747377.66,-5.91,2.50,157.84,0.95,Fwd,3.25
1748747377.75,-5.91,2.50,157.84,0.95,Fwd,3.25
1748747377.79,-9.21,2.50,157.84,0.95,Fwd,3.25
1748747377.79,-9.21,3.81,157.84,0.95,Fwd,3.25
1748747377.79,-9.21,3.81,159.06,0.95,Fwd,3.25
1748747377.79,-9.21,3.81,159.06,1.05,Fwd,3.25
1748747377.79,-9.21,3.81,159.06,1.05,Fwd,3.25
1748747377.79,-9.21,3.81,159.06,1.05,Fwd,3.25
1748747377.79,-9.21,3.81,159.06,1.05,Fwd,3.25
1748747377.82,-9.21,3.81,159.06,1.05,Fwd,5.62
1748747377.83,-17.28,3.81,159.06,1.05,Fwd,5.62
1748747377.83,-17.28,3.76,159.06,1.05,Fwd,5.62
1748747377.83,-17.28,3.76,163.37,1.05,Fwd,5.62
1748747377.83,-17.28,3.76,163.37,0.82,Fwd,5.62
1748747377.83,-17.28,3.76,163.37,0.82,Fwd,5.62
1748747377.83,-17.28,3.76,163.37,0.82,Fwd,5.62
1748747377.83,-17.28,3.76,163.37,0.82,Fwd,5.62
1748747377.93,-17.28,3.76,163.37,0.82,Fwd,5.62
1748747377.93,-26.02,3.76,163.37,0.82,Fwd,5.62
1748747377.93,-26.02,3.34,163.37,0.82,Fwd,5.62
1748747377.93,-26.02,3.34,169.13,0.82,Fwd,5.62
1748747377.93,-26.02,3.34,169.13,1.00,Fwd,5.62
1748747377.93,-26.02,3.34,169.13,1.00,Fwd,5.62
1748747377.94,-26.02,3.34,169.13,1.00,Fwd,5.62
1748747377.94,-26.02,3.34,169.13,1.00,Fwd,5.62
1748747378.03,-26.02,3.34,169.13,1.00,Fwd,5.62
1748747378.03,-29.06,3.34,169.13,1.00,Fwd,5.62
1748747378.03,-29.06,4.34,169.13,1.00,Fwd,5.62
1748747378.04,-29.06,4.34,171.42,1.00,Fwd,5.62
1748747378.04,-29.06,4.34,171.42,1.95,Fwd,5.62
1748747378.04,-29.06,4.34,171.42,1.95,Fwd,5.62
1748747378.04,-29.06,4.34,171.42,1.95,Fwd,5.62
1748747378.04,-29.06,4.34,171.42,1.95,Fwd,5.62
1748747378.04,-29.06,4.34,171.42,1.95,Fwd,5.62
1748747378.14,-29.06,4.34,171.42,1.95,Fwd,5.62
1748747378.17,-16.61,4.34,171.42,1.95,Fwd,5.62
1748747378.17,-16.61,2.81,171.42,1.95,Fwd,5.62
1748747378.18,-16.61,2.81,174.26,1.95,Fwd,5.62
1748747378.18,-16.61,2.81,174.26,-0.74,Fwd,5.62
1748747378.18,-16.61,2.81,174.26,-0.74,Fwd,5.62
1748747378.18,-16.61,2.81,174.26,-0.74,Fwd,5.62
1748747378.18,-16.61,2.81,174.26,-0.74,Fwd,5.62
1748747378.24,-16.61,2.81,174.26,-0.74,Fwd,5.62
1748747378.24,-8.61,2.81,174.26,-0.74,Fwd,5.62
1748747378.24,-8.61,3.35,174.26,-0.74,Fwd,5.62
1748747378.25,-8.61,3.35,175.83,-0.74,Fwd,5.62
1748747378.25,-8.61,3.35,175.83,-2.20,Fwd,5.62
1748747378.25,-8.61,3.35,175.83,-2.20,Fwd,5.62
1748747378.25,-8.61,3.35,175.83,-2.20,Fwd,5.62
1748747378.25,-8.61,3.35,175.83,-2.20,Fwd,5.62
1748747378.35,-8.61,3.35,175.83,-2.20,Fwd,5.62
1748747378.35,-7.19,3.35,175.83,-2.20,Fwd,5.62
1748747378.36,-7.19,3.67,175.83,-2.20,Fwd,5.62
1748747378.36,-7.19,3.67,176.90,-2.20,Fwd,5.62
1748747378.36,-7.19,3.67,176.90,-0.24,Fwd,5.62
1748747378.36,-7.19,3.67,176.90,-0.24,Fwd,5.62
1748747378.36,-7.19,3.67,176.90,-0.24,Fwd,5.62
1748747378.36,-7.19,3.67,176.90,-0.24,Fwd,5.62
1748747378.45,-7.19,3.67,176.90,-0.24,Fwd,5.62
1748747378.45,-4.66,3.67,176.90,-0.24,Fwd,5.62
1748747378.45,-4.66,2.02,176.90,-0.24,Fwd,5.62
1748747378.46,-4.66,2.02,178.39,-0.24,Fwd,5.62
1748747378.46,-4.66,2.02,178.39,1.42,Fwd,5.62
1748747378.46,-4.66,2.02,178.39,1.42,Fwd,5.62
1748747378.46,-4.66,2.02,178.39,1.42,Fwd,5.62
1748747378.46,-4.66,2.02,178.39,1.42,Fwd,5.62
1748747378.52,-4.66,2.02,178.39,1.42,Fwd,5.62
1748747378.52,-8.19,2.02,178.39,1.42,Fwd,5.62
1748747378.52,-8.19,3.71,178.39,1.42,Fwd,5.62
1748747378.52,-8.19,3.71,177.05,1.42,Fwd,5.62
1748747378.53,-8.19,3.71,177.05,2.11,Fwd,5.62
1748747378.53,-8.19,3.71,177.05,2.11,Fwd,5.62
1748747378.53,-8.19,3.71,177.05,2.11,Fwd,5.62
1748747378.53,-8.19,3.71,177.05,2.11,Fwd,5.62
1748747378.63,-8.19,3.71,177.05,2.11,Fwd,4.55
1748747378.63,-7.49,3.71,177.05,2.11,Fwd,4.55
1748747378.63,-7.49,6.84,177.05,2.11,Fwd,4.55
1748747378.63,-7.49,6.84,174.55,2.11,Fwd,4.55
1748747378.64,-7.49,6.84,174.55,1.50,Fwd,4.55
1748747378.64,-7.49,6.84,174.55,1.50,Fwd,4.55
1748747378.64,-7.49,6.84,174.55,1.50,Fwd,4.55
1748747378.64,-7.49,6.84,174.55,1.50,Fwd,4.55
1748747378.73,-7.49,6.84,174.55,1.50,Fwd,4.55
1748747378.74,-7.12,6.84,174.55,1.50,Fwd,4.55
1748747378.76,-7.12,7.56,174.55,1.50,Fwd,4.55
1748747378.76,-7.12,7.56,171.79,1.50,Fwd,4.55
1748747378.76,-7.12,7.56,171.79,1.13,Fwd,4.55
1748747378.77,-7.12,7.56,171.79,1.13,Fwd,4.55
1748747378.77,-7.12,7.56,171.79,1.13,Fwd,4.55
1748747378.77,-7.12,7.56,171.79,1.13,Fwd,4.55
1748747378.84,-7.12,7.56,171.79,1.13,Fwd,4.55
1748747378.84,-6.81,7.56,171.79,1.13,Fwd,4.55
1748747378.84,-6.81,7.73,171.79,1.13,Fwd,4.55
1748747378.84,-6.81,7.73,170.29,1.13,Fwd,4.55
1748747378.84,-6.81,7.73,170.29,0.93,Fwd,4.55
1748747378.84,-6.81,7.73,170.29,0.93,Fwd,4.55
1748747378.85,-6.81,7.73,170.29,0.93,Fwd,4.55
1748747378.85,-6.81,7.73,170.29,0.93,Fwd,4.55
1748747378.94,-6.81,7.73,170.29,0.93,Fwd,4.55
1748747378.98,-4.44,7.73,170.29,0.93,Fwd,4.55
1748747378.98,-4.44,8.17,170.29,0.93,Fwd,4.55
1748747378.98,-4.44,8.17,172.09,0.93,Fwd,4.55
1748747378.98,-4.44,8.17,172.09,0.79,Fwd,4.55
1748747378.98,-4.44,8.17,172.09,0.79,Fwd,4.55
1748747378.98,-4.44,8.17,172.09,0.79,Fwd,4.55
1748747378.98,-4.44,8.17,172.09,0.79,Fwd,4.55
1748747379.05,-4.44,8.17,172.09,0.79,Fwd,4.55
1748747379.05,-1.29,8.17,172.09,0.79,Fwd,4.55
1748747379.05,-1.29,9.77,172.09,0.79,Fwd,4.55
1748747379.05,-1.29,9.77,175.96,0.79,Fwd,4.55
1748747379.05,-1.29,9.77,175.96,1.13,Fwd,4.55
1748747379.05,-1.29,9.77,175.96,1.13,Fwd,4.55
1748747379.05,-1.29,9.77,175.96,1.13,Fwd,4.55
1748747379.06,-1.29,9.77,175.96,1.13,Fwd,4.55
1748747379.16,-1.29,9.77,175.96,1.13,Fwd,4.55
1748747379.16,0.57,9.77,175.96,1.13,Fwd,4.55
1748747379.16,0.57,13.77,175.96,1.13,Fwd,4.55
1748747379.16,0.57,13.77,179.12,1.13,Fwd,4.55
1748747379.16,0.57,13.77,179.12,1.27,Fwd,4.55
1748747379.16,0.57,13.77,179.12,1.27,Fwd,4.55
1748747379.16,0.57,13.77,179.12,1.27,Fwd,4.55
1748747379.17,0.57,13.77,179.12,1.27,Fwd,4.55
1748747379.22,0.57,13.77,179.12,1.27,Fwd,4.55
1748747379.25,-0.73,13.77,179.12,1.27,Fwd,4.55
1748747379.29,-0.73,14.54,179.12,1.27,Fwd,4.55
1748747379.29,-0.73,14.54,183.05,1.27,Fwd,4.55
1748747379.29,-0.73,14.54,183.05,0.89,Fwd,4.55
1748747379.30,-0.73,14.54,183.05,0.89,Fwd,4.55
1748747379.30,-0.73,14.54,183.05,0.89,Fwd,4.55
1748747379.30,-0.73,14.54,183.05,0.89,Fwd,4.55
1748747379.32,-0.73,14.54,183.05,0.89,Fwd,4.55
1748747379.36,-2.20,14.54,183.05,0.89,Fwd,4.55
1748747379.36,-2.20,12.87,183.05,0.89,Fwd,4.55
1748747379.37,-2.20,12.87,189.15,0.89,Fwd,4.55
1748747379.37,-2.20,12.87,189.15,1.07,Fwd,4.55
1748747379.37,-2.20,12.87,189.15,1.07,Fwd,4.55
1748747379.37,-2.20,12.87,189.15,1.07,Fwd,4.55
1748747379.37,-2.20,12.87,189.15,1.07,Fwd,4.55
1748747379.43,-2.20,12.87,189.15,1.07,Fwd,4.55
1748747379.43,-2.45,12.87,189.15,1.07,Fwd,4.55
1748747379.44,-2.45,10.12,189.15,1.07,Fwd,4.55
1748747379.44,-2.45,10.12,196.79,1.07,Fwd,4.55
1748747379.44,-2.45,10.12,196.79,0.86,Fwd,4.55
1748747379.44,-2.45,10.12,196.79,0.86,Fwd,4.55
1748747379.44,-2.45,10.12,196.79,0.86,Fwd,4.55
1748747379.44,-2.45,10.12,196.79,0.86,Fwd,4.55
1748747379.54,-2.45,10.12,196.79,0.86,Fwd,4.29
1748747379.54,-2.73,10.12,196.79,0.86,Fwd,4.29
1748747379.54,-2.73,9.79,196.79,0.86,Fwd,4.29
1748747379.54,-2.73,9.79,205.01,0.86,Fwd,4.29
1748747379.54,-2.73,9.79,205.01,1.02,Fwd,4.29
1748747379.54,-2.73,9.79,205.01,1.02,Fwd,4.29
1748747379.54,-2.73,9.79,205.01,1.02,Fwd,4.29
1748747379.55,-2.73,9.79,205.01,1.02,Fwd,4.29
1748747379.64,-2.73,9.79,205.01,1.02,Fwd,4.29
1748747379.68,-2.31,9.79,205.01,1.02,Fwd,4.29
1748747379.75,-2.31,9.52,205.01,1.02,Fwd,4.29
1748747379.75,-2.31,9.52,226.08,1.02,Fwd,4.29
1748747379.75,-2.31,9.52,226.08,1.05,Fwd,4.29
1748747379.75,-2.31,9.52,226.08,1.05,Fwd,4.29
1748747379.75,-2.31,9.52,226.08,1.05,Fwd,4.29
1748747379.75,-2.31,9.52,226.08,1.05,Fwd,4.29
1748747379.75,-2.31,9.52,226.08,1.05,Fwd,4.29
1748747379.76,-2.04,9.52,226.08,1.05,Fwd,4.29
1748747379.76,-2.04,8.84,226.08,1.05,Fwd,4.29
1748747379.85,-2.04,8.84,226.08,1.05,Fwd,4.29
1748747379.88,-1.69,8.84,226.08,1.05,Fwd,4.29
1748747379.88,-1.69,6.47,226.08,1.05,Fwd,4.29
1748747379.89,-1.69,6.47,237.75,1.05,Fwd,4.29
1748747379.89,-1.69,6.47,237.75,1.03,Fwd,4.29
1748747379.89,-1.69,6.47,237.75,1.03,Fwd,4.29
1748747379.89,-1.69,6.47,237.75,1.03,Fwd,4.29
1748747379.89,-1.69,6.47,237.75,1.03,Fwd,4.29
1748747379.92,-1.69,6.47,237.75,1.03,Fwd,4.29
1748747379.92,-1.24,6.47,237.75,1.03,Fwd,4.29
1748747379.92,-1.24,6.08,237.75,1.03,Fwd,4.29
1748747379.93,-1.24,6.08,247.58,1.03,Fwd,4.29
1748747379.93,-1.24,6.08,247.58,0.82,Fwd,4.29
1748747379.93,-1.24,6.08,247.58,0.82,Fwd,4.29
1748747379.95,-1.24,6.08,247.58,0.82,Fwd,4.29
1748747379.99,-1.24,6.08,247.58,0.82,Fwd,4.29
1748747380.03,-1.24,6.08,247.58,0.82,Fwd,7.47
1748747380.03,-0.82,6.08,247.58,0.82,Fwd,7.47
1748747380.03,-0.82,6.22,247.58,0.82,Fwd,7.47
1748747380.03,-0.82,6.22,255.47,0.82,Fwd,7.47
1748747380.03,-0.82,6.22,255.47,0.91,Fwd,7.47
1748747380.03,-0.82,6.22,255.47,0.91,Fwd,7.47
1748747380.03,-0.82,6.22,255.47,0.91,Fwd,7.47
1748747380.04,-0.82,6.22,255.47,0.91,Fwd,7.47
1748747380.13,-0.82,6.22,255.47,0.91,Fwd,7.47
1748747380.13,-0.50,6.22,255.47,0.91,Fwd,7.47
1748747380.13,-0.50,6.05,255.47,0.91,Fwd,7.47
1748747380.14,-0.50,6.05,262.84,0.91,Fwd,7.47
1748747380.14,-0.50,6.05,262.84,0.98,Fwd,7.47
1748747380.14,-0.50,6.05,262.84,0.98,Fwd,7.47
1748747380.14,-0.50,6.05,262.84,0.98,Fwd,7.47
1748747380.14,-0.50,6.05,262.84,0.98,Fwd,7.47
1748747380.24,-0.50,6.05,262.84,0.98,Fwd,7.47
1748747380.27,-0.18,6.05,262.84,0.98,Fwd,7.47
1748747380.30,-0.18,5.49,262.84,0.98,Fwd,7.47
1748747380.34,-0.18,5.49,270.69,0.98,Fwd,7.47
1748747380.34,-0.18,5.49,270.69,1.02,Fwd,7.47
1748747380.34,-0.18,5.49,270.69,1.02,Fwd,7.47
1748747380.34,-0.18,5.49,270.69,1.02,Fwd,7.47
1748747380.35,-0.18,5.49,270.69,1.02,Fwd,7.47
1748747380.35,-0.18,5.49,270.69,1.02,Fwd,7.47
1748747380.35,-0.14,5.49,270.69,1.02,Fwd,7.47
1748747380.35,-0.14,5.03,270.69,1.02,Fwd,7.47
1748747380.35,-0.14,5.03,278.65,1.02,Fwd,7.47
1748747380.37,-0.14,5.03,278.65,1.02,Fwd,7.47
1748747380.37,-0.14,5.03,278.65,1.02,Fwd,7.47
1748747380.37,-0.14,5.03,278.65,1.02,Fwd,7.47
1748747380.45,-0.14,5.03,278.65,1.02,Fwd,7.47
1748747380.45,-0.52,5.03,278.65,1.02,Fwd,7.47
1748747380.45,-0.52,4.86,278.65,1.02,Fwd,7.47
1748747380.45,-0.52,4.86,286.50,1.02,Fwd,7.47
1748747380.45,-0.52,4.86,286.50,0.95,Fwd,7.47
1748747380.45,-0.52,4.86,286.50,0.95,Fwd,7.47
1748747380.45,-0.52,4.86,286.50,0.95,Fwd,7.47
1748747380.45,-0.52,4.86,286.50,0.95,Fwd,7.47
1748747380.55,-0.52,4.86,286.50,0.95,Fwd,7.25
1748747380.58,-0.76,4.86,286.50,0.95,Fwd,7.25
1748747380.62,-0.76,4.54,286.50,0.95,Fwd,7.25
1748747380.62,-0.76,4.54,294.09,0.95,Fwd,7.25
1748747380.62,-0.76,4.54,294.09,0.97,Fwd,7.25
1748747380.62,-0.76,4.54,294.09,0.97,Fwd,7.25
1748747380.63,-0.76,4.54,294.09,0.97,Fwd,7.25
1748747380.63,-0.76,4.54,294.09,0.97,Fwd,7.25
1748747380.63,-0.76,4.54,294.09,0.97,Fwd,7.25
1748747380.63,-0.94,4.54,294.09,0.97,Fwd,7.25
1748747380.63,-0.94,4.61,294.09,0.97,Fwd,7.25
1748747380.63,-0.94,4.61,301.26,0.97,Fwd,7.25
1748747380.65,-0.94,4.61,301.26,0.93,Fwd,7.25
1748747380.65,-0.94,4.61,301.26,0.93,Fwd,7.25
1748747380.65,-0.94,4.61,301.26,0.93,Fwd,7.25
1748747380.66,-0.94,4.61,301.26,0.93,Fwd,7.25
1748747380.73,-0.94,4.61,301.26,0.93,Fwd,7.25
1748747380.73,-1.13,4.61,301.26,0.93,Fwd,7.25
1748747380.73,-1.13,4.67,301.26,0.93,Fwd,7.25
1748747380.73,-1.13,4.67,308.73,0.93,Fwd,7.25
1748747380.73,-1.13,4.67,308.73,1.01,Fwd,7.25
1748747380.73,-1.13,4.67,308.73,1.01,Fwd,7.25
1748747380.73,-1.13,4.67,308.73,1.01,Fwd,7.25
1748747380.73,-1.13,4.67,308.73,1.01,Fwd,7.25
1748747380.83,-1.13,4.67,308.73,1.01,Fwd,7.25
1748747380.83,-1.47,4.67,308.73,1.01,Fwd,7.25
1748747380.83,-1.47,4.42,308.73,1.01,Fwd,7.25
1748747380.83,-1.47,4.42,317.04,1.01,Fwd,7.25
1748747380.83,-1.47,4.42,317.04,1.07,Fwd,7.25
1748747380.84,-1.47,4.42,317.04,1.07,Fwd,7.25
1748747380.84,-1.47,4.42,317.04,1.07,Fwd,7.25
1748747380.84,-1.47,4.42,317.04,1.07,Fwd,7.25
1748747380.94,-1.47,4.42,317.04,1.07,Fwd,7.25
1748747380.94,-1.84,4.42,317.04,1.07,Fwd,7.25
1748747380.94,-1.84,3.91,317.04,1.07,Fwd,7.25
1748747380.94,-1.84,3.91,325.80,1.07,Fwd,7.25
1748747380.95,-1.84,3.91,325.80,0.95,Fwd,7.25
1748747380.95,-1.84,3.91,325.80,0.95,Fwd,7.25
1748747380.97,-1.84,3.91,325.80,0.95,Fwd,7.25
1748747380.97,-1.84,3.91,325.80,0.95,Fwd,7.25
1748747381.04,-1.84,3.91,325.80,0.95,Fwd,7.18
1748747381.04,-2.24,3.91,325.80,0.95,Fwd,7.18
1748747381.04,-2.24,3.32,325.80,0.95,Fwd,7.18
1748747381.04,-2.24,3.32,334.97,0.95,Fwd,7.18
1748747381.05,-2.24,3.32,334.97,1.04,Fwd,7.18
1748747381.05,-2.24,3.32,334.97,1.04,Fwd,7.18
1748747381.05,-2.24,3.32,334.97,1.04,Fwd,7.18
1748747381.05,-2.24,3.32,334.97,1.04,Fwd,7.18
1748747381.15,-2.24,3.32,334.97,1.04,Fwd,7.18
1748747381.15,-2.66,3.32,334.97,1.04,Fwd,7.18
1748747381.15,-2.66,2.59,334.97,1.04,Fwd,7.18
1748747381.18,-2.66,2.59,344.56,1.04,Fwd,7.18
1748747381.18,-2.66,2.59,344.56,1.04,Fwd,7.18
1748747381.18,-2.66,2.59,344.56,1.04,Fwd,7.18
1748747381.18,-2.66,2.59,344.56,1.04,Fwd,7.18
1748747381.19,-2.66,2.59,344.56,1.04,Fwd,7.18
1748747381.25,-2.66,2.59,344.56,1.04,Fwd,7.18
1748747381.25,-2.85,2.59,344.56,1.04,Fwd,7.18
1748747381.25,-2.85,2.58,344.56,1.04,Fwd,7.18
1748747381.25,-2.85,2.58,353.53,1.04,Fwd,7.18
1748747381.25,-2.85,2.58,353.53,1.12,Fwd,7.18
1748747381.26,-2.85,2.58,353.53,1.12,Fwd,7.18
1748747381.26,-2.85,2.58,353.53,1.12,Fwd,7.18
1748747381.26,-2.85,2.58,353.53,1.12,Fwd,7.18
1748747381.32,-2.85,2.58,353.53,1.12,Fwd,7.18
1748747381.36,-2.86,2.58,353.53,1.12,Fwd,7.18
1748747381.36,-2.86,2.31,353.53,1.12,Fwd,7.18
1748747381.36,-2.86,2.31,2.11,1.12,Fwd,7.18
1748747381.36,-2.86,2.31,2.11,1.02,Fwd,7.18
1748747381.36,-2.86,2.31,2.11,1.02,Fwd,7.18
1748747381.36,-2.86,2.31,2.11,1.02,Fwd,7.18
1748747381.36,-2.86,2.31,2.11,1.02,Fwd,7.18
1748747381.42,-2.86,2.31,2.11,1.02,Fwd,7.18
1748747381.43,-2.97,2.31,2.11,1.02,Fwd,7.18
1748747381.43,-2.97,2.13,2.11,1.02,Fwd,7.18
1748747381.43,-2.97,2.13,10.77,1.02,Fwd,7.18
1748747381.43,-2.97,2.13,10.77,1.05,Fwd,7.18
1748747381.43,-2.97,2.13,10.77,1.05,Fwd,7.18
1748747381.43,-2.97,2.13,10.77,1.05,Fwd,7.18
1748747381.43,-2.97,2.13,10.77,1.05,Fwd,7.18
1748747381.53,-2.97,2.13,10.77,1.05,Fwd,6.92
1748747381.53,-2.79,2.13,10.77,1.05,Fwd,6.92
1748747381.53,-2.79,1.91,10.77,1.05,Fwd,6.92
1748747381.54,-2.79,1.91,18.96,1.05,Fwd,6.92
1748747381.54,-2.79,1.91,18.96,0.85,Fwd,6.92
1748747381.54,-2.79,1.91,18.96,0.85,Fwd,6.92
1748747381.54,-2.79,1.91,18.96,0.85,Fwd,6.92
1748747381.54,-2.79,1.91,18.96,0.85,Fwd,6.92
1748747381.64,-2.79,1.91,18.96,0.85,Fwd,6.92
1748747381.64,-2.66,1.91,18.96,0.85,Fwd,6.92
1748747381.64,-2.66,1.56,18.96,0.85,Fwd,6.92
1748747381.64,-2.66,1.56,26.68,0.85,Fwd,6.92
1748747381.64,-2.66,1.56,26.68,0.93,Fwd,6.92
1748747381.64,-2.66,1.56,26.68,0.93,Fwd,6.92
1748747381.65,-2.66,1.56,26.68,0.93,Fwd,6.92
1748747381.65,-2.66,1.56,26.68,0.93,Fwd,6.92
1748747381.74,-2.66,1.56,26.68,0.93,Fwd,6.92
1748747381.75,-2.54,1.56,26.68,0.93,Fwd,6.92
1748747381.75,-2.54,0.91,26.68,0.93,Fwd,6.92
1748747381.75,-2.54,0.91,34.52,0.93,Fwd,6.92
1748747381.75,-2.54,0.91,34.52,0.97,Fwd,6.92
1748747381.75,-2.54,0.91,34.52,0.97,Fwd,6.92
1748747381.75,-2.54,0.91,34.52,0.97,Fwd,6.92
1748747381.75,-2.54,0.91,34.52,0.97,Fwd,6.92
1748747381.85,-2.54,0.91,34.52,0.97,Fwd,6.92
1748747381.88,-2.83,0.91,34.52,0.97,Fwd,6.92
1748747381.88,-2.83,-0.74,34.52,0.97,Fwd,6.92
1748747381.88,-2.83,-0.74,43.30,0.97,Fwd,6.92
1748747381.88,-2.83,-0.74,43.30,0.94,Fwd,6.92
1748747381.89,-2.83,-0.74,43.30,0.94,Fwd,6.92
1748747381.89,-2.83,-0.74,43.30,0.94,Fwd,6.92
1748747381.89,-2.83,-0.74,43.30,0.94,Fwd,6.92
1748747381.95,-2.83,-0.74,43.30,0.94,Fwd,6.92
1748747381.95,-3.32,-0.74,43.30,0.94,Fwd,6.92
1748747381.95,-3.32,-3.25,43.30,0.94,Fwd,6.92
1748747381.95,-3.32,-3.25,52.72,0.94,Fwd,6.92
1748747381.95,-3.32,-3.25,52.72,0.98,Fwd,6.92
1748747381.95,-3.32,-3.25,52.72,0.98,Fwd,6.92
1748747381.96,-3.32,-3.25,52.72,0.98,Fwd,6.92
1748747381.96,-3.32,-3.25,52.72,0.98,Fwd,6.92
1748747382.02,-3.32,-3.25,52.72,0.98,Fwd,6.92
1748747382.02,-3.56,-3.25,52.72,0.98,Fwd,6.92
1748747382.02,-3.56,-4.63,52.72,0.98,Fwd,6.92
1748747382.02,-3.56,-4.63,61.00,0.98,Fwd,6.92
1748747382.02,-3.56,-4.63,61.00,0.90,Fwd,6.92
1748747382.02,-3.56,-4.63,61.00,0.90,Fwd,6.92
1748747382.02,-3.56,-4.63,61.00,0.90,Fwd,6.92
1748747382.02,-3.56,-4.63,61.00,0.90,Fwd,6.92
1748747382.12,-3.56,-4.63,61.00,0.90,Fwd,6.92
1748747382.12,-3.73,-4.63,61.00,0.90,Fwd,6.92
1748747382.12,-3.73,-4.96,61.00,0.90,Fwd,6.92
1748747382.12,-3.73,-4.96,68.17,0.90,Fwd,6.92
1748747382.12,-3.73,-4.96,68.17,1.04,Fwd,6.92
1748747382.16,-3.73,-4.96,68.17,1.04,Fwd,6.92
1748747382.16,-3.73,-4.96,68.17,1.04,Fwd,6.92
1748747382.16,-3.73,-4.96,68.17,1.04,Fwd,6.92
1748747382.23,-3.73,-4.96,68.17,1.04,Fwd,5.38
1748747382.23,-3.87,-4.96,68.17,1.04,Fwd,5.38
1748747382.23,-3.87,-5.14,68.17,1.04,Fwd,5.38
1748747382.23,-3.87,-5.14,74.79,1.04,Fwd,5.38
1748747382.23,-3.87,-5.14,74.79,1.05,Fwd,5.38
1748747382.23,-3.87,-5.14,74.79,1.05,Fwd,5.38
1748747382.23,-3.87,-5.14,74.79,1.05,Fwd,5.38
1748747382.23,-3.87,-5.14,74.79,1.05,Fwd,5.38
1748747382.33,-3.87,-5.14,74.79,1.05,Fwd,5.38
1748747382.37,-4.52,-5.14,74.79,1.05,Fwd,5.38
1748747382.37,-4.52,-6.08,74.79,1.05,Fwd,5.38
1748747382.37,-4.52,-6.08,80.91,1.05,Fwd,5.38
1748747382.37,-4.52,-6.08,80.91,1.06,Fwd,5.38
1748747382.37,-4.52,-6.08,80.91,1.06,Fwd,5.38
1748747382.37,-4.52,-6.08,80.91,1.06,Fwd,5.38
1748747382.37,-4.52,-6.08,80.91,1.06,Fwd,5.38
1748747382.44,-4.52,-6.08,80.91,1.06,Fwd,5.38
1748747382.44,-5.22,-6.08,80.91,1.06,Fwd,5.38
1748747382.44,-5.22,-6.54,80.91,1.06,Fwd,5.38
1748747382.44,-5.22,-6.54,86.16,1.06,Fwd,5.38
1748747382.44,-5.22,-6.54,86.16,1.22,Fwd,5.38
1748747382.44,-5.22,-6.54,86.16,1.22,Fwd,5.38
1748747382.44,-5.22,-6.54,86.16,1.22,Fwd,5.38
1748747382.44,-5.22,-6.54,86.16,1.22,Fwd,5.38
1748747382.54,-5.22,-6.54,86.16,1.22,Fwd,5.38
1748747382.58,-6.33,-6.54,86.16,1.22,Fwd,5.38
1748747382.61,-6.33,-6.67,86.16,1.22,Fwd,5.38
1748747382.62,-6.33,-6.67,93.01,1.22,Fwd,5.38
1748747382.62,-6.33,-6.67,93.01,1.07,Fwd,5.38
1748747382.62,-6.33,-6.67,93.01,1.07,Fwd,5.38
1748747382.62,-6.33,-6.67,93.01,1.07,Fwd,5.38
1748747382.62,-6.33,-6.67,93.01,1.07,Fwd,5.38
1748747382.62,-6.33,-6.67,93.01,1.07,Fwd,5.38
1748747382.62,-7.75,-6.67,93.01,1.07,Fwd,5.38
1748747382.62,-7.75,-6.71,93.01,1.07,Fwd,5.38
1748747382.65,-7.75,-6.71,93.01,1.07,Fwd,5.38
1748747382.65,-7.75,-6.71,93.01,1.07,Fwd,5.38
1748747382.72,-7.75,-6.71,93.01,1.07,Fwd,5.38
1748747382.72,-7.83,-6.71,93.01,1.07,Fwd,5.38
1748747382.72,-7.83,-7.26,93.01,1.07,Fwd,5.38
1748747382.72,-7.83,-7.26,94.70,1.07,Fwd,5.38
1748747382.72,-7.83,-7.26,94.70,1.05,Fwd,5.38
1748747382.72,-7.83,-7.26,94.70,1.05,Fwd,5.38
1748747382.72,-7.83,-7.26,94.70,1.05,Fwd,5.38
1748747382.72,-7.83,-7.26,94.70,1.05,Fwd,5.38
1748747382.82,-7.83,-7.26,94.70,1.05,Fwd,6.22
1748747382.83,-6.68,-7.26,94.70,1.05,Fwd,6.22
1748747382.83,-6.68,-8.23,94.70,1.05,Fwd,6.22
1748747382.83,-6.68,-8.23,94.91,1.05,Fwd,6.22
1748747382.83,-6.68,-8.23,94.91,0.96,Fwd,6.22
1748747382.83,-6.68,-8.23,94.91,0.96,Fwd,6.22
1748747382.83,-6.68,-8.23,94.91,0.96,Fwd,6.22
1748747382.83,-6.68,-8.23,94.91,0.96,Fwd,6.22
1748747382.93,-6.68,-8.23,94.91,0.96,Fwd,6.22
1748747382.97,-6.12,-8.23,94.91,0.96,Fwd,6.22
1748747382.97,-6.12,-8.02,94.91,0.96,Fwd,6.22
1748747382.97,-6.12,-8.02,94.05,0.96,Fwd,6.22
1748747382.98,-6.12,-8.02,94.05,1.13,Fwd,6.22
1748747382.98,-6.12,-8.02,94.05,1.13,Fwd,6.22
1748747382.98,-6.12,-8.02,94.05,1.13,Fwd,6.22
1748747382.98,-6.12,-8.02,94.05,1.13,Fwd,6.22
1748747383.03,-6.12,-8.02,94.05,1.13,Fwd,6.22
1748747383.07,-5.48,-8.02,94.05,1.13,Fwd,6.22
1748747383.07,-5.48,-7.66,94.05,1.13,Fwd,6.22
1748747383.07,-5.48,-7.66,91.61,1.13,Fwd,6.22
1748747383.07,-5.48,-7.66,91.61,0.94,Fwd,6.22
1748747383.08,-5.48,-7.66,91.61,0.94,Fwd,6.22
1748747383.08,-5.48,-7.66,91.61,0.94,Fwd,6.22
1748747383.08,-5.48,-7.66,91.61,0.94,Fwd,6.22
1748747383.14,-5.48,-7.66,91.61,0.94,Fwd,6.22
1748747383.15,-5.10,-7.66,91.61,0.94,Fwd,6.22
1748747383.15,-5.10,-6.21,91.61,0.94,Fwd,6.22
1748747383.15,-5.10,-6.21,88.24,0.94,Fwd,6.22
1748747383.15,-5.10,-6.21,88.24,0.98,Fwd,6.22
1748747383.15,-5.10,-6.21,88.24,0.98,Fwd,6.22
1748747383.15,-5.10,-6.21,88.24,0.98,Fwd,6.22
1748747383.15,-5.10,-6.21,88.24,0.98,Fwd,6.22
1748747383.25,-5.10,-6.21,88.24,0.98,Fwd,6.22
1748747383.25,-4.57,-6.21,88.24,0.98,Fwd,6.22
1748747383.25,-4.57,-5.30,88.24,0.98,Fwd,6.22
1748747383.25,-4.57,-5.30,85.22,0.98,Fwd,6.22
1748747383.25,-4.57,-5.30,85.22,1.00,Fwd,6.22
1748747383.25,-4.57,-5.30,85.22,1.00,Fwd,6.22
1748747383.26,-4.57,-5.30,85.22,1.00,Fwd,6.22
1748747383.26,-4.57,-5.30,85.22,1.00,Fwd,6.22
1748747383.35,-4.57,-5.30,85.22,1.00,Fwd,6.22
1748747383.35,-4.24,-5.30,85.22,1.00,Fwd,6.22
1748747383.35,-4.24,-5.02,85.22,1.00,Fwd,6.22
1748747383.36,-4.24,-5.02,82.88,1.00,Fwd,6.22
1748747383.36,-4.24,-5.02,82.88,0.92,Fwd,6.22
1748747383.36,-4.24,-5.02,82.88,0.92,Fwd,6.22
1748747383.36,-4.24,-5.02,82.88,0.92,Fwd,6.22
1748747383.36,-4.24,-5.02,82.88,0.92,Fwd,6.22
1748747383.42,-4.24,-5.02,82.88,0.92,Fwd,6.78
1748747383.42,-3.74,-5.02,82.88,0.92,Fwd,6.78
1748747383.42,-3.74,-4.95,82.88,0.92,Fwd,6.78
1748747383.42,-3.74,-4.95,80.59,0.92,Fwd,6.78
1748747383.43,-3.74,-4.95,80.59,1.05,Fwd,6.78
1748747383.43,-3.74,-4.95,80.59,1.05,Fwd,6.78
1748747383.43,-3.74,-4.95,80.59,1.05,Fwd,6.78
1748747383.43,-3.74,-4.95,80.59,1.05,Fwd,6.78
1748747383.53,-3.74,-4.95,80.59,1.05,Fwd,6.78
1748747383.53,-3.19,-4.95,80.59,1.05,Fwd,6.78
1748747383.53,-3.19,-4.37,80.59,1.05,Fwd,6.78
1748747383.53,-3.19,-4.37,77.77,1.05,Fwd,6.78
1748747383.53,-3.19,-4.37,77.77,0.99,Fwd,6.78
1748747383.53,-3.19,-4.37,77.77,0.99,Fwd,6.78
1748747383.53,-3.19,-4.37,77.77,0.99,Fwd,6.78
1748747383.54,-3.19,-4.37,77.77,0.99,Fwd,6.78
1748747383.63,-3.19,-4.37,77.77,0.99,Fwd,6.78
1748747383.67,-2.76,-4.37,77.77,0.99,Fwd,6.78
1748747383.67,-2.76,-2.89,77.77,0.99,Fwd,6.78
1748747383.67,-2.76,-2.89,74.18,0.99,Fwd,6.78
1748747383.67,-2.76,-2.89,74.18,1.01,Fwd,6.78
1748747383.67,-2.76,-2.89,74.18,1.01,Fwd,6.78
1748747383.67,-2.76,-2.89,74.18,1.01,Fwd,6.78
1748747383.68,-2.76,-2.89,74.18,1.01,Fwd,6.78
1748747383.74,-2.76,-2.89,74.18,1.01,Fwd,6.78
1748747383.74,-2.58,-2.89,74.18,1.01,Fwd,6.78
1748747383.74,-2.58,-1.27,74.18,1.01,Fwd,6.78
1748747383.74,-2.58,-1.27,70.11,1.01,Fwd,6.78
1748747383.74,-2.58,-1.27,70.11,0.98,Fwd,6.78
1748747383.74,-2.58,-1.27,70.11,0.98,Fwd,6.78
1748747383.75,-2.58,-1.27,70.11,0.98,Fwd,6.78
1748747383.75,-2.58,-1.27,70.11,0.98,Fwd,6.78
1748747383.84,-2.58,-1.27,70.11,0.98,Fwd,6.78
1748747383.87,-2.45,-1.27,70.11,0.98,Fwd,6.78
1748747383.91,-2.45,0.21,70.11,0.98,Fwd,6.78
1748747383.91,-2.45,0.21,66.16,0.98,Fwd,6.78
1748747383.91,-2.45,0.21,66.16,0.96,Fwd,6.78
1748747383.91,-2.45,0.21,66.16,0.96,Fwd,6.78
1748747383.92,-2.45,0.21,66.16,0.96,Fwd,6.78
1748747383.92,-2.45,0.21,66.16,0.96,Fwd,6.78
1748747383.94,-2.45,0.21,66.16,0.96,Fwd,6.78
1748747383.98,-2.35,0.21,66.16,0.96,Fwd,6.78
1748747384.01,-2.35,1.52,66.16,0.96,Fwd,6.78
1748747384.02,-2.35,1.52,62.88,0.96,Fwd,6.78
1748747384.02,-2.35,1.52,62.88,0.95,Fwd,6.78
1748747384.02,-2.35,1.52,62.88,0.95,Fwd,6.78
1748747384.02,-2.35,1.52,62.88,0.95,Fwd,6.78
1748747384.02,-2.35,1.52,62.88,0.95,Fwd,6.78
1748747384.02,-2.35,1.52,62.88,0.95,Fwd,6.33
1748747384.02,-1.54,1.52,62.88,0.95,Fwd,6.33
1748747384.02,-1.54,2.06,62.88,0.95,Fwd,6.33
1748747384.02,-1.54,2.06,60.84,0.95,Fwd,6.33
1748747384.05,-1.54,2.06,60.84,0.95,Fwd,6.33
1748747384.05,-1.54,2.06,60.84,0.95,Fwd,6.33
1748747384.12,-1.54,2.06,60.84,0.95,Fwd,6.33
1748747384.13,-0.40,2.06,60.84,0.95,Fwd,6.33
1748747384.13,-0.40,2.69,60.84,0.95,Fwd,6.33
1748747384.13,-0.40,2.69,59.85,0.95,Fwd,6.33
1748747384.13,-0.40,2.69,59.85,1.04,Fwd,6.33
1748747384.13,-0.40,2.69,59.85,1.04,Fwd,6.33
1748747384.13,-0.40,2.69,59.85,1.04,Fwd,6.33
1748747384.14,-0.40,2.69,59.85,1.04,Fwd,6.33
1748747384.23,-0.40,2.69,59.85,1.04,Fwd,6.33
1748747384.23,-0.40,2.69,59.85,1.04,Fwd,6.33
1748747384.23,-0.40,2.68,59.85,1.04,Fwd,6.33
1748747384.23,-0.40,2.68,59.36,1.04,Fwd,6.33
1748747384.23,-0.40,2.68,59.36,1.00,Fwd,6.33
1748747384.23,-0.40,2.68,59.36,1.00,Fwd,6.33
1748747384.23,-0.40,2.68,59.36,1.00,Fwd,6.33
1748747384.23,-0.40,2.68,59.36,1.00,Fwd,6.33
1748747384.34,-0.40,2.68,59.36,1.00,Fwd,6.33
1748747384.34,0.09,2.68,59.36,1.00,Fwd,6.33
1748747384.34,0.09,2.10,59.36,1.00,Fwd,6.33
1748747384.34,0.09,2.10,59.54,1.00,Fwd,6.33
1748747384.34,0.09,2.10,59.54,0.87,Fwd,6.33
1748747384.34,0.09,2.10,59.54,0.87,Fwd,6.33
1748747384.34,0.09,2.10,59.54,0.87,Fwd,6.33
1748747384.34,0.09,2.10,59.54,0.87,Fwd,6.33
1748747384.44,0.09,2.10,59.54,0.87,Fwd,6.33
1748747384.44,0.99,2.10,59.54,0.87,Fwd,6.33
1748747384.44,0.99,1.81,59.54,0.87,Fwd,6.33
1748747384.44,0.99,1.81,60.15,0.87,Fwd,6.33
1748747384.45,0.99,1.81,60.15,1.02,Fwd,6.33
1748747384.45,0.99,1.81,60.15,1.02,Fwd,6.33
1748747384.45,0.99,1.81,60.15,1.02,Fwd,6.33
1748747384.45,0.99,1.81,60.15,1.02,Fwd,6.33
1748747384.54,0.99,1.81,60.15,1.02,Fwd,6.33
1748747384.57,1.86,1.81,60.15,1.02,Fwd,6.33
1748747384.57,1.86,1.82,60.15,1.02,Fwd,6.33
1748747384.58,1.86,1.82,61.00,1.02,Fwd,6.33
1748747384.58,1.86,1.82,61.00,1.06,Fwd,6.33
1748747384.58,1.86,1.82,61.00,1.06,Fwd,6.33
1748747384.58,1.86,1.82,61.00,1.06,Fwd,6.33
1748747384.58,1.86,1.82,61.00,1.06,Fwd,6.33
1748747384.65,1.86,1.82,61.00,1.06,Fwd,6.33
1748747384.65,2.40,1.82,61.00,1.06,Fwd,6.33
1748747384.65,2.40,1.85,61.00,1.06,Fwd,6.33
1748747384.65,2.40,1.85,61.86,1.06,Fwd,6.33
1748747384.65,2.40,1.85,61.86,0.76,Fwd,6.33
1748747384.65,2.40,1.85,61.86,0.76,Fwd,6.33
1748747384.65,2.40,1.85,61.86,0.76,Fwd,6.33
1748747384.65,2.40,1.85,61.86,0.76,Fwd,6.33
1748747384.75,2.40,1.85,61.86,0.76,Fwd,6.33
1748747384.75,2.99,1.85,61.86,0.76,Fwd,6.33
1748747384.76,2.99,2.01,61.86,0.76,Fwd,6.33
1748747384.76,2.99,2.01,62.58,0.76,Fwd,6.33
1748747384.76,2.99,2.01,62.58,1.04,Fwd,6.33
1748747384.76,2.99,2.01,62.58,1.04,Fwd,6.33
1748747384.76,2.99,2.01,62.58,1.04,Fwd,6.33
1748747384.76,2.99,2.01,62.58,1.04,Fwd,6.33
1748747384.82,2.99,2.01,62.58,1.04,Fwd,4.59
1748747384.82,4.21,2.01,62.58,1.04,Fwd,4.59
1748747384.83,4.21,1.99,62.58,1.04,Fwd,4.59
1748747384.85,4.21,1.99,63.36,1.04,Fwd,4.59
1748747384.89,4.21,1.99,63.36,0.97,Fwd,4.59
1748747384.92,4.21,1.99,63.36,0.97,Fwd,4.59
1748747384.96,4.21,1.99,63.36,0.97,Fwd,4.59
1748747384.96,4.21,1.99,63.36,0.97,Fwd,4.59
1748747384.96,4.21,1.99,63.36,0.97,Fwd,4.59
1748747384.99,5.95,1.99,63.36,0.97,Fwd,4.59
1748747385.03,5.95,2.12,63.36,0.97,Fwd,4.59
1748747385.03,5.95,2.12,63.98,0.97,Fwd,4.59
1748747385.03,5.95,2.12,63.98,1.04,Fwd,4.59
1748747385.04,5.95,2.12,63.98,1.04,Fwd,4.59
1748747385.04,5.95,2.12,63.98,1.04,Fwd,4.59
1748747385.04,5.95,2.12,63.98,1.04,Fwd,4.59
1748747385.04,5.95,2.12,63.98,1.04,Fwd,4.59
1748747385.04,6.48,2.12,63.98,1.04,Fwd,4.59
1748747385.04,6.48,2.86,63.98,1.04,Fwd,4.59
1748747385.04,6.48,2.86,64.66,1.04,Fwd,4.59
1748747385.04,6.48,2.86,64.66,1.03,Fwd,4.59
1748747385.05,6.48,2.86,64.66,1.03,Fwd,4.59
1748747385.14,6.48,2.86,64.66,1.03,Fwd,4.59
1748747385.14,5.51,2.86,64.66,1.03,Fwd,4.59
1748747385.14,5.51,4.19,64.66,1.03,Fwd,4.59
1748747385.14,5.51,4.19,65.24,1.03,Fwd,4.59
1748747385.14,5.51,4.19,65.24,1.07,Fwd,4.59
1748747385.14,5.51,4.19,65.24,1.07,Fwd,4.59
1748747385.14,5.51,4.19,65.24,1.07,Fwd,4.59
1748747385.15,5.51,4.19,65.24,1.07,Fwd,4.59
1748747385.24,5.51,4.19,65.24,1.07,Fwd,4.59
1748747385.27,5.07,4.19,65.24,1.07,Fwd,4.59
1748747385.31,5.07,4.71,65.24,1.07,Fwd,4.59
1748747385.31,5.07,4.71,65.76,1.07,Fwd,4.59
1748747385.32,5.07,4.71,65.76,1.00,Fwd,4.59
1748747385.32,5.07,4.71,65.76,1.00,Fwd,4.59
1748747385.32,5.07,4.71,65.76,1.00,Fwd,4.59
1748747385.32,5.07,4.71,65.76,1.00,Fwd,4.59
1748747385.34,5.07,4.71,65.76,1.00,Fwd,4.59
1748747385.35,4.86,4.71,65.76,1.00,Fwd,4.59
1748747385.35,4.86,4.38,65.76,1.00,Fwd,4.59
1748747385.35,4.86,4.38,66.30,1.00,Fwd,4.59
1748747385.35,4.86,4.38,66.30,0.99,Fwd,4.59
1748747385.35,4.86,4.38,66.30,0.99,Fwd,4.59
1748747385.35,4.86,4.38,66.30,0.99,Fwd,4.59
1748747385.35,4.86,4.38,66.30,0.99,Fwd,4.59
1748747385.45,4.86,4.38,66.30,0.99,Fwd,4.59
1748747385.49,4.68,4.38,66.30,0.99,Fwd,4.59
1748747385.49,4.68,4.06,66.30,0.99,Fwd,4.59
1748747385.49,4.68,4.06,66.76,0.99,Fwd,4.59
1748747385.49,4.68,4.06,66.76,0.98,Fwd,4.59
1748747385.49,4.68,4.06,66.76,0.98,Fwd,4.59
1748747385.49,4.68,4.06,66.76,0.98,Fwd,4.59
1748747385.49,4.68,4.06,66.76,0.98,Fwd,4.59
1748747385.52,4.68,4.06,66.76,0.98,Fwd,4.59
1748747385.56,4.46,4.06,66.76,0.98,Fwd,4.59
1748747385.59,4.46,3.54,66.76,0.98,Fwd,4.59
1748747385.59,4.46,3.54,67.20,0.98,Fwd,4.59
1748747385.59,4.46,3.54,67.20,0.99,Fwd,4.59
1748747385.59,4.46,3.54,67.20,0.99,Fwd,4.59
1748747385.60,4.46,3.54,67.20,0.99,Fwd,4.59
1748747385.60,4.46,3.54,67.20,0.99,Fwd,4.59
1748747385.63,4.46,3.54,67.20,0.99,Fwd,4.59
1748747385.63,4.17,3.54,67.20,0.99,Fwd,4.59
1748747385.63,4.17,2.93,67.20,0.99,Fwd,4.59
1748747385.63,4.17,2.93,67.66,0.99,Fwd,4.59
1748747385.63,4.17,2.93,67.66,0.98,Fwd,4.59
1748747385.63,4.17,2.93,67.66,0.98,Fwd,4.59
1748747385.63,4.17,2.93,67.66,0.98,Fwd,4.59
1748747385.63,4.17,2.93,67.66,0.98,Fwd,4.59
1748747385.73,4.17,2.93,67.66,0.98,Fwd,4.59