1748747348.25,-0.23,7.44,331.97,1.08,Fwd,6.49
1748747348.25,0.22,7.44,331.97,1.08,Fwd,6.49
1748747348.25,0.22,7.75,331.97,1.08,Fwd,6.49
1748747348.25,0.22,7.75,333.75,1.08,Fwd,6.49
1748747348.25,0.22,7.75,333.75,1.11,Fwd,6.49
1748747348.26,0.22,7.75,333.75,1.11,Fwd,6.49
1748747348.26,0.22,7.75,333.75,1.11,Fwd,6.49
1748747348.26,0.22,7.75,333.75,1.11,Fwd,6.49
1748747348.35,0.22,7.75,333.75,1.11,Fwd,5.84
1748747348.35,0.84,7.75,333.75,1.11,Fwd,5.84
1748747348.35,0.84,7.91,333.75,1.11,Fwd,5.84
1748747348.35,0.84,7.91,336.11,1.11,Fwd,5.84
1748747348.36,0.84,7.91,336.11,0.91,Fwd,5.84
1748747348.36,0.84,7.91,336.11,0.91,Fwd,5.84
1748747348.38,0.84,7.91,336.11,0.91,Fwd,5.84
1748747348.42,0.84,7.91,336.11,0.91,Fwd,5.84
1748747348.42,0.84,7.91,336.11,0.91,Fwd,5.84
1748747348.42,1.13,7.91,336.11,0.91,Fwd,5.84
1748747348.43,1.13,8.03,336.11,0.91,Fwd,5.84
1748747348.43,1.13,8.03,338.91,0.91,Fwd,5.84
1748747348.43,1.13,8.03,338.91,0.96,Fwd,5.84
1748747348.43,1.13,8.03,338.91,0.96,Fwd,5.84
1748747348.43,1.13,8.03,338.91,0.96,Fwd,5.84
1748747348.43,1.13,8.03,338.91,0.96,Fwd,5.84
1748747348.53,1.13,8.03,338.91,0.96,Fwd,5.84
1748747348.53,1.40,8.03,338.91,0.96,Fwd,5.84
1748747348.53,1.40,7.91,338.91,0.96,Fwd,5.84
1748747348.53,1.40,7.91,342.10,0.96,Fwd,5.84
1748747348.53,1.40,7.91,342.10,1.04,Fwd,5.84
1748747348.53,1.40,7.91,342.10,1.04,Fwd,5.84
1748747348.53,1.40,7.91,342.10,1.04,Fwd,5.84
1748747348.53,1.40,7.91,342.10,1.04,Fwd,5.84
1748747348.63,1.40,7.91,342.10,1.04,Fwd,5.84
1748747348.63,1.48,7.91,342.10,1.04,Fwd,5.84
1748747348.63,1.48,7.86,342.10,1.04,Fwd,5.84
1748747348.64,1.48,7.86,345.59,1.04,Fwd,5.84
1748747348.64,1.48,7.86,345.59,0.96,Fwd,5.84
1748747348.64,1.48,7.86,345.59,0.96,Fwd,5.84
1748747348.64,1.48,7.86,345.59,0.96,Fwd,5.84
1748747348.64,1.48,7.86,345.59,0.96,Fwd,5.84
1748747348.74,1.48,7.86,345.59,0.96,Fwd,5.84
1748747348.74,1.50,7.86,345.59,0.96,Fwd,5.84
1748747348.74,1.50,7.78,345.59,0.96,Fwd,5.84
1748747348.74,1.50,7.78,349.29,0.96,Fwd,5.84
1748747348.75,1.50,7.78,349.29,1.10,Fwd,5.84
1748747348.75,1.50,7.78,349.29,1.10,Fwd,5.84
1748747348.75,1.50,7.78,349.29,1.10,Fwd,5.84
1748747348.75,1.50,7.78,349.29,1.10,Fwd,5.84
1748747348.84,1.50,7.78,349.29,1.10,Fwd,5.84
1748747348.88,1.35,7.78,349.29,1.10,Fwd,5.84
1748747348.88,1.35,7.62,349.29,1.10,Fwd,5.84
1748747348.88,1.35,7.62,353.29,1.10,Fwd,5.84
1748747348.88,1.35,7.62,353.29,0.95,Fwd,5.84
1748747348.89,1.35,7.62,353.29,0.95,Fwd,5.84
1748747348.89,1.35,7.62,353.29,0.95,Fwd,5.84
1748747348.91,1.35,7.62,353.29,0.95,Fwd,5.84
1748747348.98,1.35,7.62,353.29,0.95,Fwd,5.53
1748747348.98,1.29,7.62,353.29,0.95,Fwd,5.53
1748747348.99,1.29,7.27,353.29,0.95,Fwd,5.53
1748747348.99,1.29,7.27,357.88,0.95,Fwd,5.53
1748747348.99,1.29,7.27,357.88,0.89,Fwd,5.53
1748747348.99,1.29,7.27,357.88,0.89,Fwd,5.53
1748747348.99,1.29,7.27,357.88,0.89,Fwd,5.53
1748747348.99,1.29,7.27,357.88,0.89,Fwd,5.53
1748747349.05,1.29,7.27,357.88,0.89,Fwd,5.53
1748747349.05,1.05,7.27,357.88,0.89,Fwd,5.53
1748747349.06,1.05,6.76,357.88,0.89,Fwd,5.53
1748747349.09,1.05,6.76,3.15,0.89,Fwd,5.53
1748747349.09,1.05,6.76,3.15,0.94,Fwd,5.53
1748747349.09,1.05,6.76,3.15,0.94,Fwd,5.53
1748747349.09,1.05,6.76,3.15,0.94,Fwd,5.53
1748747349.09,1.05,6.76,3.15,0.94,Fwd,5.53
1748747349.12,1.05,6.76,3.15,0.94,Fwd,5.53
1748747349.16,1.06,6.76,3.15,0.94,Fwd,5.53
1748747349.16,1.06,6.05,3.15,0.94,Fwd,5.53
1748747349.16,1.06,6.05,9.18,0.94,Fwd,5.53
1748747349.16,1.06,6.05,9.18,0.92,Fwd,5.53
1748747349.16,1.06,6.05,9.18,0.92,Fwd,5.53
1748747349.16,1.06,6.05,9.18,0.92,Fwd,5.53
1748747349.16,1.06,6.05,9.18,0.92,Fwd,5.53
1748747349.23,1.06,6.05,9.18,0.92,Fwd,5.53
1748747349.23,1.14,6.05,9.18,0.92,Fwd,5.53
1748747349.23,1.14,5.25,9.18,0.92,Fwd,5.53
1748747349.24,1.14,5.25,15.91,0.92,Fwd,5.53
1748747349.24,1.14,5.25,15.91,0.94,Fwd,5.53
1748747349.24,1.14,5.25,15.91,0.94,Fwd,5.53
1748747349.24,1.14,5.25,15.91,0.94,Fwd,5.53
1748747349.24,1.14,5.25,15.91,0.94,Fwd,5.53
1748747349.33,1.14,5.25,15.91,0.94,Fwd,5.53
1748747349.37,1.04,5.25,15.91,0.94,Fwd,5.53
1748747349.40,1.04,4.48,15.91,0.94,Fwd,5.53
1748747349.44,1.04,4.48,23.34,0.94,Fwd,5.53
1748747349.44,1.04,4.48,23.34,0.90,Fwd,5.53
1748747349.44,1.04,4.48,23.34,0.90,Fwd,5.53
1748747349.44,1.04,4.48,23.34,0.90,Fwd,5.53
1748747349.44,1.04,4.48,23.34,0.90,Fwd,5.53
1748747349.45,1.04,4.48,23.34,0.90,Fwd,5.53
1748747349.45,0.97,4.48,23.34,0.90,Fwd,5.53
1748747349.45,0.97,3.56,23.34,0.90,Fwd,5.53
1748747349.45,0.97,3.56,31.52,0.90,Fwd,5.53
1748747349.45,0.97,3.56,31.52,0.94,Fwd,5.53
1748747349.45,0.97,3.56,31.52,0.94,Fwd,5.53
1748747349.46,0.97,3.56,31.52,0.94,Fwd,5.53
1748747349.46,0.97,3.56,31.52,0.94,Fwd,5.53
1748747349.54,0.97,3.56,31.52,0.94,Fwd,5.53
1748747349.57,1.01,3.56,31.52,0.94,Fwd,5.53
1748747349.58,1.01,2.60,31.52,0.94,Fwd,5.53
1748747349.58,1.01,2.60,40.26,0.94,Fwd,5.53
1748747349.58,1.01,2.60,40.26,0.97,Fwd,5.53
1748747349.58,1.01,2.60,40.26,0.97,Fwd,5.53
1748747349.58,1.01,2.60,40.26,0.97,Fwd,5.53
1748747349.58,1.01,2.60,40.26,0.97,Fwd,5.53
1748747349.65,1.01,2.60,40.26,0.97,Fwd,5.79
1748747349.65,0.69,2.60,40.26,0.97,Fwd,5.79
1748747349.65,0.69,1.95,40.26,0.97,Fwd,5.79
1748747349.65,0.69,1.95,49.07,0.97,Fwd,5.79
1748747349.65,0.69,1.95,49.07,0.99,Fwd,5.79
1748747349.65,0.69,1.95,49.07,0.99,Fwd,5.79
1748747349.65,0.69,1.95,49.07,0.99,Fwd,5.79
1748747349.66,0.69,1.95,49.07,0.99,Fwd,5.79
1748747349.75,0.69,1.95,49.07,0.99,Fwd,5.79
1748747349.76,0.40,1.95,49.07,0.99,Fwd,5.79
1748747349.76,0.40,0.75,49.07,0.99,Fwd,5.79
1748747349.79,0.40,0.75,57.63,0.99,Fwd,5.79
1748747349.79,0.40,0.75,57.63,0.97,Fwd,5.79
1748747349.79,0.40,0.75,57.63,0.97,Fwd,5.79
1748747349.79,0.40,0.75,57.63,0.97,Fwd,5.79
1748747349.79,0.40,0.75,57.63,0.97,Fwd,5.79
1748747349.82,0.40,0.75,57.63,0.97,Fwd,5.79
1748747349.83,0.09,0.75,57.63,0.97,Fwd,5.79
1748747349.83,0.09,0.25,57.63,0.97,Fwd,5.79
1748747349.83,0.09,0.25,66.13,0.97,Fwd,5.79
1748747349.83,0.09,0.25,66.13,1.00,Fwd,5.79
1748747349.83,0.09,0.25,66.13,1.00,Fwd,5.79
1748747349.83,0.09,0.25,66.13,1.00,Fwd,5.79
1748747349.83,0.09,0.25,66.13,1.00,Fwd,5.79
1748747349.93,0.09,0.25,66.13,1.00,Fwd,5.79
1748747349.93,-0.30,0.25,66.13,1.00,Fwd,5.79
1748747349.93,-0.30,0.18,66.13,1.00,Fwd,5.79
1748747349.93,-0.30,0.18,74.48,1.00,Fwd,5.79
1748747349.93,-0.30,0.18,74.48,1.00,Fwd,5.79
1748747349.93,-0.30,0.18,74.48,1.00,Fwd,5.79
1748747349.93,-0.30,0.18,74.48,1.00,Fwd,5.79
1748747349.94,-0.30,0.18,74.48,1.00,Fwd,5.79
1748747350.03,-0.30,0.18,74.48,1.00,Fwd,5.79
1748747350.07,-0.46,0.18,74.48,1.00,Fwd,5.79
1748747350.07,-0.46,-0.01,74.48,1.00,Fwd,5.79
1748747350.07,-0.46,-0.01,82.40,1.00,Fwd,5.79
1748747350.07,-0.46,-0.01,82.40,0.93,Fwd,5.79
1748747350.07,-0.46,-0.01,82.40,0.93,Fwd,5.79
1748747350.07,-0.46,-0.01,82.40,0.93,Fwd,5.79
1748747350.07,-0.46,-0.01,82.40,0.93,Fwd,5.79
1748747350.14,-0.46,-0.01,82.40,0.93,Fwd,5.79
1748747350.14,-1.00,-0.01,82.40,0.93,Fwd,5.79
1748747350.14,-1.00,-0.01,82.40,0.93,Fwd,5.79
1748747350.14,-1.00,-0.01,89.77,0.93,Fwd,5.79
1748747350.14,-1.00,-0.01,89.77,1.02,Fwd,5.79
1748747350.14,-1.00,-0.01,89.77,1.02,Fwd,5.79
1748747350.14,-1.00,-0.01,89.77,1.02,Fwd,5.79
1748747350.14,-1.00,-0.01,89.77,1.02,Fwd,5.79
1748747350.24,-1.00,-0.01,89.77,1.02,Fwd,5.79
1748747350.25,-1.08,-0.01,89.77,1.02,Fwd,5.79
1748747350.25,-1.08,-0.46,89.77,1.02,Fwd,5.79
1748747350.25,-1.08,-0.46,97.15,1.02,Fwd,5.79
1748747350.25,-1.08,-0.46,97.15,1.09,Fwd,5.79
1748747350.25,-1.08,-0.46,97.15,1.09,Fwd,5.79
1748747350.25,-1.08,-0.46,97.15,1.09,Fwd,5.79
1748747350.25,-1.08,-0.46,97.15,1.09,Fwd,5.79
1748747350.35,-1.08,-0.46,97.15,1.09,Fwd,5.30
1748747350.38,-1.26,-0.46,97.15,1.09,Fwd,5.30
1748747350.42,-1.26,-1.10,97.15,1.09,Fwd,5.30
1748747350.42,-1.26,-1.10,104.27,1.09,Fwd,5.30
1748747350.42,-1.26,-1.10,104.27,1.02,Fwd,5.30
1748747350.42,-1.26,-1.10,104.27,1.02,Fwd,5.30
1748747350.42,-1.26,-1.10,104.27,1.02,Fwd,5.30
1748747350.42,-1.26,-1.10,104.27,1.02,Fwd,5.30
1748747350.42,-1.26,-1.10,104.27,1.02,Fwd,5.30
1748747350.42,-1.93,-1.10,104.27,1.02,Fwd,5.30
1748747350.42,-1.93,-1.90,104.27,1.02,Fwd,5.30
1748747350.43,-1.93,-1.90,111.46,1.02,Fwd,5.30
1748747350.43,-1.93,-1.90,111.46,0.98,Fwd,5.30
1748747350.45,-1.93,-1.90,111.46,0.98,Fwd,5.30
1748747350.45,-1.93,-1.90,111.46,0.98,Fwd,5.30
1748747350.45,-1.93,-1.90,111.46,0.98,Fwd,5.30
1748747350.52,-1.93,-1.90,111.46,0.98,Fwd,5.30
1748747350.52,-2.48,-1.90,111.46,0.98,Fwd,5.30
1748747350.53,-2.48,-2.43,111.46,0.98,Fwd,5.30
1748747350.53,-2.48,-2.43,118.49,0.98,Fwd,5.30
1748747350.53,-2.48,-2.43,118.49,1.16,Fwd,5.30
1748747350.53,-2.48,-2.43,118.49,1.16,Fwd,5.30
1748747350.53,-2.48,-2.43,118.49,1.16,Fwd,5.30
1748747350.53,-2.48,-2.43,118.49,1.16,Fwd,5.30
1748747350.62,-2.48,-2.43,118.49,1.16,Fwd,5.30
1748747350.66,-2.66,-2.43,118.49,1.16,Fwd,5.30
1748747350.69,-2.66,-3.17,118.49,1.16,Fwd,5.30
1748747350.70,-2.66,-3.17,124.90,1.16,Fwd,5.30
1748747350.70,-2.66,-3.17,124.90,1.02,Fwd,5.30
1748747350.70,-2.66,-3.17,124.90,1.02,Fwd,5.30
1748747350.70,-2.66,-3.17,124.90,1.02,Fwd,5.30
1748747350.70,-2.66,-3.17,124.90,1.02,Fwd,5.30
1748747350.73,-2.66,-3.17,124.90,1.02,Fwd,5.30
1748747350.73,-3.06,-3.17,124.90,1.02,Fwd,5.30
1748747350.73,-3.06,-3.62,124.90,1.02,Fwd,5.30
1748747350.74,-3.06,-3.62,130.93,1.02,Fwd,5.30
1748747350.74,-3.06,-3.62,130.93,0.94,Fwd,5.30
1748747350.74,-3.06,-3.62,130.93,0.94,Fwd,5.30
1748747350.74,-3.06,-3.62,130.93,0.94,Fwd,5.30
1748747350.74,-3.06,-3.62,130.93,0.94,Fwd,5.30
1748747350.84,-3.06,-3.62,130.93,0.94,Fwd,5.30
1748747350.84,-3.22,-3.62,130.93,0.94,Fwd,5.30
1748747350.84,-3.22,-3.17,130.93,0.94,Fwd,5.30
1748747350.84,-3.22,-3.17,136.81,0.94,Fwd,5.30
1748747350.84,-3.22,-3.17,136.81,0.95,Fwd,5.30
1748747350.84,-3.22,-3.17,136.81,0.95,Fwd,5.30
1748747350.85,-3.22,-3.17,136.81,0.95,Fwd,5.30
1748747350.85,-3.22,-3.17,136.81,0.95,Fwd,5.30
1748747350.94,-3.22,-3.17,136.81,0.95,Fwd,5.30
1748747350.94,-3.33,-3.17,136.81,0.95,Fwd,5.30
1748747350.94,-3.33,-3.23,136.81,0.95,Fwd,5.30
1748747350.95,-3.33,-3.23,142.43,0.95,Fwd,5.30
1748747350.95,-3.33,-3.23,142.43,1.10,Fwd,5.30
1748747350.95,-3.33,-3.23,142.43,1.10,Fwd,5.30
1748747350.95,-3.33,-3.23,142.43,1.10,Fwd,5.30
1748747350.95,-3.33,-3.23,142.43,1.10,Fwd,5.30
1748747351.05,-3.33,-3.23,142.43,1.10,Fwd,5.12
1748747351.05,-2.85,-3.23,142.43,1.10,Fwd,5.12
1748747351.05,-2.85,-3.38,142.43,1.10,Fwd,5.12
1748747351.05,-2.85,-3.38,147.54,1.10,Fwd,5.12
1748747351.05,-2.85,-3.38,147.54,0.73,Fwd,5.12
1748747351.05,-2.85,-3.38,147.54,0.73,Fwd,5.12
1748747351.05,-2.85,-3.38,147.54,0.73,Fwd,5.12
1748747351.05,-2.85,-3.38,147.54,0.73,Fwd,5.12
1748747351.16,-2.85,-3.38,147.54,0.73,Fwd,5.12
1748747351.16,-3.17,-3.38,147.54,0.73,Fwd,5.12
1748747351.16,-3.17,-4.23,147.54,0.73,Fwd,5.12
1748747351.16,-3.17,-4.23,151.84,0.73,Fwd,5.12
1748747351.16,-3.17,-4.23,151.84,0.76,Fwd,5.12
1748747351.16,-3.17,-4.23,151.84,0.76,Fwd,5.12
1748747351.16,-3.17,-4.23,151.84,0.76,Fwd,5.12
1748747351.16,-3.17,-4.23,151.84,0.76,Fwd,5.12
1748747351.22,-3.17,-4.23,151.84,0.76,Fwd,5.12
1748747351.25,-3.04,-4.23,151.84,0.76,Fwd,5.12
1748747351.29,-3.04,-3.11,151.84,0.76,Fwd,5.12
1748747351.29,-3.04,-3.11,154.57,0.76,Fwd,5.12
1748747351.30,-3.04,-3.11,154.57,1.06,Fwd,5.12
1748747351.30,-3.04,-3.11,154.57,1.06,Fwd,5.12
1748747351.30,-3.04,-3.11,154.57,1.06,Fwd,5.12
1748747351.30,-3.04,-3.11,154.57,1.06,Fwd,5.12
1748747351.32,-3.04,-3.11,154.57,1.06,Fwd,5.12
1748747351.32,-3.10,-3.11,154.57,1.06,Fwd,5.12
1748747351.32,-3.10,-0.78,154.57,1.06,Fwd,5.12
1748747351.33,-3.10,-0.78,157.00,1.06,Fwd,5.12
1748747351.33,-3.10,-0.78,157.00,0.97,Fwd,5.12
1748747351.33,-3.10,-0.78,157.00,0.97,Fwd,5.12
1748747351.33,-3.10,-0.78,157.00,0.97,Fwd,5.12
1748747351.33,-3.10,-0.78,157.00,0.97,Fwd,5.12
1748747351.44,-3.10,-0.78,157.00,0.97,Fwd,5.12
1748747351.44,-4.71,-0.78,157.00,0.97,Fwd,5.12
1748747351.44,-4.71,-0.09,157.00,0.97,Fwd,5.12
1748747351.44,-4.71,-0.09,159.63,0.97,Fwd,5.12
1748747351.44,-4.71,-0.09,159.63,1.04,Fwd,5.12
1748747351.45,-4.71,-0.09,159.63,1.04,Fwd,5.12
1748747351.45,-4.71,-0.09,159.63,1.04,Fwd,5.12
1748747351.45,-4.71,-0.09,159.63,1.04,Fwd,5.12
1748747351.53,-4.71,-0.09,159.63,1.04,Fwd,5.12
1748747351.53,-8.87,-0.09,159.63,1.04,Fwd,5.12
1748747351.53,-8.87,2.44,159.63,1.04,Fwd,5.12
1748747351.53,-8.87,2.44,162.52,1.04,Fwd,5.12
1748747351.54,-8.87,2.44,162.52,1.31,Fwd,5.12
1748747351.54,-8.87,2.44,162.52,1.31,Fwd,5.12
1748747351.54,-8.87,2.44,162.52,1.31,Fwd,5.12
1748747351.54,-8.87,2.44,162.52,1.31,Fwd,5.12
1748747351.64,-8.87,2.44,162.52,1.31,Fwd,6.79
1748747351.64,-13.60,2.44,162.52,1.31,Fwd,6.79
1748747351.64,-13.60,3.56,162.52,1.31,Fwd,6.79
1748747351.64,-13.60,3.56,168.29,1.31,Fwd,6.79
1748747351.64,-13.60,3.56,168.29,-0.99,Fwd,6.79
1748747351.64,-13.60,3.56,168.29,-0.99,Fwd,6.79
1748747351.64,-13.60,3.56,168.29,-0.99,Fwd,6.79
1748747351.64,-13.60,3.56,168.29,-0.99,Fwd,6.79
1748747351.74,-13.60,3.56,168.29,-0.99,Fwd,6.79
1748747351.78,-24.21,3.56,168.29,-0.99,Fwd,6.79
1748747351.78,-24.21,3.08,168.29,-0.99,Fwd,6.79
1748747351.78,-24.21,3.08,177.47,-0.99,Fwd,6.79
1748747351.78,-24.21,3.08,177.47,1.14,Fwd,6.79
1748747351.78,-24.21,3.08,177.47,1.14,Fwd,6.79
1748747351.78,-24.21,3.08,177.47,1.14,Fwd,6.79
1748747351.78,-24.21,3.08,177.47,1.14,Fwd,6.79
1748747351.85,-24.21,3.08,177.47,1.14,Fwd,6.79
1748747351.85,-33.56,3.08,177.47,1.14,Fwd,6.79
1748747351.85,-33.56,3.81,177.47,1.14,Fwd,6.79
1748747351.85,-33.56,3.81,186.05,1.14,Fwd,6.79
1748747351.85,-33.56,3.81,186.05,2.50,Fwd,6.79
1748747351.85,-33.56,3.81,186.05,2.50,Fwd,6.79
1748747351.85,-33.56,3.81,186.05,2.50,Fwd,6.79
1748747351.85,-33.56,3.81,186.05,2.50,Fwd,6.79
1748747351.85,-33.56,3.81,186.05,2.50,Fwd,6.79
1748747351.92,-33.56,3.81,186.05,2.50,Fwd,6.79
1748747351.95,-27.19,3.81,186.05,2.50,Fwd,6.79
1748747351.99,-27.19,6.26,186.05,2.50,Fwd,6.79
1748747351.99,-27.19,6.26,195.41,2.50,Fwd,6.79
1748747351.99,-27.19,6.26,195.41,1.21,Fwd,6.79
1748747351.99,-27.19,6.26,195.41,1.21,Fwd,6.79
1748747351.99,-27.19,6.26,195.41,1.21,Fwd,6.79
1748747352.00,-27.19,6.26,195.41,1.21,Fwd,6.79
1748747352.02,-27.19,6.26,195.41,1.21,Fwd,6.79
1748747352.02,-15.85,6.26,195.41,1.21,Fwd,6.79
1748747352.02,-15.85,5.36,195.41,1.21,Fwd,6.79
1748747352.02,-15.85,5.36,204.91,1.21,Fwd,6.79
1748747352.02,-15.85,5.36,204.91,-1.47,Fwd,6.79
1748747352.02,-15.85,5.36,204.91,-1.47,Fwd,6.79
1748747352.03,-15.85,5.36,204.91,-1.47,Fwd,6.79
1748747352.03,-15.85,5.36,204.91,-1.47,Fwd,6.79
1748747352.13,-15.85,5.36,204.91,-1.47,Fwd,7.47
1748747352.13,-10.48,5.36,204.91,-1.47,Fwd,7.47
1748747352.13,-10.48,5.60,204.91,-1.47,Fwd,7.47
1748747352.13,-10.48,5.60,211.51,-1.47,Fwd,7.47
1748747352.13,-10.48,5.60,211.51,-2.05,Fwd,7.47
1748747352.13,-10.48,5.60,211.51,-2.05,Fwd,7.47
1748747352.13,-10.48,5.60,211.51,-2.05,Fwd,7.47
1748747352.13,-10.48,5.60,211.51,-2.05,Fwd,7.47
1748747352.23,-10.48,5.60,211.51,-2.05,Fwd,7.47
1748747352.23,-10.71,5.60,211.51,-2.05,Fwd,7.47
1748747352.24,-10.71,6.31,211.51,-2.05,Fwd,7.47
1748747352.24,-10.71,6.31,216.99,-2.05,Fwd,7.47
1748747352.24,-10.71,6.31,216.99,0.32,Fwd,7.47
1748747352.24,-10.71,6.31,216.99,0.32,Fwd,7.47
1748747352.24,-10.71,6.31,216.99,0.32,Fwd,7.47
1748747352.24,-10.71,6.31,216.99,0.32,Fwd,7.47
1748747352.34,-10.71,6.31,216.99,0.32,Fwd,7.47
1748747352.34,-8.05,6.31,216.99,0.32,Fwd,7.47
1748747352.34,-8.05,3.12,216.99,0.32,Fwd,7.47
1748747352.34,-8.05,3.12,218.17,0.32,Fwd,7.47
1748747352.34,-8.05,3.12,218.17,2.05,Fwd,7.47
1748747352.34,-8.05,3.12,218.17,2.05,Fwd,7.47
1748747352.34,-8.05,3.12,218.17,2.05,Fwd,7.47
1748747352.34,-8.05,3.12,218.17,2.05,Fwd,7.47
1748747352.44,-8.05,3.12,218.17,2.05,Fwd,7.47
1748747352.44,-8.66,3.12,218.17,2.05,Fwd,7.47
1748747352.44,-8.66,1.86,218.17,2.05,Fwd,7.47
1748747352.45,-8.66,1.86,215.59,2.05,Fwd,7.47
1748747352.45,-8.66,1.86,215.59,0.75,Fwd,7.47
1748747352.45,-8.66,1.86,215.59,0.75,Fwd,7.47
1748747352.45,-8.66,1.86,215.59,0.75,Fwd,7.47
1748747352.45,-8.66,1.86,215.59,0.75,Fwd,7.47
1748747352.55,-8.66,1.86,215.59,0.75,Fwd,7.47
1748747352.55,-7.55,1.86,215.59,0.75,Fwd,7.47
1748747352.55,-7.55,4.27,215.59,0.75,Fwd,7.47
1748747352.55,-7.55,4.27,211.87,0.75,Fwd,7.47
1748747352.55,-7.55,4.27,211.87,0.70,Fwd,7.47
1748747352.55,-7.55,4.27,211.87,0.70,Fwd,7.47
1748747352.56,-7.55,4.27,211.87,0.70,Fwd,7.47
1748747352.56,-7.55,4.27,211.87,0.70,Fwd,7.47
1748747352.62,-7.55,4.27,211.87,0.70,Fwd,7.47
1748747352.62,-7.64,4.27,211.87,0.70,Fwd,7.47
1748747352.63,-7.64,5.16,211.87,0.70,Fwd,7.47
1748747352.63,-7.64,5.16,208.44,0.70,Fwd,7.47
1748747352.63,-7.64,5.16,208.44,1.04,Fwd,7.47
1748747352.63,-7.64,5.16,208.44,1.04,Fwd,7.47
1748747352.63,-7.64,5.16,208.44,1.04,Fwd,7.47
1748747352.63,-7.64,5.16,208.44,1.04,Fwd,7.47
1748747352.72,-7.64,5.16,208.44,1.04,Fwd,7.47
1748747352.76,-7.09,5.16,208.44,1.04,Fwd,7.47
1748747352.80,-7.09,7.45,208.44,1.04,Fwd,7.47
1748747352.80,-7.09,7.45,206.54,1.04,Fwd,7.47
1748747352.80,-7.09,7.45,206.54,1.09,Fwd,7.47
1748747352.80,-7.09,7.45,206.54,1.09,Fwd,7.47
1748747352.80,-7.09,7.45,206.54,1.09,Fwd,7.47
1748747352.81,-7.09,7.45,206.54,1.09,Fwd,7.47
1748747352.83,-7.09,7.45,206.54,1.09,Fwd,5.22
1748747352.83,-6.10,7.45,206.54,1.09,Fwd,5.22
1748747352.83,-6.10,8.70,206.54,1.09,Fwd,5.22
1748747352.83,-6.10,8.70,207.04,1.09,Fwd,5.22
1748747352.83,-6.10,8.70,207.04,1.02,Fwd,5.22
1748747352.83,-6.10,8.70,207.04,1.02,Fwd,5.22
1748747352.83,-6.10,8.70,207.04,1.02,Fwd,5.22
1748747352.84,-6.10,8.70,207.04,1.02,Fwd,5.22
1748747352.94,-6.10,8.70,207.04,1.02,Fwd,5.22
1748747352.94,-4.74,8.70,207.04,1.02,Fwd,5.22
1748747352.95,-4.74,9.24,207.04,1.02,Fwd,5.22
1748747352.95,-4.74,9.24,209.94,1.02,Fwd,5.22
1748747352.95,-4.74,9.24,209.94,1.17,Fwd,5.22
1748747352.95,-4.74,9.24,209.94,1.17,Fwd,5.22
1748747352.97,-4.74,9.24,209.94,1.17,Fwd,5.22
1748747352.97,-4.74,9.24,209.94,1.17,Fwd,5.22
1748747353.04,-4.74,9.24,209.94,1.17,Fwd,5.22
1748747353.05,-3.46,9.24,209.94,1.17,Fwd,5.22
1748747353.05,-3.46,8.85,209.94,1.17,Fwd,5.22
1748747353.05,-3.46,8.85,215.04,1.17,Fwd,5.22
1748747353.05,-3.46,8.85,215.04,1.11,Fwd,5.22
1748747353.05,-3.46,8.85,215.04,1.11,Fwd,5.22
1748747353.07,-3.46,8.85,215.04,1.11,Fwd,5.22
1748747353.07,-3.46,8.85,215.04,1.11,Fwd,5.22
1748747353.15,-3.46,8.85,215.04,1.11,Fwd,5.22
1748747353.18,-2.97,8.85,215.04,1.11,Fwd,5.22
1748747353.18,-2.97,6.45,215.04,1.11,Fwd,5.22
1748747353.19,-2.97,6.45,222.48,1.11,Fwd,5.22
1748747353.19,-2.97,6.45,222.48,0.81,Fwd,5.22
1748747353.19,-2.97,6.45,222.48,0.81,Fwd,5.22
1748747353.19,-2.97,6.45,222.48,0.81,Fwd,5.22
1748747353.19,-2.97,6.45,222.48,0.81,Fwd,5.22
1748747353.25,-2.97,6.45,222.48,0.81,Fwd,5.22
1748747353.25,-2.06,6.45,222.48,0.81,Fwd,5.22
1748747353.25,-2.06,2.94,222.48,0.81,Fwd,5.22
1748747353.25,-2.06,2.94,231.69,0.81,Fwd,5.22
1748747353.25,-2.06,2.94,231.69,0.72,Fwd,5.22
1748747353.25,-2.06,2.94,231.69,0.72,Fwd,5.22
1748747353.25,-2.06,2.94,231.69,0.72,Fwd,5.22
1748747353.26,-2.06,2.94,231.69,0.72,Fwd,5.22
1748747353.32,-2.06,2.94,231.69,0.72,Fwd,5.22
1748747353.32,-1.24,2.94,231.69,0.72,Fwd,5.22
1748747353.32,-1.24,1.01,231.69,0.72,Fwd,5.22
1748747353.32,-1.24,1.01,239.49,0.72,Fwd,5.22
1748747353.32,-1.24,1.01,239.49,0.92,Fwd,5.22
1748747353.32,-1.24,1.01,239.49,0.92,Fwd,5.22
1748747353.33,-1.24,1.01,239.49,0.92,Fwd,5.22
1748747353.33,-1.24,1.01,239.49,0.92,Fwd,5.22
1748747353.43,-1.24,1.01,239.49,0.92,Fwd,6.12
1748747353.43,-1.05,1.01,239.49,0.92,Fwd,6.12
1748747353.43,-1.05,1.28,239.49,0.92,Fwd,6.12
1748747353.43,-1.05,1.28,244.70,0.92,Fwd,6.12
1748747353.43,-1.05,1.28,244.70,1.01,Fwd,6.12
1748747353.43,-1.05,1.28,244.70,1.01,Fwd,6.12
1748747353.43,-1.05,1.28,244.70,1.01,Fwd,6.12
1748747353.43,-1.05,1.28,244.70,1.01,Fwd,6.12
1748747353.53,-1.05,1.28,244.70,1.01,Fwd,6.12
1748747353.53,-1.00,1.28,244.70,1.01,Fwd,6.12
1748747353.53,-1.00,1.74,244.70,1.01,Fwd,6.12
1748747353.53,-1.00,1.74,248.32,1.01,Fwd,6.12
1748747353.54,-1.00,1.74,248.32,1.13,Fwd,6.12
1748747353.54,-1.00,1.74,248.32,1.13,Fwd,6.12
1748747353.56,-1.00,1.74,248.32,1.13,Fwd,6.12
1748747353.56,-1.00,1.74,248.32,1.13,Fwd,6.12
1748747353.64,-1.00,1.74,248.32,1.13,Fwd,6.12
1748747353.64,-1.08,1.74,248.32,1.13,Fwd,6.12
1748747353.64,-1.08,1.60,248.32,1.13,Fwd,6.12
1748747353.64,-1.08,1.60,251.06,1.13,Fwd,6.12
1748747353.64,-1.08,1.60,251.06,0.90,Fwd,6.12
1748747353.64,-1.08,1.60,251.06,0.90,Fwd,6.12
1748747353.65,-1.08,1.60,251.06,0.90,Fwd,6.12
1748747353.65,-1.08,1.60,251.06,0.90,Fwd,6.12
1748747353.74,-1.08,1.60,251.06,0.90,Fwd,6.12
1748747353.78,-0.88,1.60,251.06,0.90,Fwd,6.12
1748747353.78,-0.88,1.39,251.06,0.90,Fwd,6.12
1748747353.78,-0.88,1.39,253.09,0.90,Fwd,6.12
1748747353.79,-0.88,1.39,253.09,0.91,Fwd,6.12
1748747353.79,-0.88,1.39,253.09,0.91,Fwd,6.12
1748747353.79,-0.88,1.39,253.09,0.91,Fwd,6.12
1748747353.79,-0.88,1.39,253.09,0.91,Fwd,6.12
1748747353.85,-0.88,1.39,253.09,0.91,Fwd,6.12
1748747353.85,-0.95,1.39,253.09,0.91,Fwd,6.12
1748747353.86,-0.95,1.34,253.09,0.91,Fwd,6.12
1748747353.86,-0.95,1.34,254.40,0.91,Fwd,6.12
1748747353.86,-0.95,1.34,254.40,0.99,Fwd,6.12
1748747353.86,-0.95,1.34,254.40,0.99,Fwd,6.12
1748747353.86,-0.95,1.34,254.40,0.99,Fwd,6.12
1748747353.86,-0.95,1.34,254.40,0.99,Fwd,6.12
1748747353.95,-0.95,1.34,254.40,0.99,Fwd,6.12
1748747353.98,-1.06,1.34,254.40,0.99,Fwd,6.12
1748747354.02,-1.06,1.54,254.40,0.99,Fwd,6.12
1748747354.02,-1.06,1.54,255.09,0.99,Fwd,6.12
1748747354.02,-1.06,1.54,255.09,0.98,Fwd,6.12
1748747354.02,-1.06,1.54,255.09,0.98,Fwd,6.12
1748747354.02,-1.06,1.54,255.09,0.98,Fwd,6.12
1748747354.02,-1.06,1.54,255.09,0.98,Fwd,6.12
1748747354.02,-1.06,1.54,255.09,0.98,Fwd,6.12
1748747354.03,-0.94,1.54,255.09,0.98,Fwd,6.12
1748747354.03,-0.94,2.29,255.09,0.98,Fwd,6.12
1748747354.03,-0.94,2.29,255.45,0.98,Fwd,6.12
1748747354.05,-0.94,2.29,255.45,0.97,Fwd,6.12
1748747354.05,-0.94,2.29,255.45,0.97,Fwd,6.12
1748747354.06,-0.94,2.29,255.45,0.97,Fwd,6.12
1748747354.06,-0.94,2.29,255.45,0.97,Fwd,6.12
1748747354.13,-0.94,2.29,255.45,0.97,Fwd,6.12
1748747354.16,-0.65,2.29,255.45,0.97,Fwd,6.12
1748747354.20,-0.65,2.53,255.45,0.97,Fwd,6.12
1748747354.20,-0.65,2.53,255.72,0.97,Fwd,6.12
1748747354.20,-0.65,2.53,255.72,0.84,Fwd,6.12
1748747354.20,-0.65,2.53,255.72,0.84,Fwd,6.12
1748747354.20,-0.65,2.53,255.72,0.84,Fwd,6.12
1748747354.20,-0.65,2.53,255.72,0.84,Fwd,6.12
1748747354.23,-0.65,2.53,255.72,0.84,Fwd,4.91
1748747354.23,-0.41,2.53,255.72,0.84,Fwd,4.91
1748747354.23,-0.41,3.18,255.72,0.84,Fwd,4.91
1748747354.23,-0.41,3.18,255.98,0.84,Fwd,4.91
1748747354.23,-0.41,3.18,255.98,0.94,Fwd,4.91
1748747354.24,-0.41,3.18,255.98,0.94,Fwd,4.91
1748747354.24,-0.41,3.18,255.98,0.94,Fwd,4.91
1748747354.24,-0.41,3.18,255.98,0.94,Fwd,4.91
1748747354.34,-0.41,3.18,255.98,0.94,Fwd,4.91
1748747354.34,-0.02,3.18,255.98,0.94,Fwd,4.91
1748747354.34,-0.02,3.61,255.98,0.94,Fwd,4.91
1748747354.34,-0.02,3.61,256.54,0.94,Fwd,4.91
1748747354.34,-0.02,3.61,256.54,0.96,Fwd,4.91
1748747354.35,-0.02,3.61,256.54,0.96,Fwd,4.91
1748747354.35,-0.02,3.61,256.54,0.96,Fwd,4.91
1748747354.35,-0.02,3.61,256.54,0.96,Fwd,4.91
1748747354.44,-0.02,3.61,256.54,0.96,Fwd,4.91
1748747354.48,0.37,3.61,256.54,0.96,Fwd,4.91
1748747354.48,0.37,3.32,256.54,0.96,Fwd,4.91
1748747354.48,0.37,3.32,257.83,0.96,Fwd,4.91
1748747354.48,0.37,3.32,257.83,1.04,Fwd,4.91
1748747354.48,0.37,3.32,257.83,1.04,Fwd,4.91
1748747354.48,0.37,3.32,257.83,1.04,Fwd,4.91
1748747354.49,0.37,3.32,257.83,1.04,Fwd,4.91
1748747354.55,0.37,3.32,257.83,1.04,Fwd,4.91
1748747354.55,0.42,3.32,257.83,1.04,Fwd,4.91
1748747354.55,0.42,3.24,257.83,1.04,Fwd,4.91
1748747354.55,0.42,3.24,259.65,1.04,Fwd,4.91
1748747354.55,0.42,3.24,259.65,0.89,Fwd,4.91
1748747354.55,0.42,3.24,259.65,0.89,Fwd,4.91
1748747354.56,0.42,3.24,259.65,0.89,Fwd,4.91
1748747354.56,0.42,3.24,259.65,0.89,Fwd,4.91
1748747354.65,0.42,3.24,259.65,0.89,Fwd,4.91
1748747354.66,0.29,3.24,259.65,0.89,Fwd,4.91
1748747354.66,0.29,3.11,259.65,0.89,Fwd,4.91
1748747354.66,0.29,3.11,261.78,0.89,Fwd,4.91
1748747354.66,0.29,3.11,261.78,1.00,Fwd,4.91
1748747354.66,0.29,3.11,261.78,1.00,Fwd,4.91
1748747354.67,0.29,3.11,261.78,1.00,Fwd,4.91
1748747354.67,0.29,3.11,261.78,1.00,Fwd,4.91
1748747354.72,0.29,3.11,261.78,1.00,Fwd,4.91
1748747354.72,0.28,3.11,261.78,1.00,Fwd,4.91
1748747354.72,0.28,2.92,261.78,1.00,Fwd,4.91
1748747354.72,0.28,2.92,264.25,1.00,Fwd,4.91
1748747354.72,0.28,2.92,264.25,0.99,Fwd,4.91
1748747354.73,0.28,2.92,264.25,0.99,Fwd,4.91
1748747354.73,0.28,2.92,264.25,0.99,Fwd,4.91
1748747354.73,0.28,2.92,264.25,0.99,Fwd,4.91
1748747354.83,0.28,2.92,264.25,0.99,Fwd,4.91
1748747354.83,0.48,2.92,264.25,0.99,Fwd,4.91
1748747354.83,0.48,2.18,264.25,0.99,Fwd,4.91
1748747354.83,0.48,2.18,267.09,0.99,Fwd,4.91
1748747354.83,0.48,2.18,267.09,0.89,Fwd,4.91
1748747354.83,0.48,2.18,267.09,0.89,Fwd,4.91
1748747354.83,0.48,2.18,267.09,0.89,Fwd,4.91
1748747354.83,0.48,2.18,267.09,0.89,Fwd,4.91
1748747354.93,0.48,2.18,267.09,0.89,Fwd,4.79
1748747354.94,0.64,2.18,267.09,0.89,Fwd,4.79
1748747354.94,0.64,1.17,267.09,0.89,Fwd,4.79
1748747354.94,0.64,1.17,270.22,0.89,Fwd,4.79
1748747354.94,0.64,1.17,270.22,1.01,Fwd,4.79
1748747354.94,0.64,1.17,270.22,1.01,Fwd,4.79
1748747354.94,0.64,1.17,270.22,1.01,Fwd,4.79
1748747354.94,0.64,1.17,270.22,1.01,Fwd,4.79
1748747355.04,0.64,1.17,270.22,1.01,Fwd,4.79
1748747355.07,0.73,1.17,270.22,1.01,Fwd,4.79
1748747355.07,0.73,-0.04,270.22,1.01,Fwd,4.79
1748747355.07,0.73,-0.04,273.51,1.01,Fwd,4.79
1748747355.07,0.73,-0.04,273.51,0.96,Fwd,4.79
1748747355.08,0.73,-0.04,273.51,0.96,Fwd,4.79
1748747355.08,0.73,-0.04,273.51,0.96,Fwd,4.79
1748747355.08,0.73,-0.04,273.51,0.96,Fwd,4.79
1748747355.14,0.73,-0.04,273.51,0.96,Fwd,4.79
1748747355.14,0.58,-0.04,273.51,0.96,Fwd,4.79
1748747355.14,0.58,-1.36,273.51,0.96,Fwd,4.79
1748747355.15,0.58,-1.36,276.87,0.96,Fwd,4.79
1748747355.15,0.58,-1.36,276.87,0.89,Fwd,4.79
1748747355.15,0.58,-1.36,276.87,0.89,Fwd,4.79
1748747355.15,0.58,-1.36,276.87,0.89,Fwd,4.79
1748747355.15,0.58,-1.36,276.87,0.89,Fwd,4.79
1748747355.25,0.58,-1.36,276.87,0.89,Fwd,4.79
1748747355.25,0.35,-1.36,276.87,0.89,Fwd,4.79
1748747355.25,0.35,-2.39,276.87,0.89,Fwd,4.79
1748747355.25,0.35,-2.39,280.17,0.89,Fwd,4.79
1748747355.25,0.35,-2.39,280.17,0.97,Fwd,4.79
1748747355.25,0.35,-2.39,280.17,0.97,Fwd,4.79
1748747355.25,0.35,-2.39,280.17,0.97,Fwd,4.79
1748747355.25,0.35,-2.39,280.17,0.97,Fwd,4.79
1748747355.35,0.35,-2.39,280.17,0.97,Fwd,4.79
1748747355.35,0.10,-2.39,280.17,0.97,Fwd,4.79
1748747355.35,0.10,-2.78,280.17,0.97,Fwd,4.79
1748747355.35,0.10,-2.78,283.12,0.97,Fwd,4.79
1748747355.36,0.10,-2.78,283.12,0.98,Fwd,4.79
1748747355.36,0.10,-2.78,283.12,0.98,Fwd,4.79
1748747355.36,0.10,-2.78,283.12,0.98,Fwd,4.79
1748747355.36,0.10,-2.78,283.12,0.98,Fwd,4.79
1748747355.42,0.10,-2.78,283.12,0.98,Fwd,4.79
1748747355.45,-0.09,-2.78,283.12,0.98,Fwd,4.79
1748747355.49,-0.09,-3.00,283.12,0.98,Fwd,4.79
1748747355.53,-0.09,-3.00,285.45,0.98,Fwd,4.79
1748747355.53,-0.09,-3.00,285.45,0.85,Fwd,4.79
1748747355.53,-0.09,-3.00,285.45,0.85,Fwd,4.79
1748747355.53,-0.09,-3.00,285.45,0.85,Fwd,4.79
1748747355.53,-0.09,-3.00,285.45,0.85,Fwd,4.79
1748747355.53,-0.09,-3.00,285.45,0.85,Fwd,4.79
1748747355.53,-0.13,-3.00,285.45,0.85,Fwd,4.79
1748747355.54,-0.13,-2.61,285.45,0.85,Fwd,4.79
1748747355.54,-0.13,-2.61,287.14,0.85,Fwd,4.79
1748747355.54,-0.13,-2.61,287.14,1.02,Fwd,4.79
1748747355.54,-0.13,-2.61,287.14,1.02,Fwd,4.79
1748747355.54,-0.13,-2.61,287.14,1.02,Fwd,4.79
1748747355.54,-0.13,-2.61,287.14,1.02,Fwd,4.79
1748747355.63,-0.13,-2.61,287.14,1.02,Fwd,4.79
1748747355.63,0.00,-2.61,287.14,1.02,Fwd,4.79
1748747355.63,0.00,-2.23,287.14,1.02,Fwd,4.79
1748747355.64,0.00,-2.23,288.26,1.02,Fwd,4.79
1748747355.64,0.00,-2.23,288.26,1.05,Fwd,4.79
1748747355.64,0.00,-2.23,288.26,1.05,Fwd,4.79
1748747355.64,0.00,-2.23,288.26,1.05,Fwd,4.79
1748747355.64,0.00,-2.23,288.26,1.05,Fwd,4.79
1748747355.74,0.00,-2.23,288.26,1.05,Fwd,4.84
1748747355.77,0.17,-2.23,288.26,1.05,Fwd,4.84
1748747355.81,0.17,-1.65,288.26,1.05,Fwd,4.84
1748747355.81,0.17,-1.65,288.97,1.05,Fwd,4.84
1748747355.81,0.17,-1.65,288.97,0.96,Fwd,4.84
1748747355.81,0.17,-1.65,288.97,0.96,Fwd,4.84
1748747355.81,0.17,-1.65,288.97,0.96,Fwd,4.84
1748747355.81,0.17,-1.65,288.97,0.96,Fwd,4.84
1748747355.84,0.17,-1.65,288.97,0.96,Fwd,4.84
1748747355.84,0.18,-1.65,288.97,0.96,Fwd,4.84
1748747355.85,0.18,-0.97,288.97,0.96,Fwd,4.84
1748747355.85,0.18,-0.97,289.46,0.96,Fwd,4.84
1748747355.85,0.18,-0.97,289.46,0.93,Fwd,4.84
1748747355.85,0.18,-0.97,289.46,0.93,Fwd,4.84
1748747355.85,0.18,-0.97,289.46,0.93,Fwd,4.84
1748747355.85,0.18,-0.97,289.46,0.93,Fwd,4.84
1748747355.94,0.18,-0.97,289.46,0.93,Fwd,4.84
1748747355.98,0.02,-0.97,289.46,0.93,Fwd,4.84
1748747355.98,0.02,-0.44,289.46,0.93,Fwd,4.84
1748747355.98,0.02,-0.44,290.10,0.93,Fwd,4.84
1748747356.01,0.02,-0.44,290.10,0.93,Fwd,4.84
1748747356.05,0.02,-0.44,290.10,0.93,Fwd,4.84
1748747356.05,0.02,-0.44,290.10,0.93,Fwd,4.84
1748747356.05,0.02,-0.44,290.10,0.93,Fwd,4.84
1748747356.05,0.02,-0.44,290.10,0.93,Fwd,4.84
1748747356.06,-0.09,-0.44,290.10,0.93,Fwd,4.84
1748747356.06,-0.09,-0.35,290.10,0.93,Fwd,4.84
1748747356.06,-0.09,-0.35,291.20,0.93,Fwd,4.84
1748747356.06,-0.09,-0.35,291.20,0.91,Fwd,4.84
1748747356.06,-0.09,-0.35,291.20,0.91,Fwd,4.84
1748747356.12,-0.09,-0.35,291.20,0.91,Fwd,4.84
1748747356.12,-0.28,-0.35,291.20,0.91,Fwd,4.84
1748747356.13,-0.28,-0.68,291.20,0.91,Fwd,4.84
1748747356.13,-0.28,-0.68,292.80,0.91,Fwd,4.84
1748747356.13,-0.28,-0.68,292.80,0.84,Fwd,4.84
1748747356.13,-0.28,-0.68,292.80,0.84,Fwd,4.84
1748747356.13,-0.28,-0.68,292.80,0.84,Fwd,4.84
1748747356.13,-0.28,-0.68,292.80,0.84,Fwd,4.84
1748747356.23,-0.28,-0.68,292.80,0.84,Fwd,4.84
1748747356.26,-0.63,-0.68,292.80,0.84,Fwd,4.84
1748747356.27,-0.63,-0.86,292.80,0.84,Fwd,4.84
1748747356.27,-0.63,-0.86,294.59,0.84,Fwd,4.84
1748747356.27,-0.63,-0.86,294.59,0.90,Fwd,4.84
1748747356.27,-0.63,-0.86,294.59,0.90,Fwd,4.84
1748747356.27,-0.63,-0.86,294.59,0.90,Fwd,4.84
1748747356.27,-0.63,-0.86,294.59,0.90,Fwd,4.84
1748747356.33,-0.63,-0.86,294.59,0.90,Fwd,4.84
1748747356.34,-1.06,-0.86,294.59,0.90,Fwd,4.84
1748747356.34,-1.06,-0.84,294.59,0.90,Fwd,4.84
1748747356.34,-1.06,-0.84,296.31,0.90,Fwd,4.84
1748747356.34,-1.06,-0.84,296.31,0.95,Fwd,4.84
1748747356.34,-1.06,-0.84,296.31,0.95,Fwd,4.84
1748747356.34,-1.06,-0.84,296.31,0.95,Fwd,4.84
1748747356.34,-1.06,-0.84,296.31,0.95,Fwd,4.84
1748747356.43,-1.06,-0.84,296.31,0.95,Fwd,4.84
1748747356.48,-1.30,-0.84,296.31,0.95,Fwd,4.84
1748747356.48,-1.30,-0.59,296.31,0.95,Fwd,4.84
1748747356.48,-1.30,-0.59,297.96,0.95,Fwd,4.84
1748747356.48,-1.30,-0.59,297.96,0.96,Fwd,4.84
1748747356.48,-1.30,-0.59,297.96,0.96,Fwd,4.84
1748747356.48,-1.30,-0.59,297.96,0.96,Fwd,4.84
1748747356.48,-1.30,-0.59,297.96,0.96,Fwd,4.84
1748747356.54,-1.30,-0.59,297.96,0.96,Fwd,4.91
1748747356.55,-0.63,-0.59,297.96,0.96,Fwd,4.91
1748747356.55,-0.63,-0.35,297.96,0.96,Fwd,4.91
1748747356.55,-0.63,-0.35,299.57,0.96,Fwd,4.91
1748747356.55,-0.63,-0.35,299.57,0.97,Fwd,4.91
1748747356.55,-0.63,-0.35,299.57,0.97,Fwd,4.91
1748747356.55,-0.63,-0.35,299.57,0.97,Fwd,4.91
1748747356.56,-0.63,-0.35,299.57,0.97,Fwd,4.91
1748747356.64,-0.63,-0.35,299.57,0.97,Fwd,4.91
1748747356.68,0.06,-0.35,299.57,0.97,Fwd,4.91
1748747356.69,0.06,-0.41,299.57,0.97,Fwd,4.91
1748747356.69,0.06,-0.41,301.19,0.97,Fwd,4.91
1748747356.69,0.06,-0.41,301.19,0.99,Fwd,4.91
1748747356.69,0.06,-0.41,301.19,0.99,Fwd,4.91
1748747356.69,0.06,-0.41,301.19,0.99,Fwd,4.91
1748747356.69,0.06,-0.41,301.19,0.99,Fwd,4.91
1748747356.75,0.06,-0.41,301.19,0.99,Fwd,4.91
1748747356.75,1.16,-0.41,301.19,0.99,Fwd,4.91
1748747356.75,1.16,-1.04,301.19,0.99,Fwd,4.91
1748747356.76,1.16,-1.04,303.25,0.99,Fwd,4.91
1748747356.76,1.16,-1.04,303.25,1.00,Fwd,4.91
1748747356.76,1.16,-1.04,303.25,1.00,Fwd,4.91
1748747356.76,1.16,-1.04,303.25,1.00,Fwd,4.91
1748747356.76,1.16,-1.04,303.25,1.00,Fwd,4.91
1748747356.82,1.16,-1.04,303.25,1.00,Fwd,4.91
1748747356.86,2.05,-1.04,303.25,1.00,Fwd,4.91
1748747356.86,2.05,-1.65,303.25,1.00,Fwd,4.91
1748747356.86,2.05,-1.65,305.67,1.00,Fwd,4.91
1748747356.86,2.05,-1.65,305.67,0.91,Fwd,4.91
1748747356.86,2.05,-1.65,305.67,0.91,Fwd,4.91
1748747356.86,2.05,-1.65,305.67,0.91,Fwd,4.91
1748747356.86,2.05,-1.65,305.67,0.91,Fwd,4.91
1748747356.93,2.05,-1.65,305.67,0.91,Fwd,4.91
1748747356.93,2.58,-1.65,305.67,0.91,Fwd,4.91
1748747356.93,2.58,-2.09,305.67,0.91,Fwd,4.91
1748747356.93,2.58,-2.09,307.98,0.91,Fwd,4.91
1748747356.93,2.58,-2.09,307.98,0.89,Fwd,4.91
1748747356.94,2.58,-2.09,307.98,0.89,Fwd,4.91
1748747356.94,2.58,-2.09,307.98,0.89,Fwd,4.91
1748747356.94,2.58,-2.09,307.98,0.89,Fwd,4.91
1748747357.03,2.58,-2.09,307.98,0.89,Fwd,4.91
1748747357.03,2.54,-2.09,307.98,0.89,Fwd,4.91
1748747357.03,2.54,-2.04,307.98,0.89,Fwd,4.91
1748747357.03,2.54,-2.04,309.84,0.89,Fwd,4.91
1748747357.03,2.54,-2.04,309.84,0.88,Fwd,4.91
1748747357.03,2.54,-2.04,309.84,0.88,Fwd,4.91
1748747357.03,2.54,-2.04,309.84,0.88,Fwd,4.91
1748747357.03,2.54,-2.04,309.84,0.88,Fwd,4.91
1748747357.13,2.54,-2.04,309.84,0.88,Fwd,4.91
1748747357.13,2.80,-2.04,309.84,0.88,Fwd,4.91
1748747357.14,2.80,-1.86,309.84,0.88,Fwd,4.91
1748747357.14,2.80,-1.86,311.16,0.88,Fwd,4.91
1748747357.14,2.80,-1.86,311.16,0.97,Fwd,4.91
1748747357.14,2.80,-1.86,311.16,0.97,Fwd,4.91
1748747357.14,2.80,-1.86,311.16,0.97,Fwd,4.91
1748747357.14,2.80,-1.86,311.16,0.97,Fwd,4.91
1748747357.24,2.80,-1.86,311.16,0.97,Fwd,4.91
1748747357.24,3.51,-1.86,311.16,0.97,Fwd,4.91
1748747357.24,3.51,-1.79,311.16,0.97,Fwd,4.91
1748747357.27,3.51,-1.79,311.96,0.97,Fwd,4.91
1748747357.27,3.51,-1.79,311.96,1.00,Fwd,4.91
1748747357.27,3.51,-1.79,311.96,1.00,Fwd,4.91
1748747357.27,3.51,-1.79,311.96,1.00,Fwd,4.91
1748747357.27,3.51,-1.79,311.96,1.00,Fwd,4.91
1748747357.34,3.51,-1.79,311.96,1.00,Fwd,4.91
1748747357.38,4.03,-1.79,311.96,1.00,Fwd,4.91
1748747357.38,4.03,-1.38,311.96,1.00,Fwd,4.91
1748747357.38,4.03,-1.38,312.37,1.00,Fwd,4.91
1748747357.38,4.03,-1.38,312.37,0.99,Fwd,4.91
1748747357.38,4.03,-1.38,312.37,0.99,Fwd,4.91
1748747357.38,4.03,-1.38,312.37,0.99,Fwd,4.91
1748747357.38,4.03,-1.38,312.37,0.99,Fwd,4.91
1748747357.45,4.03,-1.38,312.37,0.99,Fwd,4.91
1748747357.45,3.87,-1.38,312.37,0.99,Fwd,4.91
1748747357.45,3.87,-1.55,312.37,0.99,Fwd,4.91
1748747357.45,3.87,-1.55,312.75,0.99,Fwd,4.91
1748747357.45,3.87,-1.55,312.75,1.21,Fwd,4.91
1748747357.45,3.87,-1.55,312.75,1.21,Fwd,4.91
1748747357.45,3.87,-1.55,312.75,1.21,Fwd,4.91
1748747357.45,3.87,-1.55,312.75,1.21,Fwd,4.91
1748747357.52,3.87,-1.55,312.75,1.21,Fwd,4.91
1748747357.52,3.01,-1.55,312.75,1.21,Fwd,4.91
1748747357.52,3.01,-1.65,312.75,1.21,Fwd,4.91
1748747357.52,3.01,-1.65,313.03,1.21,Fwd,4.91
1748747357.52,3.01,-1.65,313.03,0.94,Fwd,4.91
1748747357.52,3.01,-1.65,313.03,0.94,Fwd,4.91
1748747357.52,3.01,-1.65,313.03,0.94,Fwd,4.91
1748747357.52,3.01,-1.65,313.03,0.94,Fwd,4.91
1748747357.63,3.01,-1.65,313.03,0.94,Fwd,4.91
1748747357.63,2.79,-1.65,313.03,0.94,Fwd,4.91
1748747357.63,2.79,-1.39,313.03,0.94,Fwd,4.91
1748747357.63,2.79,-1.39,313.21,0.94,Fwd,4.91
1748747357.63,2.79,-1.39,313.21,0.94,Fwd,4.91
1748747357.63,2.79,-1.39,313.21,0.94,Fwd,4.91
1748747357.66,2.79,-1.39,313.21,0.94,Fwd,4.91
1748747357.66,2.79,-1.39,313.21,0.94,Fwd,4.91
1748747357.73,2.79,-1.39,313.21,0.94,Fwd,4.91
1748747357.73,2.73,-1.39,313.21,0.94,Fwd,4.91
1748747357.73,2.73,-1.19,313.21,0.94,Fwd,4.91
1748747357.74,2.73,-1.19,313.38,0.94,Fwd,4.91
1748747357.74,2.73,-1.19,313.38,0.92,Fwd,4.91
1748747357.74,2.73,-1.19,313.38,0.92,Fwd,4.91
1748747357.74,2.73,-1.19,313.38,0.92,Fwd,4.91
1748747357.74,2.73,-1.19,313.38,0.92,Fwd,4.91
1748747357.87,2.73,-1.19,313.38,0.92,Fwd,4.91
1748747357.87,3.44,-1.19,313.38,0.92,Fwd,4.91
1748747357.87,3.44,-0.98,313.38,0.92,Fwd,4.91
1748747357.88,3.44,-0.98,313.64,0.92,Fwd,4.91
1748747357.88,3.44,-0.98,313.64,1.01,Fwd,4.91
1748747357.88,3.44,-0.98,313.64,1.01,Fwd,4.91
1748747357.88,3.44,-0.98,313.64,1.01,Fwd,4.91
1748747357.88,3.44,-0.98,313.64,1.01,Fwd,4.91
1748747357.94,3.44,-0.98,313.64,1.01,Fwd,4.91
1748747357.94,4.69,-0.98,313.64,1.01,Fwd,4.91
1748747357.94,4.69,-0.92,313.64,1.01,Fwd,4.91
1748747357.94,4.69,-0.92,314.11,1.01,Fwd,4.91
1748747357.95,4.69,-0.92,314.11,1.01,Fwd,4.91
1748747357.95,4.69,-0.92,314.11,1.01,Fwd,4.91
1748747357.95,4.69,-0.92,314.11,1.01,Fwd,4.91
1748747357.95,4.69,-0.92,314.11,1.01,Fwd,4.91
1748747358.05,4.69,-0.92,314.11,1.01,Fwd,4.91
1748747358.05,4.08,-0.92,314.11,1.01,Fwd,4.91
1748747358.05,4.08,-0.74,314.11,1.01,Fwd,4.91
1748747358.05,4.08,-0.74,314.68,1.01,Fwd,4.91
1748747358.05,4.08,-0.74,314.68,1.00,Fwd,4.91
1748747358.06,4.08,-0.74,314.68,1.00,Fwd,4.91
1748747358.06,4.08,-0.74,314.68,1.00,Fwd,4.91
1748747358.06,4.08,-0.74,314.68,1.00,Fwd,4.91
1748747358.16,4.08,-0.74,314.68,1.00,Fwd,4.91
1748747358.16,3.66,-0.74,314.68,1.00,Fwd,4.91
1748747358.16,3.66,-0.78,314.68,1.00,Fwd,4.91
1748747358.16,3.66,-0.78,315.20,1.00,Fwd,4.91
1748747358.16,3.66,-0.78,315.20,0.99,Fwd,4.91
1748747358.16,3.66,-0.78,315.20,0.99,Fwd,4.91
1748747358.16,3.66,-0.78,315.20,0.99,Fwd,4.91
1748747358.16,3.66,-0.78,315.20,0.99,Fwd,4.91
1748747358.22,3.66,-0.78,315.20,0.99,Fwd,4.91