1748747225.19,-1.90,1.10,260.00,0.98,Fwd,3.15
1748747225.19,-1.90,1.10,260.00,0.96,Fwd,3.15
1748747225.19,-1.90,1.10,260.00,0.96,Fwd,3.15
1748747225.19,-1.90,1.10,260.00,0.96,Fwd,3.15
1748747225.19,-1.90,1.10,260.00,0.96,Fwd,3.15
1748747225.22,-1.90,1.10,260.00,0.96,Fwd,3.15
1748747225.22,-3.15,1.10,260.00,0.96,Fwd,3.15
1748747225.22,-3.15,2.03,260.00,0.96,Fwd,3.15
1748747225.22,-3.15,2.03,266.01,0.96,Fwd,3.15
1748747225.23,-3.15,2.03,266.01,1.04,Fwd,3.15
1748747225.23,-3.15,2.03,266.01,1.04,Fwd,3.15
1748747225.23,-3.15,2.03,266.01,1.04,Fwd,3.15
1748747225.23,-3.15,2.03,266.01,1.04,Fwd,3.15
1748747225.33,-3.15,2.03,266.01,1.04,Fwd,3.87
1748747225.33,-3.85,2.03,266.01,1.04,Fwd,3.87
1748747225.33,-3.85,2.25,266.01,1.04,Fwd,3.87
1748747225.33,-3.85,2.25,273.47,1.04,Fwd,3.87
1748747225.34,-3.85,2.25,273.47,0.80,Fwd,3.87
1748747225.34,-3.85,2.25,273.47,0.80,Fwd,3.87
1748747225.34,-3.85,2.25,273.47,0.80,Fwd,3.87
1748747225.34,-3.85,2.25,273.47,0.80,Fwd,3.87
1748747225.43,-3.85,2.25,273.47,0.80,Fwd,3.87
1748747225.43,-3.20,2.25,273.47,0.80,Fwd,3.87
1748747225.44,-3.20,0.96,273.47,0.80,Fwd,3.87
1748747225.44,-3.20,0.96,282.12,0.80,Fwd,3.87
1748747225.44,-3.20,0.96,282.12,0.91,Fwd,3.87
1748747225.44,-3.20,0.96,282.12,0.91,Fwd,3.87
1748747225.44,-3.20,0.96,282.12,0.91,Fwd,3.87
1748747225.44,-3.20,0.96,282.12,0.91,Fwd,3.87
1748747225.54,-3.20,0.96,282.12,0.91,Fwd,3.87
1748747225.54,-2.16,0.96,282.12,0.91,Fwd,3.87
1748747225.54,-2.16,0.24,282.12,0.91,Fwd,3.87
1748747225.54,-2.16,0.24,289.30,0.91,Fwd,3.87
1748747225.54,-2.16,0.24,289.30,0.86,Fwd,3.87
1748747225.54,-2.16,0.24,289.30,0.86,Fwd,3.87
1748747225.55,-2.16,0.24,289.30,0.86,Fwd,3.87
1748747225.55,-2.16,0.24,289.30,0.86,Fwd,3.87
1748747225.64,-2.16,0.24,289.30,0.86,Fwd,3.87
1748747225.64,-1.87,0.24,289.30,0.86,Fwd,3.87
1748747225.65,-1.87,-0.88,289.30,0.86,Fwd,3.87
1748747225.65,-1.87,-0.88,294.31,0.86,Fwd,3.87
1748747225.65,-1.87,-0.88,294.31,1.00,Fwd,3.87
1748747225.65,-1.87,-0.88,294.31,1.00,Fwd,3.87
1748747225.65,-1.87,-0.88,294.31,1.00,Fwd,3.87
1748747225.65,-1.87,-0.88,294.31,1.00,Fwd,3.87
1748747225.75,-1.87,-0.88,294.31,1.00,Fwd,3.87
1748747225.75,-1.58,-0.88,294.31,1.00,Fwd,3.87
1748747225.75,-1.58,-1.51,294.31,1.00,Fwd,3.87
1748747225.75,-1.58,-1.51,297.84,1.00,Fwd,3.87
1748747225.75,-1.58,-1.51,297.84,0.97,Fwd,3.87
1748747225.75,-1.58,-1.51,297.84,0.97,Fwd,3.87
1748747225.75,-1.58,-1.51,297.84,0.97,Fwd,3.87
1748747225.76,-1.58,-1.51,297.84,0.97,Fwd,3.87
1748747225.85,-1.58,-1.51,297.84,0.97,Fwd,3.87
1748747225.89,-1.85,-1.51,297.84,0.97,Fwd,3.87
1748747225.89,-1.85,-1.12,297.84,0.97,Fwd,3.87
1748747225.89,-1.85,-1.12,300.55,0.97,Fwd,3.87
1748747225.89,-1.85,-1.12,300.55,1.03,Fwd,3.87
1748747225.89,-1.85,-1.12,300.55,1.03,Fwd,3.87
1748747225.89,-1.85,-1.12,300.55,1.03,Fwd,3.87
1748747225.89,-1.85,-1.12,300.55,1.03,Fwd,3.87
1748747225.92,-1.85,-1.12,300.55,1.03,Fwd,5.89
1748747225.92,-1.76,-1.12,300.55,1.03,Fwd,5.89
1748747225.92,-1.76,-0.93,300.55,1.03,Fwd,5.89
1748747225.92,-1.76,-0.93,302.74,1.03,Fwd,5.89
1748747225.92,-1.76,-0.93,302.74,0.94,Fwd,5.89
1748747225.93,-1.76,-0.93,302.74,0.94,Fwd,5.89
1748747225.93,-1.76,-0.93,302.74,0.94,Fwd,5.89
1748747225.93,-1.76,-0.93,302.74,0.94,Fwd,5.89
1748747226.02,-1.76,-0.93,302.74,0.94,Fwd,5.89
1748747226.03,-1.27,-0.93,302.74,0.94,Fwd,5.89
1748747226.03,-1.27,-0.88,302.74,0.94,Fwd,5.89
1748747226.03,-1.27,-0.88,304.33,0.94,Fwd,5.89
1748747226.03,-1.27,-0.88,304.33,1.10,Fwd,5.89
1748747226.03,-1.27,-0.88,304.33,1.10,Fwd,5.89
1748747226.03,-1.27,-0.88,304.33,1.10,Fwd,5.89
1748747226.03,-1.27,-0.88,304.33,1.10,Fwd,5.89
1748747226.13,-1.27,-0.88,304.33,1.10,Fwd,5.89
1748747226.17,-0.17,-0.88,304.33,1.10,Fwd,5.89
1748747226.17,-0.17,-0.28,304.33,1.10,Fwd,5.89
1748747226.17,-0.17,-0.28,305.35,1.10,Fwd,5.89
1748747226.17,-0.17,-0.28,305.35,1.08,Fwd,5.89
1748747226.17,-0.17,-0.28,305.35,1.08,Fwd,5.89
1748747226.17,-0.17,-0.28,305.35,1.08,Fwd,5.89
1748747226.17,-0.17,-0.28,305.35,1.08,Fwd,5.89
1748747226.24,-0.17,-0.28,305.35,1.08,Fwd,5.89
1748747226.24,0.60,-0.28,305.35,1.08,Fwd,5.89
1748747226.24,0.60,-0.24,305.35,1.08,Fwd,5.89
1748747226.24,0.60,-0.24,306.14,1.08,Fwd,5.89
1748747226.24,0.60,-0.24,306.14,1.03,Fwd,5.89
1748747226.24,0.60,-0.24,306.14,1.03,Fwd,5.89
1748747226.24,0.60,-0.24,306.14,1.03,Fwd,5.89
1748747226.24,0.60,-0.24,306.14,1.03,Fwd,5.89
1748747226.34,0.60,-0.24,306.14,1.03,Fwd,5.89
1748747226.34,0.66,-0.24,306.14,1.03,Fwd,5.89
1748747226.34,0.66,-0.79,306.14,1.03,Fwd,5.89
1748747226.35,0.66,-0.79,307.09,1.03,Fwd,5.89
1748747226.35,0.66,-0.79,307.09,0.97,Fwd,5.89
1748747226.35,0.66,-0.79,307.09,0.97,Fwd,5.89
1748747226.35,0.66,-0.79,307.09,0.97,Fwd,5.89
1748747226.35,0.66,-0.79,307.09,0.97,Fwd,5.89
1748747226.45,0.66,-0.79,307.09,0.97,Fwd,5.89
1748747226.45,-1.53,-0.79,307.09,0.97,Fwd,5.89
1748747226.45,-1.53,-2.46,307.09,0.97,Fwd,5.89
1748747226.45,-1.53,-2.46,308.31,0.97,Fwd,5.89
1748747226.45,-1.53,-2.46,308.31,0.78,Fwd,5.89
1748747226.45,-1.53,-2.46,308.31,0.78,Fwd,5.89
1748747226.46,-1.53,-2.46,308.31,0.78,Fwd,5.89
1748747226.46,-1.53,-2.46,308.31,0.78,Fwd,5.89
1748747226.55,-1.53,-2.46,308.31,0.78,Fwd,5.89
1748747226.59,-4.66,-2.46,308.31,0.78,Fwd,5.89
1748747226.62,-4.66,-1.77,308.31,0.78,Fwd,5.89
1748747226.66,-4.66,-1.77,310.18,0.78,Fwd,5.89
1748747226.66,-4.66,-1.77,310.18,1.12,Fwd,5.89
1748747226.66,-4.66,-1.77,310.18,1.12,Fwd,5.89
1748747226.66,-4.66,-1.77,310.18,1.12,Fwd,5.89
1748747226.66,-4.66,-1.77,310.18,1.12,Fwd,5.89
1748747226.66,-4.66,-1.77,310.18,1.12,Fwd,5.78
1748747226.66,-3.31,-1.77,310.18,1.12,Fwd,5.78
1748747226.67,-3.31,0.11,310.18,1.12,Fwd,5.78
1748747226.67,-3.31,0.11,310.64,1.12,Fwd,5.78
1748747226.67,-3.31,0.11,310.64,0.79,Fwd,5.78
1748747226.67,-3.31,0.11,310.64,0.79,Fwd,5.78
1748747226.67,-3.31,0.11,310.64,0.79,Fwd,5.78
1748747226.67,-3.31,0.11,310.64,0.79,Fwd,5.78
1748747226.73,-3.31,0.11,310.64,0.79,Fwd,5.78
1748747226.73,-2.80,0.11,310.64,0.79,Fwd,5.78
1748747226.73,-2.80,0.19,310.64,0.79,Fwd,5.78
1748747226.73,-2.80,0.19,311.51,0.79,Fwd,5.78
1748747226.74,-2.80,0.19,311.51,1.00,Fwd,5.78
1748747226.74,-2.80,0.19,311.51,1.00,Fwd,5.78
1748747226.74,-2.80,0.19,311.51,1.00,Fwd,5.78
1748747226.74,-2.80,0.19,311.51,1.00,Fwd,5.78
1748747226.83,-2.80,0.19,311.51,1.00,Fwd,5.78
1748747226.86,-2.36,0.19,311.51,1.00,Fwd,5.78
1748747226.90,-2.36,-1.41,311.51,1.00,Fwd,5.78
1748747226.90,-2.36,-1.41,313.50,1.00,Fwd,5.78
1748747226.90,-2.36,-1.41,313.50,0.50,Fwd,5.78
1748747226.90,-2.36,-1.41,313.50,0.50,Fwd,5.78
1748747226.90,-2.36,-1.41,313.50,0.50,Fwd,5.78
1748747226.90,-2.36,-1.41,313.50,0.50,Fwd,5.78
1748747226.93,-2.36,-1.41,313.50,0.50,Fwd,5.78
1748747226.93,-0.70,-1.41,313.50,0.50,Fwd,5.78
1748747226.94,-0.70,-2.38,313.50,0.50,Fwd,5.78
1748747226.94,-0.70,-2.38,315.90,0.50,Fwd,5.78
1748747226.94,-0.70,-2.38,315.90,1.23,Fwd,5.78
1748747226.94,-0.70,-2.38,315.90,1.23,Fwd,5.78
1748747226.94,-0.70,-2.38,315.90,1.23,Fwd,5.78
1748747226.94,-0.70,-2.38,315.90,1.23,Fwd,5.78
1748747227.04,-0.70,-2.38,315.90,1.23,Fwd,7.78
1748747227.07,-0.07,-2.38,315.90,1.23,Fwd,7.78
1748747227.11,-0.07,-3.62,315.90,1.23,Fwd,7.78
1748747227.11,-0.07,-3.62,318.06,1.23,Fwd,7.78
1748747227.11,-0.07,-3.62,318.06,0.74,Fwd,7.78
1748747227.11,-0.07,-3.62,318.06,0.74,Fwd,7.78
1748747227.11,-0.07,-3.62,318.06,0.74,Fwd,7.78
1748747227.11,-0.07,-3.62,318.06,0.74,Fwd,7.78
1748747227.14,-0.07,-3.62,318.06,0.74,Fwd,7.78
1748747227.14,-0.29,-3.62,318.06,0.74,Fwd,7.78
1748747227.14,-0.29,-2.26,318.06,0.74,Fwd,7.78
1748747227.14,-0.29,-2.26,319.75,0.74,Fwd,7.78
1748747227.14,-0.29,-2.26,319.75,0.25,Fwd,7.78
1748747227.14,-0.29,-2.26,319.75,0.25,Fwd,7.78
1748747227.14,-0.29,-2.26,319.75,0.25,Fwd,7.78
1748747227.14,-0.29,-2.26,319.75,0.25,Fwd,7.78
1748747227.25,-0.29,-2.26,319.75,0.25,Fwd,7.78
1748747227.28,-0.36,-2.26,319.75,0.25,Fwd,7.78
1748747227.29,-0.36,-1.95,319.75,0.25,Fwd,7.78
1748747227.29,-0.36,-1.95,320.87,0.25,Fwd,7.78
1748747227.29,-0.36,-1.95,320.87,1.11,Fwd,7.78
1748747227.29,-0.36,-1.95,320.87,1.11,Fwd,7.78
1748747227.29,-0.36,-1.95,320.87,1.11,Fwd,7.78
1748747227.29,-0.36,-1.95,320.87,1.11,Fwd,7.78
1748747227.32,-0.36,-1.95,320.87,1.11,Fwd,7.78
1748747227.32,-1.47,-1.95,320.87,1.11,Fwd,7.78
1748747227.32,-1.47,-2.46,320.87,1.11,Fwd,7.78
1748747227.32,-1.47,-2.46,321.56,1.11,Fwd,7.78
1748747227.32,-1.47,-2.46,321.56,0.22,Fwd,7.78
1748747227.32,-1.47,-2.46,321.56,0.22,Fwd,7.78
1748747227.32,-1.47,-2.46,321.56,0.22,Fwd,7.78
1748747227.32,-1.47,-2.46,321.56,0.22,Fwd,7.78
1748747227.42,-1.47,-2.46,321.56,0.22,Fwd,7.78
1748747227.42,-0.08,-2.46,321.56,0.22,Fwd,7.78
1748747227.42,-0.08,-2.07,321.56,0.22,Fwd,7.78
1748747227.42,-0.08,-2.07,320.88,0.22,Fwd,7.78
1748747227.43,-0.08,-2.07,320.88,1.25,Fwd,7.78
1748747227.43,-0.08,-2.07,320.88,1.25,Fwd,7.78
1748747227.46,-0.08,-2.07,320.88,1.25,Fwd,7.78
1748747227.46,-0.08,-2.07,320.88,1.25,Fwd,7.78
1748747227.53,-0.08,-2.07,320.88,1.25,Fwd,7.78
1748747227.53,0.49,-2.07,320.88,1.25,Fwd,7.78
1748747227.53,0.49,0.84,320.88,1.25,Fwd,7.78
1748747227.53,0.49,0.84,318.98,1.25,Fwd,7.78
1748747227.53,0.49,0.84,318.98,1.08,Fwd,7.78
1748747227.53,0.49,0.84,318.98,1.08,Fwd,7.78
1748747227.53,0.49,0.84,318.98,1.08,Fwd,7.78
1748747227.53,0.49,0.84,318.98,1.08,Fwd,7.78
1748747227.63,0.49,0.84,318.98,1.08,Fwd,6.86
1748747227.63,0.33,0.84,318.98,1.08,Fwd,6.86
1748747227.63,0.33,3.32,318.98,1.08,Fwd,6.86
1748747227.63,0.33,3.32,316.32,1.08,Fwd,6.86
1748747227.64,0.33,3.32,316.32,0.83,Fwd,6.86
1748747227.64,0.33,3.32,316.32,0.83,Fwd,6.86
1748747227.64,0.33,3.32,316.32,0.83,Fwd,6.86
1748747227.64,0.33,3.32,316.32,0.83,Fwd,6.86
1748747227.74,0.33,3.32,316.32,0.83,Fwd,6.86
1748747227.74,-0.40,3.32,316.32,0.83,Fwd,6.86
1748747227.75,-0.40,5.09,316.32,0.83,Fwd,6.86
1748747227.75,-0.40,5.09,313.92,0.83,Fwd,6.86
1748747227.75,-0.40,5.09,313.92,1.00,Fwd,6.86
1748747227.75,-0.40,5.09,313.92,1.00,Fwd,6.86
1748747227.75,-0.40,5.09,313.92,1.00,Fwd,6.86
1748747227.75,-0.40,5.09,313.92,1.00,Fwd,6.86
1748747227.85,-0.40,5.09,313.92,1.00,Fwd,6.86
1748747227.85,-1.73,5.09,313.92,1.00,Fwd,6.86
1748747227.85,-1.73,8.46,313.92,1.00,Fwd,6.86
1748747227.85,-1.73,8.46,312.43,1.00,Fwd,6.86
1748747227.85,-1.73,8.46,312.43,0.99,Fwd,6.86
1748747227.85,-1.73,8.46,312.43,0.99,Fwd,6.86
1748747227.88,-1.73,8.46,312.43,0.99,Fwd,6.86
1748747227.88,-1.73,8.46,312.43,0.99,Fwd,6.86
1748747227.95,-1.73,8.46,312.43,0.99,Fwd,6.86
1748747227.99,-6.18,8.46,312.43,0.99,Fwd,6.86
1748747227.99,-6.18,11.71,312.43,0.99,Fwd,6.86
1748747227.99,-6.18,11.71,311.80,0.99,Fwd,6.86
1748747227.99,-6.18,11.71,311.80,0.98,Fwd,6.86
1748747227.99,-6.18,11.71,311.80,0.98,Fwd,6.86
1748747227.99,-6.18,11.71,311.80,0.98,Fwd,6.86
1748747227.99,-6.18,11.71,311.80,0.98,Fwd,6.86
1748747228.02,-6.18,11.71,311.80,0.98,Fwd,9.09
1748747228.02,-9.66,11.71,311.80,0.98,Fwd,9.09
1748747228.02,-9.66,15.39,311.80,0.98,Fwd,9.09
1748747228.02,-9.66,15.39,315.57,0.98,Fwd,9.09
1748747228.02,-9.66,15.39,315.57,0.34,Fwd,9.09
1748747228.03,-9.66,15.39,315.57,0.34,Fwd,9.09
1748747228.03,-9.66,15.39,315.57,0.34,Fwd,9.09
1748747228.03,-9.66,15.39,315.57,0.34,Fwd,9.09
1748747228.13,-9.66,15.39,315.57,0.34,Fwd,9.09
1748747228.13,-17.44,15.39,315.57,0.34,Fwd,9.09
1748747228.13,-17.44,16.69,315.57,0.34,Fwd,9.09
1748747228.13,-17.44,16.69,328.98,0.34,Fwd,9.09
1748747228.14,-17.44,16.69,328.98,1.14,Fwd,9.09
1748747228.14,-17.44,16.69,328.98,1.14,Fwd,9.09
1748747228.14,-17.44,16.69,328.98,1.14,Fwd,9.09
1748747228.14,-17.44,16.69,328.98,1.14,Fwd,9.09
1748747228.24,-17.44,16.69,328.98,1.14,Fwd,9.09
1748747228.24,-27.91,16.69,328.98,1.14,Fwd,9.09
1748747228.24,-27.91,15.55,328.98,1.14,Fwd,9.09
1748747228.24,-27.91,15.55,340.84,1.14,Fwd,9.09
1748747228.24,-27.91,15.55,340.84,1.07,Fwd,9.09
1748747228.24,-27.91,15.55,340.84,1.07,Fwd,9.09
1748747228.24,-27.91,15.55,340.84,1.07,Fwd,9.09
1748747228.24,-27.91,15.55,340.84,1.07,Fwd,9.09
1748747228.34,-27.91,15.55,340.84,1.07,Fwd,9.09
1748747228.34,-27.21,15.55,340.84,1.07,Fwd,9.09
1748747228.34,-27.21,13.69,340.84,1.07,Fwd,9.09
1748747228.34,-27.21,13.69,346.45,1.07,Fwd,9.09
1748747228.34,-27.21,13.69,346.45,0.12,Fwd,9.09
1748747228.34,-27.21,13.69,346.45,0.12,Fwd,9.09
1748747228.35,-27.21,13.69,346.45,0.12,Fwd,9.09
1748747228.35,-27.21,13.69,346.45,0.12,Fwd,9.09
1748747228.35,-27.21,13.69,346.45,0.12,Fwd,9.09
1748747228.44,-27.21,13.69,346.45,0.12,Fwd,9.09
1748747228.44,-20.23,13.69,346.45,0.12,Fwd,9.09
1748747228.44,-20.23,1.90,346.45,0.12,Fwd,9.09
1748747228.44,-20.23,1.90,348.60,0.12,Fwd,9.09
1748747228.44,-20.23,1.90,348.60,-0.41,Fwd,9.09
1748747228.44,-20.23,1.90,348.60,-0.41,Fwd,9.09
1748747228.44,-20.23,1.90,348.60,-0.41,Fwd,9.09
1748747228.44,-20.23,1.90,348.60,-0.41,Fwd,9.09
1748747228.54,-20.23,1.90,348.60,-0.41,Fwd,9.09
1748747228.54,-17.73,1.90,348.60,-0.41,Fwd,9.09
1748747228.54,-17.73,-6.82,348.60,-0.41,Fwd,9.09
1748747228.55,-17.73,-6.82,343.07,-0.41,Fwd,9.09
1748747228.55,-17.73,-6.82,343.07,-1.34,Fwd,9.09
1748747228.55,-17.73,-6.82,343.07,-1.34,Fwd,9.09
1748747228.55,-17.73,-6.82,343.07,-1.34,Fwd,9.09
1748747228.55,-17.73,-6.82,343.07,-1.34,Fwd,9.09
1748747228.65,-17.73,-6.82,343.07,-1.34,Fwd,9.09
1748747228.65,-21.21,-6.82,343.07,-1.34,Fwd,9.09
1748747228.65,-21.21,-10.59,343.07,-1.34,Fwd,9.09
1748747228.65,-21.21,-10.59,335.01,-1.34,Fwd,9.09
1748747228.65,-21.21,-10.59,335.01,-0.03,Fwd,9.09
1748747228.65,-21.21,-10.59,335.01,-0.03,Fwd,9.09
1748747228.65,-21.21,-10.59,335.01,-0.03,Fwd,9.09
1748747228.65,-21.21,-10.59,335.01,-0.03,Fwd,9.09
1748747228.72,-21.21,-10.59,335.01,-0.03,Fwd,4.98
1748747228.72,-8.28,-10.59,335.01,-0.03,Fwd,4.98
1748747228.72,-8.28,-2.61,335.01,-0.03,Fwd,4.98
1748747228.72,-8.28,-2.61,333.09,-0.03,Fwd,4.98
1748747228.72,-8.28,-2.61,333.09,-0.83,Fwd,4.98
1748747228.72,-8.28,-2.61,333.09,-0.83,Fwd,4.98
1748747228.75,-8.28,-2.61,333.09,-0.83,Fwd,4.98
1748747228.79,-8.28,-2.61,333.09,-0.83,Fwd,4.98
1748747228.82,-8.28,-2.61,333.09,-0.83,Fwd,4.98
1748747228.82,-7.64,-2.61,333.09,-0.83,Fwd,4.98
1748747228.82,-7.64,-2.07,333.09,-0.83,Fwd,4.98
1748747228.82,-7.64,-2.07,335.25,-0.83,Fwd,4.98
1748747228.82,-7.64,-2.07,335.25,1.11,Fwd,4.98
1748747228.82,-7.64,-2.07,335.25,1.11,Fwd,4.98
1748747228.83,-7.64,-2.07,335.25,1.11,Fwd,4.98
1748747228.83,-7.64,-2.07,335.25,1.11,Fwd,4.98
1748747228.93,-7.64,-2.07,335.25,1.11,Fwd,4.98
1748747228.93,-8.02,-2.07,335.25,1.11,Fwd,4.98
1748747228.93,-8.02,2.48,335.25,1.11,Fwd,4.98
1748747228.93,-8.02,2.48,336.50,1.11,Fwd,4.98
1748747228.93,-8.02,2.48,336.50,1.36,Fwd,4.98
1748747228.93,-8.02,2.48,336.50,1.36,Fwd,4.98
1748747228.93,-8.02,2.48,336.50,1.36,Fwd,4.98
1748747228.93,-8.02,2.48,336.50,1.36,Fwd,4.98
1748747229.03,-8.02,2.48,336.50,1.36,Fwd,4.98
1748747229.03,-8.77,2.48,336.50,1.36,Fwd,4.98
1748747229.03,-8.77,8.09,336.50,1.36,Fwd,4.98
1748747229.04,-8.77,8.09,337.97,1.36,Fwd,4.98
1748747229.04,-8.77,8.09,337.97,1.13,Fwd,4.98
1748747229.04,-8.77,8.09,337.97,1.13,Fwd,4.98
1748747229.04,-8.77,8.09,337.97,1.13,Fwd,4.98
1748747229.04,-8.77,8.09,337.97,1.13,Fwd,4.98
1748747229.14,-8.77,8.09,337.97,1.13,Fwd,4.98
1748747229.14,-8.19,8.09,337.97,1.13,Fwd,4.98
1748747229.15,-8.19,11.37,337.97,1.13,Fwd,4.98
1748747229.15,-8.19,11.37,341.56,1.13,Fwd,4.98
1748747229.15,-8.19,11.37,341.56,1.55,Fwd,4.98
1748747229.15,-8.19,11.37,341.56,1.55,Fwd,4.98
1748747229.15,-8.19,11.37,341.56,1.55,Fwd,4.98
1748747229.15,-8.19,11.37,341.56,1.55,Fwd,4.98
1748747229.25,-8.19,11.37,341.56,1.55,Fwd,9.11
1748747229.25,-7.84,11.37,341.56,1.55,Fwd,9.11
1748747229.25,-7.84,12.98,341.56,1.55,Fwd,9.11
1748747229.25,-7.84,12.98,347.84,1.55,Fwd,9.11
1748747229.25,-7.84,12.98,347.84,1.21,Fwd,9.11
1748747229.26,-7.84,12.98,347.84,1.21,Fwd,9.11
1748747229.26,-7.84,12.98,347.84,1.21,Fwd,9.11
1748747229.26,-7.84,12.98,347.84,1.21,Fwd,9.11
1748747229.35,-7.84,12.98,347.84,1.21,Fwd,9.11
1748747229.38,-7.18,12.98,347.84,1.21,Fwd,9.11
1748747229.39,-7.18,12.34,347.84,1.21,Fwd,9.11
1748747229.39,-7.18,12.34,357.25,1.21,Fwd,9.11
1748747229.39,-7.18,12.34,357.25,0.97,Fwd,9.11
1748747229.39,-7.18,12.34,357.25,0.97,Fwd,9.11
1748747229.39,-7.18,12.34,357.25,0.97,Fwd,9.11
1748747229.39,-7.18,12.34,357.25,0.97,Fwd,9.11
1748747229.42,-7.18,12.34,357.25,0.97,Fwd,9.11
1748747229.42,-6.75,12.34,357.25,0.97,Fwd,9.11
1748747229.43,-6.75,11.08,357.25,0.97,Fwd,9.11
1748747229.43,-6.75,11.08,7.55,0.97,Fwd,9.11
1748747229.43,-6.75,11.08,7.55,1.21,Fwd,9.11
1748747229.43,-6.75,11.08,7.55,1.21,Fwd,9.11
1748747229.43,-6.75,11.08,7.55,1.21,Fwd,9.11
1748747229.43,-6.75,11.08,7.55,1.21,Fwd,9.11
1748747229.53,-6.75,11.08,7.55,1.21,Fwd,11.67
1748747229.53,-5.67,11.08,7.55,1.21,Fwd,11.67
1748747229.53,-5.67,10.29,7.55,1.21,Fwd,11.67
1748747229.53,-5.67,10.29,16.13,1.21,Fwd,11.67
1748747229.53,-5.67,10.29,16.13,1.12,Fwd,11.67
1748747229.54,-5.67,10.29,16.13,1.12,Fwd,11.67
1748747229.54,-5.67,10.29,16.13,1.12,Fwd,11.67
1748747229.54,-5.67,10.29,16.13,1.12,Fwd,11.67
1748747229.63,-5.67,10.29,16.13,1.12,Fwd,11.67
1748747229.63,-4.77,10.29,16.13,1.12,Fwd,11.67
1748747229.64,-4.77,10.11,16.13,1.12,Fwd,11.67
1748747229.64,-4.77,10.11,23.59,1.12,Fwd,11.67
1748747229.64,-4.77,10.11,23.59,1.17,Fwd,11.67
1748747229.64,-4.77,10.11,23.59,1.17,Fwd,11.67
1748747229.64,-4.77,10.11,23.59,1.17,Fwd,11.67
1748747229.64,-4.77,10.11,23.59,1.17,Fwd,11.67
1748747229.74,-4.77,10.11,23.59,1.17,Fwd,11.67
1748747229.74,-3.70,10.11,23.59,1.17,Fwd,11.67
1748747229.74,-3.70,10.35,23.59,1.17,Fwd,11.67
1748747229.77,-3.70,10.35,29.93,1.17,Fwd,11.67
1748747229.81,-3.70,10.35,29.93,0.95,Fwd,11.67
1748747229.81,-3.70,10.35,29.93,0.95,Fwd,11.67
1748747229.81,-3.70,10.35,29.93,0.95,Fwd,11.67
1748747229.81,-3.70,10.35,29.93,0.95,Fwd,11.67
1748747229.84,-3.70,10.35,29.93,0.95,Fwd,10.67
1748747229.84,-3.10,10.35,29.93,0.95,Fwd,10.67
1748747229.84,-3.10,9.93,29.93,0.95,Fwd,10.67
1748747229.84,-3.10,9.93,35.65,0.95,Fwd,10.67
1748747229.85,-3.10,9.93,35.65,0.81,Fwd,10.67
1748747229.85,-3.10,9.93,35.65,0.81,Fwd,10.67
1748747229.85,-3.10,9.93,35.65,0.81,Fwd,10.67
1748747229.85,-3.10,9.93,35.65,0.81,Fwd,10.67
1748747229.95,-3.10,9.93,35.65,0.81,Fwd,10.67
1748747229.95,-2.90,9.93,35.65,0.81,Fwd,10.67
1748747229.95,-2.90,9.03,35.65,0.81,Fwd,10.67
1748747229.95,-2.90,9.03,41.23,0.81,Fwd,10.67
1748747229.95,-2.90,9.03,41.23,0.89,Fwd,10.67
1748747229.96,-2.90,9.03,41.23,0.89,Fwd,10.67
1748747229.96,-2.90,9.03,41.23,0.89,Fwd,10.67
1748747229.96,-2.90,9.03,41.23,0.89,Fwd,10.67
1748747230.05,-2.90,9.03,41.23,0.89,Fwd,10.67
1748747230.05,-3.34,9.03,41.23,0.89,Fwd,10.67
1748747230.06,-3.34,8.38,41.23,0.89,Fwd,10.67
1748747230.06,-3.34,8.38,46.84,0.89,Fwd,10.67
1748747230.06,-3.34,8.38,46.84,0.92,Fwd,10.67
1748747230.06,-3.34,8.38,46.84,0.92,Fwd,10.67
1748747230.06,-3.34,8.38,46.84,0.92,Fwd,10.67
1748747230.06,-3.34,8.38,46.84,0.92,Fwd,10.67
1748747230.12,-3.34,8.38,46.84,0.92,Fwd,10.67
1748747230.16,-3.86,8.38,46.84,0.92,Fwd,10.67
1748747230.16,-3.86,7.94,46.84,0.92,Fwd,10.67
1748747230.16,-3.86,7.94,52.46,0.92,Fwd,10.67
1748747230.16,-3.86,7.94,52.46,1.24,Fwd,10.67
1748747230.16,-3.86,7.94,52.46,1.24,Fwd,10.67
1748747230.16,-3.86,7.94,52.46,1.24,Fwd,10.67
1748747230.16,-3.86,7.94,52.46,1.24,Fwd,10.67
1748747230.23,-3.86,7.94,52.46,1.24,Fwd,9.96
1748747230.23,-3.68,7.94,52.46,1.24,Fwd,9.96
1748747230.23,-3.68,7.16,52.46,1.24,Fwd,9.96
1748747230.23,-3.68,7.16,58.42,1.24,Fwd,9.96
1748747230.23,-3.68,7.16,58.42,0.94,Fwd,9.96
1748747230.23,-3.68,7.16,58.42,0.94,Fwd,9.96
1748747230.24,-3.68,7.16,58.42,0.94,Fwd,9.96
1748747230.24,-3.68,7.16,58.42,0.94,Fwd,9.96
1748747230.33,-3.68,7.16,58.42,0.94,Fwd,9.96
1748747230.34,-3.94,7.16,58.42,0.94,Fwd,9.96
1748747230.34,-3.94,6.00,58.42,0.94,Fwd,9.96
1748747230.34,-3.94,6.00,65.16,0.94,Fwd,9.96
1748747230.34,-3.94,6.00,65.16,0.90,Fwd,9.96
1748747230.34,-3.94,6.00,65.16,0.90,Fwd,9.96
1748747230.34,-3.94,6.00,65.16,0.90,Fwd,9.96
1748747230.34,-3.94,6.00,65.16,0.90,Fwd,9.96
1748747230.43,-3.94,6.00,65.16,0.90,Fwd,9.96
1748747230.44,-4.34,6.00,65.16,0.90,Fwd,9.96
1748747230.44,-4.34,4.78,65.16,0.90,Fwd,9.96
1748747230.44,-4.34,4.78,72.89,0.90,Fwd,9.96
1748747230.44,-4.34,4.78,72.89,0.98,Fwd,9.96
1748747230.44,-4.34,4.78,72.89,0.98,Fwd,9.96
1748747230.44,-4.34,4.78,72.89,0.98,Fwd,9.96
1748747230.44,-4.34,4.78,72.89,0.98,Fwd,9.96
1748747230.54,-4.34,4.78,72.89,0.98,Fwd,9.96
1748747230.55,-4.45,4.78,72.89,0.98,Fwd,9.96
1748747230.55,-4.45,3.54,72.89,0.98,Fwd,9.96
1748747230.55,-4.45,3.54,81.27,0.98,Fwd,9.96
1748747230.55,-4.45,3.54,81.27,1.19,Fwd,9.96
1748747230.55,-4.45,3.54,81.27,1.19,Fwd,9.96
1748747230.55,-4.45,3.54,81.27,1.19,Fwd,9.96
1748747230.55,-4.45,3.54,81.27,1.19,Fwd,9.96
1748747230.65,-4.45,3.54,81.27,1.19,Fwd,9.58
1748747230.68,-4.18,3.54,81.27,1.19,Fwd,9.58
1748747230.69,-4.18,1.94,81.27,1.19,Fwd,9.58
1748747230.69,-4.18,1.94,89.47,1.19,Fwd,9.58
1748747230.69,-4.18,1.94,89.47,0.95,Fwd,9.58
1748747230.69,-4.18,1.94,89.47,0.95,Fwd,9.58
1748747230.69,-4.18,1.94,89.47,0.95,Fwd,9.58
1748747230.69,-4.18,1.94,89.47,0.95,Fwd,9.58
1748747230.75,-4.18,1.94,89.47,0.95,Fwd,9.58
1748747230.76,-4.18,1.94,89.47,0.95,Fwd,9.58
1748747230.76,-4.18,0.78,89.47,0.95,Fwd,9.58
1748747230.76,-4.18,0.78,97.62,0.95,Fwd,9.58
1748747230.76,-4.18,0.78,97.62,1.01,Fwd,9.58
1748747230.76,-4.18,0.78,97.62,1.01,Fwd,9.58
1748747230.76,-4.18,0.78,97.62,1.01,Fwd,9.58
1748747230.77,-4.18,0.78,97.62,1.01,Fwd,9.58
1748747230.82,-4.18,0.78,97.62,1.01,Fwd,9.58
1748747230.83,-4.01,0.78,97.62,1.01,Fwd,9.58
1748747230.83,-4.01,-0.80,97.62,1.01,Fwd,9.58
1748747230.83,-4.01,-0.80,105.45,1.01,Fwd,9.58
1748747230.83,-4.01,-0.80,105.45,0.95,Fwd,9.58
1748747230.83,-4.01,-0.80,105.45,0.95,Fwd,9.58
1748747230.83,-4.01,-0.80,105.45,0.95,Fwd,9.58
1748747230.83,-4.01,-0.80,105.45,0.95,Fwd,9.58
1748747230.93,-4.01,-0.80,105.45,0.95,Fwd,9.58
1748747230.93,-4.17,-0.80,105.45,0.95,Fwd,9.58
1748747230.93,-4.17,-2.05,105.45,0.95,Fwd,9.58
1748747230.94,-4.17,-2.05,112.75,0.95,Fwd,9.58
1748747230.94,-4.17,-2.05,112.75,1.10,Fwd,9.58
1748747230.94,-4.17,-2.05,112.75,1.10,Fwd,9.58
1748747230.94,-4.17,-2.05,112.75,1.10,Fwd,9.58
1748747230.94,-4.17,-2.05,112.75,1.10,Fwd,9.58
1748747231.03,-4.17,-2.05,112.75,1.10,Fwd,8.12
1748747231.03,-4.32,-2.05,112.75,1.10,Fwd,8.12
1748747231.04,-4.32,-3.88,112.75,1.10,Fwd,8.12
1748747231.04,-4.32,-3.88,119.18,1.10,Fwd,8.12
1748747231.04,-4.32,-3.88,119.18,0.96,Fwd,8.12
1748747231.04,-4.32,-3.88,119.18,0.96,Fwd,8.12
1748747231.04,-4.32,-3.88,119.18,0.96,Fwd,8.12
1748747231.04,-4.32,-3.88,119.18,0.96,Fwd,8.12
1748747231.13,-4.32,-3.88,119.18,0.96,Fwd,8.12
1748747231.17,-4.33,-3.88,119.18,0.96,Fwd,8.12
1748747231.17,-4.33,-5.53,119.18,0.96,Fwd,8.12
1748747231.17,-4.33,-5.53,124.83,0.96,Fwd,8.12
1748747231.17,-4.33,-5.53,124.83,1.09,Fwd,8.12
1748747231.17,-4.33,-5.53,124.83,1.09,Fwd,8.12
1748747231.18,-4.33,-5.53,124.83,1.09,Fwd,8.12
1748747231.18,-4.33,-5.53,124.83,1.09,Fwd,8.12
1748747231.24,-4.33,-5.53,124.83,1.09,Fwd,8.12
1748747231.24,-4.24,-5.53,124.83,1.09,Fwd,8.12
1748747231.25,-4.24,-6.82,124.83,1.09,Fwd,8.12
1748747231.25,-4.24,-6.82,129.48,1.09,Fwd,8.12
1748747231.25,-4.24,-6.82,129.48,1.08,Fwd,8.12
1748747231.25,-4.24,-6.82,129.48,1.08,Fwd,8.12
1748747231.25,-4.24,-6.82,129.48,1.08,Fwd,8.12
1748747231.25,-4.24,-6.82,129.48,1.08,Fwd,8.12
1748747231.34,-4.24,-6.82,129.48,1.08,Fwd,8.12
1748747231.35,-4.19,-6.82,129.48,1.08,Fwd,8.12
1748747231.35,-4.19,-7.47,129.48,1.08,Fwd,8.12
1748747231.35,-4.19,-7.47,133.02,1.08,Fwd,8.12
1748747231.35,-4.19,-7.47,133.02,1.12,Fwd,8.12
1748747231.35,-4.19,-7.47,133.02,1.12,Fwd,8.12
1748747231.35,-4.19,-7.47,133.02,1.12,Fwd,8.12
1748747231.35,-4.19,-7.47,133.02,1.12,Fwd,8.12
1748747231.45,-4.19,-7.47,133.02,1.12,Fwd,8.12
1748747231.46,-3.95,-7.47,133.02,1.12,Fwd,8.12
1748747231.46,-3.95,-7.75,133.02,1.12,Fwd,8.12
1748747231.46,-3.95,-7.75,135.42,1.12,Fwd,8.12
1748747231.46,-3.95,-7.75,135.42,0.97,Fwd,8.12
1748747231.46,-3.95,-7.75,135.42,0.97,Fwd,8.12
1748747231.46,-3.95,-7.75,135.42,0.97,Fwd,8.12
1748747231.46,-3.95,-7.75,135.42,0.97,Fwd,8.12
1748747231.52,-3.95,-7.75,135.42,0.97,Fwd,8.12
1748747231.53,-3.69,-7.75,135.42,0.97,Fwd,8.12
1748747231.53,-3.69,-7.84,135.42,0.97,Fwd,8.12
1748747231.53,-3.69,-7.84,136.76,0.97,Fwd,8.12
1748747231.53,-3.69,-7.84,136.76,1.12,Fwd,8.12
1748747231.53,-3.69,-7.84,136.76,1.12,Fwd,8.12
1748747231.53,-3.69,-7.84,136.76,1.12,Fwd,8.12
1748747231.53,-3.69,-7.84,136.76,1.12,Fwd,8.12
1748747231.63,-3.69,-7.84,136.76,1.12,Fwd,6.61
1748747231.63,-3.64,-7.84,136.76,1.12,Fwd,6.61
1748747231.63,-3.64,-7.50,136.76,1.12,Fwd,6.61
1748747231.63,-3.64,-7.50,137.28,1.12,Fwd,6.61
1748747231.63,-3.64,-7.50,137.28,1.03,Fwd,6.61
1748747231.64,-3.64,-7.50,137.28,1.03,Fwd,6.61
1748747231.64,-3.64,-7.50,137.28,1.03,Fwd,6.61
1748747231.64,-3.64,-7.50,137.28,1.03,Fwd,6.61
1748747231.73,-3.64,-7.50,137.28,1.03,Fwd,6.61
1748747231.73,-3.24,-7.50,137.28,1.03,Fwd,6.61
1748747231.73,-3.24,-7.18,137.28,1.03,Fwd,6.61
1748747231.74,-3.24,-7.18,137.17,1.03,Fwd,6.61
1748747231.74,-3.24,-7.18,137.17,1.08,Fwd,6.61
1748747231.74,-3.24,-7.18,137.17,1.08,Fwd,6.61
1748747231.74,-3.24,-7.18,137.17,1.08,Fwd,6.61
1748747231.74,-3.24,-7.18,137.17,1.08,Fwd,6.61
1748747231.84,-3.24,-7.18,137.17,1.08,Fwd,6.61
1748747231.87,-2.73,-7.18,137.17,1.08,Fwd,6.61
1748747231.87,-2.73,-6.87,137.17,1.08,Fwd,6.61
1748747231.87,-2.73,-6.87,136.65,1.08,Fwd,6.61
1748747231.87,-2.73,-6.87,136.65,0.96,Fwd,6.61
1748747231.87,-2.73,-6.87,136.65,0.96,Fwd,6.61
1748747231.88,-2.73,-6.87,136.65,0.96,Fwd,6.61
1748747231.88,-2.73,-6.87,136.65,0.96,Fwd,6.61
1748747231.95,-2.73,-6.87,136.65,0.96,Fwd,6.61
1748747231.95,-2.15,-6.87,136.65,0.96,Fwd,6.61
1748747231.95,-2.15,-6.19,136.65,0.96,Fwd,6.61
1748747231.95,-2.15,-6.19,135.66,0.96,Fwd,6.61
1748747231.95,-2.15,-6.19,135.66,0.92,Fwd,6.61
1748747231.96,-2.15,-6.19,135.66,0.92,Fwd,6.61
1748747231.96,-2.15,-6.19,135.66,0.92,Fwd,6.61
1748747231.96,-2.15,-6.19,135.66,0.92,Fwd,6.61
1748747232.05,-2.15,-6.19,135.66,0.92,Fwd,6.61
1748747232.05,-1.73,-6.19,135.66,0.92,Fwd,6.61
1748747232.05,-1.73,-5.53,135.66,0.92,Fwd,6.61
1748747232.05,-1.73,-5.53,134.42,0.92,Fwd,6.61
1748747232.05,-1.73,-5.53,134.42,1.06,Fwd,6.61
1748747232.05,-1.73,-5.53,134.42,1.06,Fwd,6.61
1748747232.06,-1.73,-5.53,134.42,1.06,Fwd,6.61
1748747232.06,-1.73,-5.53,134.42,1.06,Fwd,6.61
1748747232.15,-1.73,-5.53,134.42,1.06,Fwd,6.61
1748747232.18,-1.18,-5.53,134.42,1.06,Fwd,6.61
1748747232.23,-1.18,-5.10,134.42,1.06,Fwd,6.61
1748747232.23,-1.18,-5.10,133.09,1.06,Fwd,6.61
1748747232.23,-1.18,-5.10,133.09,1.06,Fwd,6.61
1748747232.23,-1.18,-5.10,133.09,1.06,Fwd,6.61
1748747232.23,-1.18,-5.10,133.09,1.06,Fwd,6.61
1748747232.23,-1.18,-5.10,133.09,1.06,Fwd,6.61
1748747232.23,-1.18,-5.10,133.09,1.06,Fwd,6.61
1748747232.23,-1.41,-5.10,133.09,1.06,Fwd,6.61
1748747232.23,-1.41,-4.25,133.09,1.06,Fwd,6.61
1748747232.23,-1.41,-4.25,131.50,1.06,Fwd,6.61
1748747232.25,-1.41,-4.25,131.50,1.03,Fwd,6.61
1748747232.25,-1.41,-4.25,131.50,1.03,Fwd,6.61
1748747232.25,-1.41,-4.25,131.50,1.03,Fwd,6.61
1748747232.25,-1.41,-4.25,131.50,1.03,Fwd,6.61
1748747232.32,-1.41,-4.25,131.50,1.03,Fwd,5.70
1748747232.32,-1.55,-4.25,131.50,1.03,Fwd,5.70
1748747232.32,-1.55,-2.99,131.50,1.03,Fwd,5.70
1748747232.33,-1.55,-2.99,129.39,1.03,Fwd,5.70
1748747232.33,-1.55,-2.99,129.39,0.99,Fwd,5.70
1748747232.33,-1.55,-2.99,129.39,0.99,Fwd,5.70
1748747232.33,-1.55,-2.99,129.39,0.99,Fwd,5.70
1748747232.33,-1.55,-2.99,129.39,0.99,Fwd,5.70
1748747232.43,-1.55,-2.99,129.39,0.99,Fwd,5.70
1748747232.46,-1.36,-2.99,129.39,0.99,Fwd,5.70
1748747232.46,-1.36,-1.74,129.39,0.99,Fwd,5.70
1748747232.47,-1.36,-1.74,126.67,0.99,Fwd,5.70
1748747232.47,-1.36,-1.74,126.67,1.03,Fwd,5.70
1748747232.47,-1.36,-1.74,126.67,1.03,Fwd,5.70
1748747232.47,-1.36,-1.74,126.67,1.03,Fwd,5.70
1748747232.47,-1.36,-1.74,126.67,1.03,Fwd,5.70
1748747232.53,-1.36,-1.74,126.67,1.03,Fwd,5.70
1748747232.54,-0.85,-1.74,126.67,1.03,Fwd,5.70
1748747232.54,-0.85,-0.47,126.67,1.03,Fwd,5.70
1748747232.54,-0.85,-0.47,124.21,1.03,Fwd,5.70
1748747232.54,-0.85,-0.47,124.21,1.00,Fwd,5.70
1748747232.54,-0.85,-0.47,124.21,1.00,Fwd,5.70
1748747232.54,-0.85,-0.47,124.21,1.00,Fwd,5.70
1748747232.54,-0.85,-0.47,124.21,1.00,Fwd,5.70
1748747232.64,-0.85,-0.47,124.21,1.00,Fwd,5.70
1748747232.64,-0.64,-0.47,124.21,1.00,Fwd,5.70
1748747232.64,-0.64,0.13,124.21,1.00,Fwd,5.70
1748747232.64,-0.64,0.13,122.49,1.00,Fwd,5.70
1748747232.64,-0.64,0.13,122.49,0.95,Fwd,5.70
1748747232.64,-0.64,0.13,122.49,0.95,Fwd,5.70
1748747232.64,-0.64,0.13,122.49,0.95,Fwd,5.70
1748747232.64,-0.64,0.13,122.49,0.95,Fwd,5.70
1748747232.75,-0.64,0.13,122.49,0.95,Fwd,5.70
1748747232.75,-0.59,0.13,122.49,0.95,Fwd,5.70
1748747232.75,-0.59,0.86,122.49,0.95,Fwd,5.70
1748747232.75,-0.59,0.86,121.48,0.95,Fwd,5.70
1748747232.75,-0.59,0.86,121.48,0.91,Fwd,5.70
1748747232.75,-0.59,0.86,121.48,0.91,Fwd,5.70
1748747232.75,-0.59,0.86,121.48,0.91,Fwd,5.70
1748747232.75,-0.59,0.86,121.48,0.91,Fwd,5.70
1748747232.85,-0.59,0.86,121.48,0.91,Fwd,5.70
1748747232.85,-0.31,0.86,121.48,0.91,Fwd,5.70
1748747232.86,-0.31,1.40,121.48,0.91,Fwd,5.70
1748747232.86,-0.31,1.40,121.01,0.91,Fwd,5.70
1748747232.86,-0.31,1.40,121.01,0.94,Fwd,5.70
1748747232.86,-0.31,1.40,121.01,0.94,Fwd,5.70
1748747232.86,-0.31,1.40,121.01,0.94,Fwd,5.70
1748747232.86,-0.31,1.40,121.01,0.94,Fwd,5.70
1748747232.92,-0.31,1.40,121.01,0.94,Fwd,5.70
1748747232.95,0.14,1.40,121.01,0.94,Fwd,5.70
1748747232.96,0.14,1.78,121.01,0.94,Fwd,5.70
1748747232.96,0.14,1.78,121.12,0.94,Fwd,5.70
1748747232.96,0.14,1.78,121.12,0.89,Fwd,5.70
1748747232.96,0.14,1.78,121.12,0.89,Fwd,5.70
1748747232.96,0.14,1.78,121.12,0.89,Fwd,5.70
1748747232.99,0.14,1.78,121.12,0.89,Fwd,5.70
1748747233.03,0.14,1.78,121.12,0.89,Fwd,4.79
1748747233.03,0.44,1.78,121.12,0.89,Fwd,4.79
1748747233.03,0.44,1.92,121.12,0.89,Fwd,4.79
1748747233.03,0.44,1.92,121.72,0.89,Fwd,4.79
1748747233.03,0.44,1.92,121.72,0.96,Fwd,4.79
1748747233.03,0.44,1.92,121.72,0.96,Fwd,4.79
1748747233.04,0.44,1.92,121.72,0.96,Fwd,4.79
1748747233.04,0.44,1.92,121.72,0.96,Fwd,4.79
1748747233.14,0.44,1.92,121.72,0.96,Fwd,4.79
1748747233.14,0.69,1.92,121.72,0.96,Fwd,4.79
1748747233.14,0.69,1.97,121.72,0.96,Fwd,4.79
1748747233.14,0.69,1.97,122.77,0.96,Fwd,4.79
1748747233.14,0.69,1.97,122.77,0.99,Fwd,4.79
1748747233.14,0.69,1.97,122.77,0.99,Fwd,4.79
1748747233.15,0.69,1.97,122.77,0.99,Fwd,4.79
1748747233.15,0.69,1.97,122.77,0.99,Fwd,4.79
1748747233.24,0.69,1.97,122.77,0.99,Fwd,4.79
1748747233.24,1.14,1.97,122.77,0.99,Fwd,4.79
1748747233.24,1.14,2.12,122.77,0.99,Fwd,4.79
1748747233.27,1.14,2.12,124.09,0.99,Fwd,4.79
1748747233.27,1.14,2.12,124.09,1.01,Fwd,4.79
1748747233.28,1.14,2.12,124.09,1.01,Fwd,4.79
1748747233.28,1.14,2.12,124.09,1.01,Fwd,4.79
1748747233.28,1.14,2.12,124.09,1.01,Fwd,4.79
1748747233.34,1.14,2.12,124.09,1.01,Fwd,4.79
1748747233.35,1.71,2.12,124.09,1.01,Fwd,4.79
1748747233.35,1.71,2.14,124.09,1.01,Fwd,4.79
1748747233.35,1.71,2.14,125.56,1.01,Fwd,4.79
1748747233.35,1.71,2.14,125.56,1.01,Fwd,4.79
1748747233.35,1.71,2.14,125.56,1.01,Fwd,4.79
1748747233.35,1.71,2.14,125.56,1.01,Fwd,4.79
1748747233.36,1.71,2.14,125.56,1.01,Fwd,4.79
1748747233.45,1.71,2.14,125.56,1.01,Fwd,4.79
1748747233.45,1.37,2.14,125.56,1.01,Fwd,4.79
1748747233.45,1.37,1.15,125.56,1.01,Fwd,4.79
1748747233.45,1.37,1.15,126.95,1.01,Fwd,4.79
1748747233.45,1.37,1.15,126.95,0.72,Fwd,4.79
1748747233.45,1.37,1.15,126.95,0.72,Fwd,4.79
1748747233.45,1.37,1.15,126.95,0.72,Fwd,4.79
1748747233.46,1.37,1.15,126.95,0.72,Fwd,4.79
1748747233.55,1.37,1.15,126.95,0.72,Fwd,4.79
1748747233.55,-0.23,1.15,126.95,0.72,Fwd,4.79
1748747233.55,-0.23,0.35,126.95,0.72,Fwd,4.79
1748747233.55,-0.23,0.35,128.57,0.72,Fwd,4.79
1748747233.56,-0.23,0.35,128.57,0.98,Fwd,4.79
1748747233.56,-0.23,0.35,128.57,0.98,Fwd,4.79
1748747233.56,-0.23,0.35,128.57,0.98,Fwd,4.79
1748747233.56,-0.23,0.35,128.57,0.98,Fwd,4.79
1748747233.62,-0.23,0.35,128.57,0.98,Fwd,4.79
1748747233.62,-2.23,0.35,128.57,0.98,Fwd,4.79
1748747233.63,-2.23,-0.01,128.57,0.98,Fwd,4.79
1748747233.63,-2.23,-0.01,130.56,0.98,Fwd,4.79
1748747233.63,-2.23,-0.01,130.56,0.96,Fwd,4.79
1748747233.63,-2.23,-0.01,130.56,0.96,Fwd,4.79
1748747233.63,-2.23,-0.01,130.56,0.96,Fwd,4.79
1748747233.63,-2.23,-0.01,130.56,0.96,Fwd,4.79
1748747233.73,-2.23,-0.01,130.56,0.96,Fwd,4.79
1748747233.73,-4.06,-0.01,130.56,0.96,Fwd,4.79
1748747233.73,-4.06,0.06,130.56,0.96,Fwd,4.79
1748747233.73,-4.06,0.06,132.87,0.96,Fwd,4.79
1748747233.73,-4.06,0.06,132.87,0.89,Fwd,4.79
1748747233.73,-4.06,0.06,132.87,0.89,Fwd,4.79
1748747233.73,-4.06,0.06,132.87,0.89,Fwd,4.79
1748747233.74,-4.06,0.06,132.87,0.89,Fwd,4.79
1748747233.83,-4.06,0.06,132.87,0.89,Fwd,4.79
1748747233.84,-3.84,0.06,132.87,0.89,Fwd,4.79
1748747233.84,-3.84,0.77,132.87,0.89,Fwd,4.79
1748747233.84,-3.84,0.77,135.42,0.89,Fwd,4.79
1748747233.84,-3.84,0.77,135.42,1.00,Fwd,4.79
1748747233.84,-3.84,0.77,135.42,1.00,Fwd,4.79
1748747233.84,-3.84,0.77,135.42,1.00,Fwd,4.79
1748747233.84,-3.84,0.77,135.42,1.00,Fwd,4.79
1748747233.94,-3.84,0.77,135.42,1.00,Fwd,4.58
1748747233.94,-2.78,0.77,135.42,1.00,Fwd,4.58
1748747233.94,-2.78,1.13,135.42,1.00,Fwd,4.58
1748747233.94,-2.78,1.13,138.12,1.00,Fwd,4.58
1748747233.94,-2.78,1.13,138.12,0.95,Fwd,4.58
1748747233.94,-2.78,1.13,138.12,0.95,Fwd,4.58
1748747233.94,-2.78,1.13,138.12,0.95,Fwd,4.58
1748747233.94,-2.78,1.13,138.12,0.95,Fwd,4.58
1748747234.04,-2.78,1.13,138.12,0.95,Fwd,4.58
1748747234.04,-2.01,1.13,138.12,0.95,Fwd,4.58
1748747234.04,-2.01,1.24,138.12,0.95,Fwd,4.58
1748747234.05,-2.01,1.24,140.93,0.95,Fwd,4.58
1748747234.05,-2.01,1.24,140.93,0.98,Fwd,4.58
1748747234.05,-2.01,1.24,140.93,0.98,Fwd,4.58
1748747234.05,-2.01,1.24,140.93,0.98,Fwd,4.58
1748747234.05,-2.01,1.24,140.93,0.98,Fwd,4.58
1748747234.15,-2.01,1.24,140.93,0.98,Fwd,4.58
1748747234.15,-1.17,1.24,140.93,0.98,Fwd,4.58
1748747234.15,-1.17,0.91,140.93,0.98,Fwd,4.58
1748747234.15,-1.17,0.91,143.87,0.98,Fwd,4.58
1748747234.16,-1.17,0.91,143.87,1.01,Fwd,4.58
1748747234.16,-1.17,0.91,143.87,1.01,Fwd,4.58
1748747234.16,-1.17,0.91,143.87,1.01,Fwd,4.58
1748747234.16,-1.17,0.91,143.87,1.01,Fwd,4.58
1748747234.26,-1.17,0.91,143.87,1.01,Fwd,4.58
1748747234.26,-0.08,0.91,143.87,1.01,Fwd,4.58
1748747234.26,-0.08,1.15,143.87,1.01,Fwd,4.58
1748747234.26,-0.08,1.15,146.60,1.01,Fwd,4.58
1748747234.26,-0.08,1.15,146.60,0.92,Fwd,4.58
1748747234.26,-0.08,1.15,146.60,0.92,Fwd,4.58
1748747234.26,-0.08,1.15,146.60,0.92,Fwd,4.58
1748747234.26,-0.08,1.15,146.60,0.92,Fwd,4.58
1748747234.32,-0.08,1.15,146.60,0.92,Fwd,4.58
1748747234.33,1.05,1.15,146.60,0.92,Fwd,4.58
1748747234.33,1.05,2.02,146.60,0.92,Fwd,4.58
1748747234.33,1.05,2.02,149.01,0.92,Fwd,4.58
1748747234.33,1.05,2.02,149.01,0.98,Fwd,4.58
1748747234.33,1.05,2.02,149.01,0.98,Fwd,4.58
1748747234.33,1.05,2.02,149.01,0.98,Fwd,4.58
1748747234.33,1.05,2.02,149.01,0.98,Fwd,4.58
1748747234.43,1.05,2.02,149.01,0.98,Fwd,4.58
1748747234.43,0.75,2.02,149.01,0.98,Fwd,4.58
1748747234.43,0.75,3.42,149.01,0.98,Fwd,4.58
1748747234.43,0.75,3.42,151.10,0.98,Fwd,4.58
1748747234.44,0.75,3.42,151.10,0.90,Fwd,4.58
1748747234.44,0.75,3.42,151.10,0.90,Fwd,4.58
1748747234.44,0.75,3.42,151.10,0.90,Fwd,4.58
1748747234.44,0.75,3.42,151.10,0.90,Fwd,4.58
1748747234.53,0.75,3.42,151.10,0.90,Fwd,5.57
1748747234.56,-0.55,3.42,151.10,0.90,Fwd,5.57
1748747234.57,-0.55,4.98,151.10,0.90,Fwd,5.57
1748747234.57,-0.55,4.98,153.17,0.90,Fwd,5.57
1748747234.57,-0.55,4.98,153.17,1.04,Fwd,5.57
1748747234.57,-0.55,4.98,153.17,1.04,Fwd,5.57
1748747234.57,-0.55,4.98,153.17,1.04,Fwd,5.57
1748747234.57,-0.55,4.98,153.17,1.04,Fwd,5.57
1748747234.64,-0.55,4.98,153.17,1.04,Fwd,5.57
1748747234.64,-1.77,4.98,153.17,1.04,Fwd,5.57
1748747234.64,-1.77,7.11,153.17,1.04,Fwd,5.57
1748747234.67,-1.77,7.11,155.64,1.04,Fwd,5.57
1748747234.71,-1.77,7.11,155.64,0.90,Fwd,5.57
1748747234.71,-1.77,7.11,155.64,0.90,Fwd,5.57
1748747234.71,-1.77,7.11,155.64,0.90,Fwd,5.57
1748747234.71,-1.77,7.11,155.64,0.90,Fwd,5.57
1748747234.74,-1.77,7.11,155.64,0.90,Fwd,5.57
1748747234.74,-2.45,7.11,155.64,0.90,Fwd,5.57
1748747234.74,-2.45,8.44,155.64,0.90,Fwd,5.57
1748747234.74,-2.45,8.44,158.89,0.90,Fwd,5.57
1748747234.74,-2.45,8.44,158.89,1.11,Fwd,5.57
1748747234.75,-2.45,8.44,158.89,1.11,Fwd,5.57
1748747234.75,-2.45,8.44,158.89,1.11,Fwd,5.57
1748747234.75,-2.45,8.44,158.89,1.11,Fwd,5.57
1748747234.85,-2.45,8.44,158.89,1.11,Fwd,5.57
1748747234.85,-1.68,8.44,158.89,1.11,Fwd,5.57
1748747234.85,-1.68,8.22,158.89,1.11,Fwd,5.57
1748747234.85,-1.68,8.22,163.50,1.11,Fwd,5.57
1748747234.85,-1.68,8.22,163.50,1.05,Fwd,5.57
1748747234.85,-1.68,8.22,163.50,1.05,Fwd,5.57
1748747234.85,-1.68,8.22,163.50,1.05,Fwd,5.57
1748747234.85,-1.68,8.22,163.50,1.05,Fwd,5.57
1748747234.95,-1.68,8.22,163.50,1.05,Fwd,5.57
1748747234.96,-0.80,8.22,163.50,1.05,Fwd,5.57
1748747234.96,-0.80,7.61,163.50,1.05,Fwd,5.57
1748747234.96,-0.80,7.61,169.28,1.05,Fwd,5.57
1748747234.96,-0.80,7.61,169.28,0.97,Fwd,5.57
1748747234.96,-0.80,7.61,169.28,0.97,Fwd,5.57
1748747234.96,-0.80,7.61,169.28,0.97,Fwd,5.57
1748747234.96,-0.80,7.61,169.28,0.97,Fwd,5.57
1748747235.02,-0.80,7.61,169.28,0.97,Fwd,5.57
1748747235.02,-0.34,7.61,169.28,0.97,Fwd,5.57
1748747235.02,-0.34,6.47,169.28,0.97,Fwd,5.57
1748747235.02,-0.34,6.47,176.01,0.97,Fwd,5.57
1748747235.02,-0.34,6.47,176.01,0.99,Fwd,5.57
1748747235.03,-0.34,6.47,176.01,0.99,Fwd,5.57
1748747235.03,-0.34,6.47,176.01,0.99,Fwd,5.57
1748747235.03,-0.34,6.47,176.01,0.99,Fwd,5.57
1748747235.13,-0.34,6.47,176.01,0.99,Fwd,6.98
1748747235.13,-0.14,6.47,176.01,0.99,Fwd,6.98
1748747235.13,-0.14,5.70,176.01,0.99,Fwd,6.98
1748747235.13,-0.14,5.70,183.47,0.99,Fwd,6.98
1748747235.13,-0.14,5.70,183.47,1.00,Fwd,6.98
1748747235.14,-0.14,5.70,183.47,1.00,Fwd,6.98
1748747235.14,-0.14,5.70,183.47,1.00,Fwd,6.98
1748747235.14,-0.14,5.70,183.47,1.00,Fwd,6.98