1748746901.71,-4.25,-5.17,106.54,1.32,Fwd,6.67
1748746901.71,-4.25,-5.17,106.54,1.32,Fwd,6.67
1748746901.72,-4.25,-5.17,106.54,1.32,Fwd,6.67
1748746901.72,-4.25,-5.17,106.54,1.32,Fwd,6.67
1748746901.72,-4.25,-5.17,106.54,1.32,Fwd,6.67
1748746901.72,-4.64,-5.17,106.54,1.32,Fwd,6.67
1748746901.72,-4.64,-5.38,106.54,1.32,Fwd,6.67
1748746901.72,-4.64,-5.38,102.61,1.32,Fwd,6.67
1748746901.72,-4.64,-5.38,102.61,1.06,Fwd,6.67
1748746901.72,-4.64,-5.38,102.61,1.06,Fwd,6.67
1748746901.72,-4.64,-5.38,102.61,1.06,Fwd,6.67
1748746901.72,-4.64,-5.38,102.61,1.06,Fwd,6.67
1748746901.72,-4.64,-5.38,102.61,1.06,Fwd,6.67
1748746901.72,-4.77,-5.38,102.61,1.06,Fwd,6.67
1748746901.72,-4.77,-4.76,102.61,1.06,Fwd,6.67
1748746901.72,-4.77,-4.76,97.94,1.06,Fwd,6.67
1748746901.72,-4.77,-4.76,97.94,0.98,Fwd,6.67
1748746901.73,-4.77,-4.76,97.94,0.98,Fwd,6.67
1748746901.73,-4.77,-4.76,97.94,0.98,Fwd,6.67
1748746901.73,-4.77,-4.76,97.94,0.98,Fwd,6.67
1748746901.82,-4.77,-4.76,97.94,0.98,Fwd,6.67
1748746901.85,-4.95,-4.76,97.94,0.98,Fwd,6.67
1748746901.89,-4.95,-3.75,97.94,0.98,Fwd,6.67
1748746901.93,-4.95,-3.75,92.40,0.98,Fwd,6.67
1748746901.96,-4.95,-3.75,92.40,0.88,Fwd,6.67
1748746901.96,-4.95,-3.75,92.40,0.88,Fwd,6.67
1748746901.96,-4.95,-3.75,92.40,0.88,Fwd,6.67
1748746901.97,-4.95,-3.75,92.40,0.88,Fwd,6.67
1748746901.97,-4.95,-3.75,92.40,0.88,Fwd,6.92
1748746901.97,-4.80,-3.75,92.40,0.88,Fwd,6.92
1748746901.97,-4.80,-2.80,92.40,0.88,Fwd,6.92
1748746901.97,-4.80,-2.80,86.12,0.88,Fwd,6.92
1748746901.97,-4.80,-2.80,86.12,1.09,Fwd,6.92
1748746901.97,-4.80,-2.80,86.12,1.09,Fwd,6.92
1748746901.99,-4.80,-2.80,86.12,1.09,Fwd,6.92
1748746902.00,-4.80,-2.80,86.12,1.09,Fwd,6.92
1748746902.03,-4.80,-2.80,86.12,1.09,Fwd,6.92
1748746902.03,-5.13,-2.80,86.12,1.09,Fwd,6.92
1748746902.03,-5.13,-2.32,86.12,1.09,Fwd,6.92
1748746902.07,-5.13,-2.32,79.42,1.09,Fwd,6.92
1748746902.07,-5.13,-2.32,79.42,1.06,Fwd,6.92
1748746902.07,-5.13,-2.32,79.42,1.06,Fwd,6.92
1748746902.10,-5.13,-2.32,79.42,1.06,Fwd,6.92
1748746902.14,-5.13,-2.32,79.42,1.06,Fwd,6.92
1748746902.17,-5.13,-2.32,79.42,1.06,Fwd,6.92
1748746902.21,-4.78,-2.32,79.42,1.06,Fwd,6.92
1748746902.24,-4.78,-0.91,79.42,1.06,Fwd,6.92
1748746902.25,-4.78,-0.91,65.46,1.06,Fwd,6.92
1748746902.25,-4.78,-0.91,65.46,1.18,Fwd,6.92
1748746902.25,-4.78,-0.91,65.46,1.18,Fwd,6.92
1748746902.25,-4.78,-0.91,65.46,1.18,Fwd,6.92
1748746902.25,-4.78,-0.91,65.46,1.18,Fwd,6.92
1748746902.25,-4.78,-0.91,65.46,1.18,Fwd,6.92
1748746902.25,-4.63,-0.91,65.46,1.18,Fwd,6.92
1748746902.25,-4.63,1.05,65.46,1.18,Fwd,6.92
1748746902.28,-4.63,1.05,65.46,0.77,Fwd,6.92
1748746902.31,-4.63,1.05,65.46,0.77,Fwd,6.92
1748746902.31,-4.63,1.05,65.46,0.77,Fwd,6.92
1748746902.35,-4.63,1.05,65.46,0.77,Fwd,6.92
1748746902.38,-4.63,1.05,65.46,0.77,Fwd,6.92
1748746902.42,-3.63,1.05,65.46,0.77,Fwd,6.92
1748746902.42,-3.63,1.64,65.46,0.77,Fwd,6.92
1748746902.42,-3.63,1.64,62.02,0.77,Fwd,6.92
1748746902.42,-3.63,1.64,62.02,0.95,Fwd,6.92
1748746902.42,-3.63,1.64,62.02,0.95,Fwd,6.92
1748746902.42,-3.63,1.64,62.02,0.95,Fwd,6.92
1748746902.45,-3.63,1.64,62.02,0.95,Fwd,6.92
1748746902.49,-3.63,1.64,62.02,0.95,Fwd,6.92
1748746902.52,-3.85,1.64,62.02,0.95,Fwd,6.92
1748746902.52,-3.85,0.20,62.02,0.95,Fwd,6.92
1748746902.52,-3.85,0.20,61.08,0.95,Fwd,6.92
1748746902.53,-3.85,0.20,61.08,0.91,Fwd,6.92
1748746902.56,-3.85,0.20,61.08,0.91,Fwd,6.92
1748746902.56,-3.85,0.20,61.08,0.91,Fwd,6.92
1748746902.56,-3.85,0.20,61.08,0.91,Fwd,6.92
1748746902.56,-3.85,0.20,61.08,0.91,Fwd,6.92
1748746902.56,-4.79,0.20,61.08,0.91,Fwd,6.92
1748746902.56,-4.79,-0.13,61.08,0.91,Fwd,6.92
1748746902.59,-4.79,-0.13,60.31,0.91,Fwd,6.92
1748746902.59,-4.79,-0.13,60.31,0.97,Fwd,6.92
1748746902.59,-4.79,-0.13,60.31,0.97,Fwd,6.92
1748746902.59,-4.79,-0.13,60.31,0.97,Fwd,6.92
1748746902.59,-4.79,-0.13,60.31,0.97,Fwd,6.92
1748746902.63,-4.79,-0.13,60.31,0.97,Fwd,5.57
1748746902.63,-6.62,-0.13,60.31,0.97,Fwd,5.57
1748746902.63,-6.62,2.77,60.31,0.97,Fwd,5.57
1748746902.63,-6.62,2.77,57.67,0.97,Fwd,5.57
1748746902.63,-6.62,2.77,57.67,1.06,Fwd,5.57
1748746902.63,-6.62,2.77,57.67,1.06,Fwd,5.57
1748746902.63,-6.62,2.77,57.67,1.06,Fwd,5.57
1748746902.64,-6.62,2.77,57.67,1.06,Fwd,5.57
1748746902.74,-6.62,2.77,57.67,1.06,Fwd,5.57
1748746902.74,-9.11,2.77,57.67,1.06,Fwd,5.57
1748746902.74,-9.11,6.68,57.67,1.06,Fwd,5.57
1748746902.74,-9.11,6.68,53.36,1.06,Fwd,5.57
1748746902.74,-9.11,6.68,53.36,1.15,Fwd,5.57
1748746902.74,-9.11,6.68,53.36,1.15,Fwd,5.57
1748746902.74,-9.11,6.68,53.36,1.15,Fwd,5.57
1748746902.74,-9.11,6.68,53.36,1.15,Fwd,5.57
1748746902.84,-9.11,6.68,53.36,1.15,Fwd,5.57
1748746902.84,-8.72,6.68,53.36,1.15,Fwd,5.57
1748746902.84,-8.72,7.47,53.36,1.15,Fwd,5.57
1748746902.84,-8.72,7.47,51.64,1.15,Fwd,5.57
1748746902.84,-8.72,7.47,51.64,0.74,Fwd,5.57
1748746902.85,-8.72,7.47,51.64,0.74,Fwd,5.57
1748746902.85,-8.72,7.47,51.64,0.74,Fwd,5.57
1748746902.85,-8.72,7.47,51.64,0.74,Fwd,5.57
1748746902.94,-8.72,7.47,51.64,0.74,Fwd,5.57
1748746902.94,-7.10,7.47,51.64,0.74,Fwd,5.57
1748746902.94,-7.10,3.11,51.64,0.74,Fwd,5.57
1748746902.95,-7.10,3.11,53.26,0.74,Fwd,5.57
1748746902.95,-7.10,3.11,53.26,0.32,Fwd,5.57
1748746902.95,-7.10,3.11,53.26,0.32,Fwd,5.57
1748746902.98,-7.10,3.11,53.26,0.32,Fwd,5.57
1748746902.98,-7.10,3.11,53.26,0.32,Fwd,5.57
1748746903.05,-7.10,3.11,53.26,0.32,Fwd,8.89
1748746903.05,-4.75,3.11,53.26,0.32,Fwd,8.89
1748746903.05,-4.75,1.77,53.26,0.32,Fwd,8.89
1748746903.05,-4.75,1.77,54.65,0.32,Fwd,8.89
1748746903.06,-4.75,1.77,54.65,1.16,Fwd,8.89
1748746903.06,-4.75,1.77,54.65,1.16,Fwd,8.89
1748746903.06,-4.75,1.77,54.65,1.16,Fwd,8.89
1748746903.06,-4.75,1.77,54.65,1.16,Fwd,8.89
1748746903.15,-4.75,1.77,54.65,1.16,Fwd,8.89
1748746903.16,-3.57,1.77,54.65,1.16,Fwd,8.89
1748746903.16,-3.57,0.41,54.65,1.16,Fwd,8.89
1748746903.16,-3.57,0.41,55.37,1.16,Fwd,8.89
1748746903.16,-3.57,0.41,55.37,0.80,Fwd,8.89
1748746903.16,-3.57,0.41,55.37,0.80,Fwd,8.89
1748746903.16,-3.57,0.41,55.37,0.80,Fwd,8.89
1748746903.16,-3.57,0.41,55.37,0.80,Fwd,8.89
1748746903.22,-3.57,0.41,55.37,0.80,Fwd,8.89
1748746903.22,-3.46,0.41,55.37,0.80,Fwd,8.89
1748746903.22,-3.46,-0.20,55.37,0.80,Fwd,8.89
1748746903.22,-3.46,-0.20,55.75,0.80,Fwd,8.89
1748746903.23,-3.46,-0.20,55.75,0.92,Fwd,8.89
1748746903.23,-3.46,-0.20,55.75,0.92,Fwd,8.89
1748746903.23,-3.46,-0.20,55.75,0.92,Fwd,8.89
1748746903.23,-3.46,-0.20,55.75,0.92,Fwd,8.89
1748746903.33,-3.46,-0.20,55.75,0.92,Fwd,8.89
1748746903.33,-3.66,-0.20,55.75,0.92,Fwd,8.89
1748746903.33,-3.66,1.30,55.75,0.92,Fwd,8.89
1748746903.33,-3.66,1.30,54.97,0.92,Fwd,8.89
1748746903.33,-3.66,1.30,54.97,1.27,Fwd,8.89
1748746903.33,-3.66,1.30,54.97,1.27,Fwd,8.89
1748746903.33,-3.66,1.30,54.97,1.27,Fwd,8.89
1748746903.34,-3.66,1.30,54.97,1.27,Fwd,8.89
1748746903.43,-3.66,1.30,54.97,1.27,Fwd,8.12
1748746903.43,-3.67,1.30,54.97,1.27,Fwd,8.12
1748746903.44,-3.67,2.83,54.97,1.27,Fwd,8.12
1748746903.44,-3.67,2.83,53.35,1.27,Fwd,8.12
1748746903.44,-3.67,2.83,53.35,1.47,Fwd,8.12
1748746903.44,-3.67,2.83,53.35,1.47,Fwd,8.12
1748746903.44,-3.67,2.83,53.35,1.47,Fwd,8.12
1748746903.44,-3.67,2.83,53.35,1.47,Fwd,8.12
1748746903.54,-3.67,2.83,53.35,1.47,Fwd,8.12
1748746903.57,-6.87,2.83,53.35,1.47,Fwd,8.12
1748746903.57,-6.87,5.01,53.35,1.47,Fwd,8.12
1748746903.57,-6.87,5.01,51.32,1.47,Fwd,8.12
1748746903.57,-6.87,5.01,51.32,1.36,Fwd,8.12
1748746903.58,-6.87,5.01,51.32,1.36,Fwd,8.12
1748746903.58,-6.87,5.01,51.32,1.36,Fwd,8.12
1748746903.58,-6.87,5.01,51.32,1.36,Fwd,8.12
1748746903.64,-6.87,5.01,51.32,1.36,Fwd,8.12
1748746903.64,-11.97,5.01,51.32,1.36,Fwd,8.12
1748746903.65,-11.97,5.43,51.32,1.36,Fwd,8.12
1748746903.65,-11.97,5.43,48.85,1.36,Fwd,8.12
1748746903.65,-11.97,5.43,48.85,0.74,Fwd,8.12
1748746903.65,-11.97,5.43,48.85,0.74,Fwd,8.12
1748746903.65,-11.97,5.43,48.85,0.74,Fwd,8.12
1748746903.65,-11.97,5.43,48.85,0.74,Fwd,8.12
1748746903.75,-11.97,5.43,48.85,0.74,Fwd,13.83
1748746903.78,-19.57,5.43,48.85,0.74,Fwd,13.83
1748746903.79,-19.57,13.32,48.85,0.74,Fwd,13.83
1748746903.79,-19.57,13.32,43.94,0.74,Fwd,13.83
1748746903.79,-19.57,13.32,43.94,0.11,Fwd,13.83
1748746903.79,-19.57,13.32,43.94,0.11,Fwd,13.83
1748746903.79,-19.57,13.32,43.94,0.11,Fwd,13.83
1748746903.79,-19.57,13.32,43.94,0.11,Fwd,13.83
1748746903.85,-19.57,13.32,43.94,0.11,Fwd,13.83
1748746903.85,-30.03,13.32,43.94,0.11,Fwd,13.83
1748746903.86,-30.03,12.85,43.94,0.11,Fwd,13.83
1748746903.86,-30.03,12.85,53.42,0.11,Fwd,13.83
1748746903.86,-30.03,12.85,53.42,1.34,Fwd,13.83
1748746903.86,-30.03,12.85,53.42,1.34,Fwd,13.83
1748746903.86,-30.03,12.85,53.42,1.34,Fwd,13.83
1748746903.86,-30.03,12.85,53.42,1.34,Fwd,13.83
1748746903.92,-30.03,12.85,53.42,1.34,Fwd,13.83
1748746903.96,-40.64,12.85,53.42,1.34,Fwd,13.83
1748746903.96,-40.64,12.15,53.42,1.34,Fwd,13.83
1748746903.99,-40.64,12.15,59.91,1.34,Fwd,13.83
1748746903.99,-40.64,12.15,59.91,2.53,Fwd,13.83
1748746904.00,-40.64,12.15,59.91,2.53,Fwd,13.83
1748746904.00,-40.64,12.15,59.91,2.53,Fwd,13.83
1748746904.03,-40.64,12.15,59.91,2.53,Fwd,13.83
1748746904.06,-40.64,12.15,59.91,2.53,Fwd,13.83
1748746904.06,-40.64,12.15,59.91,2.53,Fwd,13.83
1748746904.06,-29.22,12.15,59.91,2.53,Fwd,13.83
1748746904.07,-29.22,7.79,59.91,2.53,Fwd,13.83
1748746904.07,-29.22,7.79,64.72,2.53,Fwd,13.83
1748746904.07,-29.22,7.79,64.72,0.64,Fwd,13.83
1748746904.07,-29.22,7.79,64.72,0.64,Fwd,13.83
1748746904.07,-29.22,7.79,64.72,0.64,Fwd,13.83
1748746904.07,-29.22,7.79,64.72,0.64,Fwd,13.83
1748746904.13,-29.22,7.79,64.72,0.64,Fwd,13.83
1748746904.13,-14.72,7.79,64.72,0.64,Fwd,13.83
1748746904.13,-14.72,2.84,64.72,0.64,Fwd,13.83
1748746904.14,-14.72,2.84,61.46,0.64,Fwd,13.83
1748746904.17,-14.72,2.84,61.46,-2.00,Fwd,13.83
1748746904.17,-14.72,2.84,61.46,-2.00,Fwd,13.83
1748746904.17,-14.72,2.84,61.46,-2.00,Fwd,13.83
1748746904.17,-14.72,2.84,61.46,-2.00,Fwd,13.83
1748746904.24,-14.72,2.84,61.46,-2.00,Fwd,13.83
1748746904.24,-12.65,2.84,61.46,-2.00,Fwd,13.83
1748746904.24,-12.65,4.64,61.46,-2.00,Fwd,13.83
1748746904.27,-12.65,4.64,54.70,-2.00,Fwd,13.83
1748746904.27,-12.65,4.64,54.70,2.85,Fwd,13.83
1748746904.27,-12.65,4.64,54.70,2.85,Fwd,13.83
1748746904.27,-12.65,4.64,54.70,2.85,Fwd,13.83
1748746904.27,-12.65,4.64,54.70,2.85,Fwd,13.83
1748746904.35,-12.65,4.64,54.70,2.85,Fwd,6.38
1748746904.35,-10.27,4.64,54.70,2.85,Fwd,6.38
1748746904.35,-10.27,5.89,54.70,2.85,Fwd,6.38
1748746904.35,-10.27,5.89,56.18,2.85,Fwd,6.38
1748746904.35,-10.27,5.89,56.18,0.92,Fwd,6.38
1748746904.35,-10.27,5.89,56.18,0.92,Fwd,6.38
1748746904.35,-10.27,5.89,56.18,0.92,Fwd,6.38
1748746904.35,-10.27,5.89,56.18,0.92,Fwd,6.38
1748746904.45,-10.27,5.89,56.18,0.92,Fwd,6.38
1748746904.45,-10.13,5.89,56.18,0.92,Fwd,6.38
1748746904.45,-10.13,9.59,56.18,0.92,Fwd,6.38
1748746904.46,-10.13,9.59,57.64,0.92,Fwd,6.38
1748746904.46,-10.13,9.59,57.64,1.27,Fwd,6.38
1748746904.46,-10.13,9.59,57.64,1.27,Fwd,6.38
1748746904.46,-10.13,9.59,57.64,1.27,Fwd,6.38
1748746904.46,-10.13,9.59,57.64,1.27,Fwd,6.38
1748746904.55,-10.13,9.59,57.64,1.27,Fwd,6.38
1748746904.56,-7.99,9.59,57.64,1.27,Fwd,6.38
1748746904.56,-7.99,8.71,57.64,1.27,Fwd,6.38
1748746904.56,-7.99,8.71,61.21,1.27,Fwd,6.38
1748746904.56,-7.99,8.71,61.21,1.19,Fwd,6.38
1748746904.58,-7.99,8.71,61.21,1.19,Fwd,6.38
1748746904.62,-7.99,8.71,61.21,1.19,Fwd,6.38
1748746904.62,-7.99,8.71,61.21,1.19,Fwd,6.38
1748746904.62,-7.99,8.71,61.21,1.19,Fwd,6.38
1748746904.63,-4.98,8.71,61.21,1.19,Fwd,6.38
1748746904.66,-4.98,7.69,61.21,1.19,Fwd,6.38
1748746904.69,-4.98,7.69,66.29,1.19,Fwd,6.38
1748746904.73,-4.98,7.69,66.29,1.15,Fwd,6.38
1748746904.77,-4.98,7.69,66.29,1.15,Fwd,6.38
1748746904.77,-4.98,7.69,66.29,1.15,Fwd,6.38
1748746904.77,-4.98,7.69,66.29,1.15,Fwd,6.38
1748746904.77,-4.98,7.69,66.29,1.15,Fwd,6.38
1748746904.80,-2.58,7.69,66.29,1.15,Fwd,6.38
1748746904.84,-2.58,6.09,66.29,1.15,Fwd,6.38
1748746904.84,-2.58,6.09,71.43,1.15,Fwd,6.38
1748746904.84,-2.58,6.09,71.43,0.76,Fwd,6.38
1748746904.84,-2.58,6.09,71.43,0.76,Fwd,6.38
1748746904.84,-2.58,6.09,71.43,0.76,Fwd,6.38
1748746904.85,-2.58,6.09,71.43,0.76,Fwd,6.38
1748746904.85,-2.58,6.09,71.43,0.76,Fwd,6.38
1748746904.85,-1.42,6.09,71.43,0.76,Fwd,6.38
1748746904.91,-1.42,6.53,71.43,0.76,Fwd,6.38
1748746904.91,-1.42,6.53,74.94,0.76,Fwd,6.38
1748746904.91,-1.42,6.53,74.94,1.01,Fwd,6.38
1748746904.91,-1.42,6.53,74.94,1.01,Fwd,6.38
1748746904.91,-1.42,6.53,74.94,1.01,Fwd,6.38
1748746904.91,-1.42,6.53,74.94,1.01,Fwd,6.38
1748746904.93,-1.42,6.53,74.94,1.01,Fwd,6.55
1748746904.97,-1.74,6.53,74.94,1.01,Fwd,6.55
1748746904.98,-1.74,8.12,74.94,1.01,Fwd,6.55
1748746904.98,-1.74,8.12,76.77,1.01,Fwd,6.55
1748746904.98,-1.74,8.12,76.77,1.02,Fwd,6.55
1748746904.98,-1.74,8.12,76.77,1.02,Fwd,6.55
1748746904.98,-1.74,8.12,76.77,1.02,Fwd,6.55
1748746904.98,-1.74,8.12,76.77,1.02,Fwd,6.55
1748746905.05,-1.74,8.12,76.77,1.02,Fwd,6.55
1748746905.05,-1.89,8.12,76.77,1.02,Fwd,6.55
1748746905.05,-1.89,7.15,76.77,1.02,Fwd,6.55
1748746905.05,-1.89,7.15,78.79,1.02,Fwd,6.55
1748746905.05,-1.89,7.15,78.79,1.12,Fwd,6.55
1748746905.05,-1.89,7.15,78.79,1.12,Fwd,6.55
1748746905.06,-1.89,7.15,78.79,1.12,Fwd,6.55
1748746905.06,-1.89,7.15,78.79,1.12,Fwd,6.55
1748746905.18,-1.89,7.15,78.79,1.12,Fwd,6.55
1748746905.22,-1.26,7.15,78.79,1.12,Fwd,6.55
1748746905.25,-1.26,5.34,78.79,1.12,Fwd,6.55
1748746905.26,-1.26,5.34,81.84,1.12,Fwd,6.55
1748746905.26,-1.26,5.34,81.84,1.10,Fwd,6.55
1748746905.26,-1.26,5.34,81.84,1.10,Fwd,6.55
1748746905.26,-1.26,5.34,81.84,1.10,Fwd,6.55
1748746905.26,-1.26,5.34,81.84,1.10,Fwd,6.55
1748746905.26,-1.26,5.34,81.84,1.10,Fwd,6.55
1748746905.26,-0.59,5.34,81.84,1.10,Fwd,6.55
1748746905.26,-0.59,3.84,81.84,1.10,Fwd,6.55
1748746905.27,-0.59,3.84,85.60,1.10,Fwd,6.55
1748746905.32,-0.59,3.84,85.60,1.10,Fwd,6.55
1748746905.32,0.02,3.84,85.60,1.10,Fwd,6.55
1748746905.32,0.02,2.84,85.60,1.10,Fwd,6.55
1748746905.36,0.02,2.84,89.33,1.10,Fwd,6.55
1748746905.36,0.02,2.84,89.33,0.98,Fwd,6.55
1748746905.39,0.02,2.84,89.33,0.98,Fwd,6.55
1748746905.40,0.02,2.84,89.33,0.98,Fwd,6.55
1748746905.40,0.02,2.84,89.33,0.98,Fwd,6.55
1748746905.43,0.02,2.84,89.33,0.98,Fwd,6.55
1748746905.46,0.15,2.84,89.33,0.98,Fwd,6.55
1748746905.46,0.15,2.63,89.33,0.98,Fwd,6.55
1748746905.46,0.15,2.63,92.51,0.98,Fwd,6.55
1748746905.46,0.15,2.63,92.51,1.05,Fwd,6.55
1748746905.46,0.15,2.63,92.51,1.05,Fwd,6.55
1748746905.49,0.15,2.63,92.51,1.05,Fwd,6.55
1748746905.50,0.15,2.63,92.51,1.05,Fwd,6.55
1748746905.53,0.15,2.63,92.51,1.05,Fwd,5.75
1748746905.53,-0.16,2.63,92.51,1.05,Fwd,5.75
1748746905.53,-0.16,2.86,92.51,1.05,Fwd,5.75
1748746905.53,-0.16,2.86,95.23,1.05,Fwd,5.75
1748746905.53,-0.16,2.86,95.23,1.13,Fwd,5.75
1748746905.54,-0.16,2.86,95.23,1.13,Fwd,5.75
1748746905.54,-0.16,2.86,95.23,1.13,Fwd,5.75
1748746905.54,-0.16,2.86,95.23,1.13,Fwd,5.75
1748746905.64,-0.16,2.86,95.23,1.13,Fwd,5.75
1748746905.67,-0.23,2.86,95.23,1.13,Fwd,5.75
1748746905.67,-0.23,2.58,95.23,1.13,Fwd,5.75
1748746905.70,-0.23,2.58,97.92,1.13,Fwd,5.75
1748746905.74,-0.23,2.58,97.92,1.06,Fwd,5.75
1748746905.78,-0.23,2.58,97.92,1.06,Fwd,5.75
1748746905.81,-0.23,2.58,97.92,1.06,Fwd,5.75
1748746905.81,-0.23,2.58,97.92,1.06,Fwd,5.75
1748746905.81,-0.23,2.58,97.92,1.06,Fwd,5.75
1748746905.81,0.42,2.58,97.92,1.06,Fwd,5.75
1748746905.81,0.42,2.44,97.92,1.06,Fwd,5.75
1748746905.81,0.42,2.44,100.58,1.06,Fwd,5.75
1748746905.81,0.42,2.44,100.58,1.05,Fwd,5.75
1748746905.81,0.42,2.44,100.58,1.05,Fwd,5.75
1748746905.84,0.42,2.44,100.58,1.05,Fwd,5.75
1748746905.88,0.42,2.44,100.58,1.05,Fwd,5.75
1748746905.91,0.42,2.44,100.58,1.05,Fwd,5.75
1748746905.95,0.81,2.44,100.58,1.05,Fwd,5.75
1748746906.02,0.81,2.47,100.58,1.05,Fwd,5.75
1748746906.06,0.81,2.47,103.17,1.05,Fwd,5.75
1748746906.09,0.81,2.47,103.17,1.00,Fwd,5.75
1748746906.09,0.81,2.47,103.17,1.00,Fwd,5.75
1748746906.09,0.81,2.47,103.17,1.00,Fwd,5.75
1748746906.10,0.81,2.47,103.17,1.00,Fwd,5.75
1748746906.10,0.81,2.47,103.17,1.00,Fwd,5.75
1748746906.10,1.40,2.47,103.17,1.00,Fwd,5.75
1748746906.10,1.40,1.55,103.17,1.00,Fwd,5.75
1748746906.10,1.40,1.55,108.80,1.00,Fwd,5.75
1748746906.10,1.40,1.55,108.80,0.99,Fwd,5.75
1748746906.10,1.40,1.55,108.80,0.99,Fwd,5.75
1748746906.11,1.40,1.55,108.80,0.99,Fwd,5.75
1748746906.11,1.40,1.55,108.80,0.99,Fwd,5.75
1748746906.11,1.40,1.55,108.80,0.99,Fwd,5.75
1748746906.13,1.40,1.55,108.80,0.99,Fwd,5.75
1748746906.13,1.40,1.55,108.80,0.99,Fwd,5.75
1748746906.16,1.40,1.55,108.80,0.99,Fwd,5.75
1748746906.16,1.40,1.55,108.80,0.99,Fwd,5.75
1748746906.17,1.48,1.55,108.80,0.99,Fwd,5.75
1748746906.17,1.48,0.37,108.80,0.99,Fwd,5.75
1748746906.17,1.48,0.37,112.50,0.99,Fwd,5.75
1748746906.17,1.48,0.37,112.50,1.01,Fwd,5.75
1748746906.17,1.48,0.37,112.50,1.01,Fwd,5.75
1748746906.17,1.48,0.37,112.50,1.01,Fwd,5.75
1748746906.17,1.48,0.37,112.50,1.01,Fwd,5.75
1748746906.24,1.48,0.37,112.50,1.01,Fwd,5.75
1748746906.24,1.23,0.37,112.50,1.01,Fwd,5.75
1748746906.24,1.23,-0.29,112.50,1.01,Fwd,5.75
1748746906.24,1.23,-0.29,116.71,1.01,Fwd,5.75
1748746906.24,1.23,-0.29,116.71,1.07,Fwd,5.75
1748746906.24,1.23,-0.29,116.71,1.07,Fwd,5.75
1748746906.24,1.23,-0.29,116.71,1.07,Fwd,5.75
1748746906.25,1.23,-0.29,116.71,1.07,Fwd,5.75
1748746906.34,1.23,-0.29,116.71,1.07,Fwd,4.72
1748746906.38,1.56,-0.29,116.71,1.07,Fwd,4.72
1748746906.38,1.56,-0.52,116.71,1.07,Fwd,4.72
1748746906.38,1.56,-0.52,121.16,1.07,Fwd,4.72
1748746906.38,1.56,-0.52,121.16,1.00,Fwd,4.72
1748746906.38,1.56,-0.52,121.16,1.00,Fwd,4.72
1748746906.39,1.56,-0.52,121.16,1.00,Fwd,4.72
1748746906.40,1.56,-0.52,121.16,1.00,Fwd,4.72
1748746906.48,1.56,-0.52,121.16,1.00,Fwd,4.72
1748746906.48,1.89,-0.52,121.16,1.00,Fwd,4.72
1748746906.51,1.89,-1.16,121.16,1.00,Fwd,4.72
1748746906.55,1.89,-1.16,125.68,1.00,Fwd,4.72
1748746906.58,1.89,-1.16,125.68,1.09,Fwd,4.72
1748746906.58,1.89,-1.16,125.68,1.09,Fwd,4.72
1748746906.59,1.89,-1.16,125.68,1.09,Fwd,4.72
1748746906.59,1.89,-1.16,125.68,1.09,Fwd,4.72
1748746906.59,1.89,-1.16,125.68,1.09,Fwd,4.72
1748746906.59,1.97,-1.16,125.68,1.09,Fwd,4.72
1748746906.59,1.97,-2.18,125.68,1.09,Fwd,4.72
1748746906.59,1.97,-2.18,129.83,1.09,Fwd,4.72
1748746906.59,1.97,-2.18,129.83,0.95,Fwd,4.72
1748746906.59,1.97,-2.18,129.83,0.95,Fwd,4.72
1748746906.79,1.97,-2.18,129.83,0.95,Fwd,4.72
1748746906.80,1.97,-2.18,129.83,0.95,Fwd,4.72
1748746906.80,1.97,-2.18,129.83,0.95,Fwd,4.72
1748746906.80,0.77,-2.18,129.83,0.95,Fwd,4.72
1748746906.80,0.77,-3.26,129.83,0.95,Fwd,4.72
1748746906.82,0.77,-3.26,134.52,0.95,Fwd,4.72
1748746906.82,0.77,-3.26,134.52,0.92,Fwd,4.72
1748746906.83,0.77,-3.26,134.52,0.92,Fwd,4.72
1748746906.83,0.77,-3.26,134.52,0.92,Fwd,4.72
1748746906.83,0.77,-3.26,134.52,0.92,Fwd,4.72
1748746906.83,0.77,-3.26,134.52,0.92,Fwd,4.72
1748746906.93,-0.26,-3.26,134.52,0.92,Fwd,4.72
1748746906.96,-0.26,-3.07,134.52,0.92,Fwd,4.72
1748746906.96,-0.26,-3.07,139.71,0.92,Fwd,4.72
1748746906.97,-0.26,-3.07,139.71,0.87,Fwd,4.72
1748746906.97,-0.26,-3.07,139.71,0.87,Fwd,4.72
1748746906.97,-0.26,-3.07,139.71,0.87,Fwd,4.72
1748746906.97,-0.26,-3.07,139.71,0.87,Fwd,4.72
1748746906.97,-0.26,-3.07,139.71,0.87,Fwd,4.72
1748746906.97,-1.62,-3.07,139.71,0.87,Fwd,4.72
1748746906.97,-1.62,-3.20,139.71,0.87,Fwd,4.72
1748746906.97,-1.62,-3.20,145.11,0.87,Fwd,4.72
1748746907.00,-1.62,-3.20,145.11,1.04,Fwd,4.72
1748746907.04,-1.62,-3.20,145.11,1.04,Fwd,4.72
1748746907.07,-1.62,-3.20,145.11,1.04,Fwd,4.72
1748746907.07,-1.62,-3.20,145.11,1.04,Fwd,4.72
1748746907.07,-1.62,-3.20,145.11,1.04,Fwd,4.72
1748746907.07,-2.21,-3.20,145.11,1.04,Fwd,4.72
1748746907.07,-2.21,-3.44,145.11,1.04,Fwd,4.72
1748746907.07,-2.21,-3.44,151.35,1.04,Fwd,4.72
1748746907.07,-2.21,-3.44,151.35,1.04,Fwd,4.72
1748746907.07,-2.21,-3.44,151.35,1.04,Fwd,4.72
1748746907.07,-2.21,-3.44,151.35,1.04,Fwd,4.72
1748746907.07,-2.21,-3.44,151.35,1.04,Fwd,4.72
1748746907.07,-2.21,-3.44,151.35,1.04,Fwd,4.72
1748746907.08,-2.24,-3.44,151.35,1.04,Fwd,4.72
1748746907.08,-2.24,-3.46,151.35,1.04,Fwd,4.72
1748746907.08,-2.24,-3.46,158.40,1.04,Fwd,4.72
1748746907.08,-2.24,-3.46,158.40,0.95,Fwd,4.72
1748746907.08,-2.24,-3.46,158.40,0.95,Fwd,4.72
1748746907.08,-2.24,-3.46,158.40,0.95,Fwd,4.72
1748746907.08,-2.24,-3.46,158.40,0.95,Fwd,4.72
1748746907.14,-2.24,-3.46,158.40,0.95,Fwd,4.72
1748746907.14,-2.08,-3.46,158.40,0.95,Fwd,4.72
1748746907.14,-2.08,-2.70,158.40,0.95,Fwd,4.72
1748746907.14,-2.08,-2.70,165.47,0.95,Fwd,4.72
1748746907.14,-2.08,-2.70,165.47,1.06,Fwd,4.72
1748746907.15,-2.08,-2.70,165.47,1.06,Fwd,4.72
1748746907.15,-2.08,-2.70,165.47,1.06,Fwd,4.72
1748746907.15,-2.08,-2.70,165.47,1.06,Fwd,4.72
1748746907.24,-2.08,-2.70,165.47,1.06,Fwd,4.45
1748746907.25,-2.08,-2.70,165.47,1.06,Fwd,4.45
1748746907.28,-2.08,-1.99,165.47,1.06,Fwd,4.45
1748746907.28,-2.08,-1.99,172.13,1.06,Fwd,4.45
1748746907.28,-2.08,-1.99,172.13,0.88,Fwd,4.45
1748746907.29,-2.08,-1.99,172.13,0.88,Fwd,4.45
1748746907.32,-2.08,-1.99,172.13,0.88,Fwd,4.45
1748746907.35,-2.08,-1.99,172.13,0.88,Fwd,4.45
1748746907.35,-2.08,-1.99,172.13,0.88,Fwd,4.45
1748746907.35,-2.38,-1.99,172.13,0.88,Fwd,4.45
1748746907.36,-2.38,-1.51,172.13,0.88,Fwd,4.45
1748746907.36,-2.38,-1.51,178.73,0.88,Fwd,4.45
1748746907.36,-2.38,-1.51,178.73,1.12,Fwd,4.45
1748746907.36,-2.38,-1.51,178.73,1.12,Fwd,4.45
1748746907.36,-2.38,-1.51,178.73,1.12,Fwd,4.45
1748746907.36,-2.38,-1.51,178.73,1.12,Fwd,4.45
1748746907.42,-2.38,-1.51,178.73,1.12,Fwd,4.45
1748746907.46,-1.98,-1.51,178.73,1.12,Fwd,4.45
1748746907.46,-1.98,-1.17,178.73,1.12,Fwd,4.45
1748746907.46,-1.98,-1.17,185.17,1.12,Fwd,4.45
1748746907.49,-1.98,-1.17,185.17,1.16,Fwd,4.45
1748746907.49,-1.98,-1.17,185.17,1.16,Fwd,4.45
1748746907.50,-1.98,-1.17,185.17,1.16,Fwd,4.45
1748746907.50,-1.98,-1.17,185.17,1.16,Fwd,4.45
1748746907.53,-1.98,-1.17,185.17,1.16,Fwd,4.45
1748746907.53,-1.68,-1.17,185.17,1.16,Fwd,4.45
1748746907.53,-1.68,-1.01,185.17,1.16,Fwd,4.45
1748746907.53,-1.68,-1.01,191.70,1.16,Fwd,4.45
1748746907.54,-1.68,-1.01,191.70,1.04,Fwd,4.45
1748746907.54,-1.68,-1.01,191.70,1.04,Fwd,4.45
1748746907.54,-1.68,-1.01,191.70,1.04,Fwd,4.45
1748746907.54,-1.68,-1.01,191.70,1.04,Fwd,4.45
1748746907.63,-1.68,-1.01,191.70,1.04,Fwd,4.45
1748746907.63,-1.14,-1.01,191.70,1.04,Fwd,4.45
1748746907.63,-1.14,-0.72,191.70,1.04,Fwd,4.45
1748746907.67,-1.14,-0.72,198.34,1.04,Fwd,4.45
1748746907.67,-1.14,-0.72,198.34,1.08,Fwd,4.45
1748746907.67,-1.14,-0.72,198.34,1.08,Fwd,4.45
1748746907.68,-1.14,-0.72,198.34,1.08,Fwd,4.45
1748746907.68,-1.14,-0.72,198.34,1.08,Fwd,4.45
1748746907.74,-1.14,-0.72,198.34,1.08,Fwd,4.45
1748746907.74,-2.16,-0.72,198.34,1.08,Fwd,4.45
1748746907.74,-2.16,-0.29,198.34,1.08,Fwd,4.45
1748746907.74,-2.16,-0.29,205.51,1.08,Fwd,4.45
1748746907.75,-2.16,-0.29,205.51,0.87,Fwd,4.45
1748746907.75,-2.16,-0.29,205.51,0.87,Fwd,4.45
1748746907.75,-2.16,-0.29,205.51,0.87,Fwd,4.45
1748746907.75,-2.16,-0.29,205.51,0.87,Fwd,4.45
1748746907.84,-2.16,-0.29,205.51,0.87,Fwd,5.45
1748746907.88,-3.27,-0.29,205.51,0.87,Fwd,5.45
1748746907.91,-3.27,-0.69,205.51,0.87,Fwd,5.45
1748746907.91,-3.27,-0.69,213.12,0.87,Fwd,5.45
1748746907.91,-3.27,-0.69,213.12,0.86,Fwd,5.45
1748746907.92,-3.27,-0.69,213.12,0.86,Fwd,5.45
1748746907.92,-3.27,-0.69,213.12,0.86,Fwd,5.45
1748746907.92,-3.27,-0.69,213.12,0.86,Fwd,5.45
1748746907.95,-3.27,-0.69,213.12,0.86,Fwd,5.45
1748746907.95,-3.72,-0.69,213.12,0.86,Fwd,5.45
1748746907.95,-3.72,-1.10,213.12,0.86,Fwd,5.45
1748746907.95,-3.72,-1.10,220.64,0.86,Fwd,5.45
1748746907.95,-3.72,-1.10,220.64,0.80,Fwd,5.45
1748746907.96,-3.72,-1.10,220.64,0.80,Fwd,5.45
1748746907.96,-3.72,-1.10,220.64,0.80,Fwd,5.45
1748746907.96,-3.72,-1.10,220.64,0.80,Fwd,5.45
1748746908.05,-3.72,-1.10,220.64,0.80,Fwd,5.45
1748746908.09,-3.76,-1.10,220.64,0.80,Fwd,5.45
1748746908.12,-3.76,-0.94,220.64,0.80,Fwd,5.45
1748746908.15,-3.76,-0.94,227.20,0.80,Fwd,5.45
1748746908.16,-3.76,-0.94,227.20,1.04,Fwd,5.45
1748746908.16,-3.76,-0.94,227.20,1.04,Fwd,5.45
1748746908.16,-3.76,-0.94,227.20,1.04,Fwd,5.45
1748746908.16,-3.76,-0.94,227.20,1.04,Fwd,5.45
1748746908.16,-3.76,-0.94,227.20,1.04,Fwd,5.45
1748746908.16,-3.63,-0.94,227.20,1.04,Fwd,5.45
1748746908.16,-3.63,-0.92,227.20,1.04,Fwd,5.45
1748746908.17,-3.63,-0.92,232.61,1.04,Fwd,5.45
1748746908.17,-3.63,-0.92,232.61,1.04,Fwd,5.45
1748746908.17,-3.63,-0.92,232.61,1.04,Fwd,5.45
1748746908.17,-3.63,-0.92,232.61,1.04,Fwd,5.45
1748746908.17,-3.63,-0.92,232.61,1.04,Fwd,5.45
1748746908.23,-3.63,-0.92,232.61,1.04,Fwd,5.45
1748746908.23,-3.31,-0.92,232.61,1.04,Fwd,5.45
1748746908.24,-3.31,-0.90,232.61,1.04,Fwd,5.45
1748746908.24,-3.31,-0.90,237.02,1.04,Fwd,5.45
1748746908.24,-3.31,-0.90,237.02,0.95,Fwd,5.45
1748746908.24,-3.31,-0.90,237.02,0.95,Fwd,5.45
1748746908.24,-3.31,-0.90,237.02,0.95,Fwd,5.45
1748746908.24,-3.31,-0.90,237.02,0.95,Fwd,5.45
1748746908.33,-3.31,-0.90,237.02,0.95,Fwd,5.45
1748746908.33,-3.17,-0.90,237.02,0.95,Fwd,5.45
1748746908.34,-3.17,-0.03,237.02,0.95,Fwd,5.45
1748746908.34,-3.17,-0.03,240.48,0.95,Fwd,5.45
1748746908.34,-3.17,-0.03,240.48,1.03,Fwd,5.45
1748746908.34,-3.17,-0.03,240.48,1.03,Fwd,5.45
1748746908.34,-3.17,-0.03,240.48,1.03,Fwd,5.45
1748746908.34,-3.17,-0.03,240.48,1.03,Fwd,5.45
1748746908.44,-3.17,-0.03,240.48,1.03,Fwd,6.49
1748746908.47,-2.82,-0.03,240.48,1.03,Fwd,6.49
1748746908.47,-2.82,0.72,240.48,1.03,Fwd,6.49
1748746908.47,-2.82,0.72,243.69,1.03,Fwd,6.49
1748746908.47,-2.82,0.72,243.69,0.96,Fwd,6.49
1748746908.48,-2.82,0.72,243.69,0.96,Fwd,6.49
1748746908.48,-2.82,0.72,243.69,0.96,Fwd,6.49
1748746908.48,-2.82,0.72,243.69,0.96,Fwd,6.49
1748746908.54,-2.82,0.72,243.69,0.96,Fwd,6.49
1748746908.58,-2.37,0.72,243.69,0.96,Fwd,6.49
1748746908.58,-2.37,1.54,243.69,0.96,Fwd,6.49
1748746908.61,-2.37,1.54,246.81,0.96,Fwd,6.49
1748746908.72,-2.37,1.54,246.81,1.05,Fwd,6.49
1748746908.82,-2.37,1.54,246.81,1.05,Fwd,6.49
1748746908.83,-2.37,1.54,246.81,1.05,Fwd,6.49
1748746908.83,-2.37,1.54,246.81,1.05,Fwd,6.49
1748746908.83,-2.37,1.54,246.81,1.05,Fwd,6.49
1748746908.86,-1.83,1.54,246.81,1.05,Fwd,6.49
1748746908.89,-1.83,2.16,246.81,1.05,Fwd,6.49
1748746908.93,-1.83,2.16,250.08,1.05,Fwd,6.49
1748746908.96,-1.83,2.16,250.08,0.97,Fwd,6.49
1748746908.96,-1.83,2.16,250.08,0.97,Fwd,6.49
1748746908.96,-1.83,2.16,250.08,0.97,Fwd,6.49
1748746908.97,-1.83,2.16,250.08,0.97,Fwd,6.49
1748746909.00,-1.83,2.16,250.08,0.97,Fwd,6.49
1748746909.00,-1.79,2.16,250.08,0.97,Fwd,6.49
1748746909.00,-1.79,2.54,250.08,0.97,Fwd,6.49
1748746909.00,-1.79,2.54,253.67,0.97,Fwd,6.49
1748746909.00,-1.79,2.54,253.67,1.36,Fwd,6.49
1748746909.00,-1.79,2.54,253.67,1.36,Fwd,6.49
1748746909.00,-1.79,2.54,253.67,1.36,Fwd,6.49
1748746909.14,-1.79,2.54,253.67,1.36,Fwd,6.49
1748746909.14,-1.79,2.54,253.67,1.36,Fwd,6.49
1748746909.15,-1.19,2.54,253.67,1.36,Fwd,6.49
1748746909.15,-1.19,2.87,253.67,1.36,Fwd,6.49
1748746909.15,-1.19,2.87,257.72,1.36,Fwd,6.49
1748746909.15,-1.19,2.87,257.72,1.00,Fwd,6.49
1748746909.15,-1.19,2.87,257.72,1.00,Fwd,6.49
1748746909.15,-1.19,2.87,257.72,1.00,Fwd,6.49
1748746909.17,-1.19,2.87,257.72,1.00,Fwd,6.49
1748746909.17,-1.19,2.87,257.72,1.00,Fwd,6.49
1748746909.17,-0.63,2.87,257.72,1.00,Fwd,6.49
1748746909.17,-0.63,3.43,257.72,1.00,Fwd,6.49
1748746909.17,-0.63,3.43,261.81,1.00,Fwd,6.49
1748746909.18,-0.63,3.43,261.81,0.93,Fwd,6.49
1748746909.18,-0.63,3.43,261.81,0.93,Fwd,6.49
1748746909.18,-0.63,3.43,261.81,0.93,Fwd,6.49
1748746909.20,-0.63,3.43,261.81,0.93,Fwd,6.49
1748746909.24,-0.63,3.43,261.81,0.93,Fwd,5.93
1748746909.28,-0.17,3.43,261.81,0.93,Fwd,5.93
1748746909.28,-0.17,4.24,261.81,0.93,Fwd,5.93
1748746909.28,-0.17,4.24,265.77,0.93,Fwd,5.93
1748746909.28,-0.17,4.24,265.77,0.94,Fwd,5.93
1748746909.28,-0.17,4.24,265.77,0.94,Fwd,5.93
1748746909.28,-0.17,4.24,265.77,0.94,Fwd,5.93
1748746909.28,-0.17,4.24,265.77,0.94,Fwd,5.93
1748746909.28,-0.17,4.24,265.77,0.94,Fwd,5.93
1748746909.28,-0.32,4.24,265.77,0.94,Fwd,5.93
1748746909.29,-0.32,5.00,265.77,0.94,Fwd,5.93
1748746909.29,-0.32,5.00,269.62,0.94,Fwd,5.93
1748746909.29,-0.32,5.00,269.62,1.17,Fwd,5.93
1748746909.29,-0.32,5.00,269.62,1.17,Fwd,5.93
1748746909.31,-0.32,5.00,269.62,1.17,Fwd,5.93
1748746909.35,-0.32,5.00,269.62,1.17,Fwd,5.93
1748746909.38,-0.89,5.00,269.62,1.17,Fwd,5.93
1748746909.38,-0.89,5.39,269.62,1.17,Fwd,5.93
1748746909.38,-0.89,5.39,274.15,1.17,Fwd,5.93
1748746909.38,-0.89,5.39,274.15,1.01,Fwd,5.93
1748746909.38,-0.89,5.39,274.15,1.01,Fwd,5.93
1748746909.38,-0.89,5.39,274.15,1.01,Fwd,5.93
1748746909.38,-0.89,5.39,274.15,1.01,Fwd,5.93
1748746909.38,-0.89,5.39,274.15,1.01,Fwd,5.93
1748746909.38,-0.80,5.39,274.15,1.01,Fwd,5.93
1748746909.38,-0.80,5.31,274.15,1.01,Fwd,5.93
1748746909.41,-0.80,5.31,279.54,1.01,Fwd,5.93
1748746909.45,-0.80,5.31,279.54,0.86,Fwd,5.93
1748746909.45,-0.80,5.31,279.54,0.86,Fwd,5.93
1748746909.45,-0.80,5.31,279.54,0.86,Fwd,5.93
1748746909.45,-0.80,5.31,279.54,0.86,Fwd,5.93
1748746909.45,-0.80,5.31,279.54,0.86,Fwd,5.93
1748746909.45,-0.76,5.31,279.54,0.86,Fwd,5.93
1748746909.45,-0.76,5.01,279.54,0.86,Fwd,5.93
1748746909.45,-0.76,5.01,285.69,0.86,Fwd,5.93
1748746909.46,-0.76,5.01,285.69,0.99,Fwd,5.93
1748746909.46,-0.76,5.01,285.69,0.99,Fwd,5.93
1748746909.46,-0.76,5.01,285.69,0.99,Fwd,5.93
1748746909.46,-0.76,5.01,285.69,0.99,Fwd,5.93
1748746909.52,-0.76,5.01,285.69,0.99,Fwd,5.93
1748746909.55,-0.68,5.01,285.69,0.99,Fwd,5.93
1748746909.55,-0.68,4.49,285.69,0.99,Fwd,5.93
1748746909.56,-0.68,4.49,292.64,0.99,Fwd,5.93
1748746909.56,-0.68,4.49,292.64,1.04,Fwd,5.93
1748746909.56,-0.68,4.49,292.64,1.04,Fwd,5.93
1748746909.56,-0.68,4.49,292.64,1.04,Fwd,5.93
1748746909.56,-0.68,4.49,292.64,1.04,Fwd,5.93
1748746909.63,-0.68,4.49,292.64,1.04,Fwd,5.93
1748746909.66,-0.36,4.49,292.64,1.04,Fwd,5.93
1748746909.66,-0.36,4.17,292.64,1.04,Fwd,5.93
1748746909.66,-0.36,4.17,299.76,1.04,Fwd,5.93
1748746909.66,-0.36,4.17,299.76,1.10,Fwd,5.93
1748746909.66,-0.36,4.17,299.76,1.10,Fwd,5.93
1748746909.66,-0.36,4.17,299.76,1.10,Fwd,5.93
1748746909.66,-0.36,4.17,299.76,1.10,Fwd,5.93
1748746909.73,-0.36,4.17,299.76,1.10,Fwd,5.93
1748746909.77,-0.34,4.17,299.76,1.10,Fwd,5.93
1748746909.77,-0.34,3.75,299.76,1.10,Fwd,5.93
1748746909.77,-0.34,3.75,306.70,1.10,Fwd,5.93
1748746909.77,-0.34,3.75,306.70,0.97,Fwd,5.93
1748746909.77,-0.34,3.75,306.70,0.97,Fwd,5.93
1748746909.77,-0.34,3.75,306.70,0.97,Fwd,5.93
1748746909.77,-0.34,3.75,306.70,0.97,Fwd,5.93
1748746909.84,-0.34,3.75,306.70,0.97,Fwd,5.93
1748746909.84,-0.45,3.75,306.70,0.97,Fwd,5.93
1748746909.84,-0.45,2.69,306.70,0.97,Fwd,5.93
1748746909.84,-0.45,2.69,313.58,0.97,Fwd,5.93
1748746909.84,-0.45,2.69,313.58,0.93,Fwd,5.93
1748746909.84,-0.45,2.69,313.58,0.93,Fwd,5.93
1748746909.84,-0.45,2.69,313.58,0.93,Fwd,5.93
1748746909.84,-0.45,2.69,313.58,0.93,Fwd,5.93
1748746909.94,-0.45,2.69,313.58,0.93,Fwd,5.93
1748746909.94,-0.78,2.69,313.58,0.93,Fwd,5.93
1748746909.94,-0.78,1.26,313.58,0.93,Fwd,5.93
1748746909.94,-0.78,1.26,320.86,0.93,Fwd,5.93
1748746909.94,-0.78,1.26,320.86,0.96,Fwd,5.93
1748746909.94,-0.78,1.26,320.86,0.96,Fwd,5.93
1748746909.94,-0.78,1.26,320.86,0.96,Fwd,5.93
1748746909.95,-0.78,1.26,320.86,0.96,Fwd,5.93
1748746910.04,-0.78,1.26,320.86,0.96,Fwd,5.93
1748746910.05,-0.93,1.26,320.86,0.96,Fwd,5.93
1748746910.05,-0.93,0.74,320.86,0.96,Fwd,5.93
1748746910.05,-0.93,0.74,328.16,0.96,Fwd,5.93
1748746910.05,-0.93,0.74,328.16,0.94,Fwd,5.93
1748746910.05,-0.93,0.74,328.16,0.94,Fwd,5.93
1748746910.05,-0.93,0.74,328.16,0.94,Fwd,5.93
1748746910.05,-0.93,0.74,328.16,0.94,Fwd,5.93
1748746910.15,-0.93,0.74,328.16,0.94,Fwd,5.93
1748746910.15,-0.92,0.74,328.16,0.94,Fwd,5.93
1748746910.15,-0.92,1.16,328.16,0.94,Fwd,5.93
1748746910.15,-0.92,1.16,334.32,0.94,Fwd,5.93
1748746910.15,-0.92,1.16,334.32,0.97,Fwd,5.93
1748746910.15,-0.92,1.16,334.32,0.97,Fwd,5.93
1748746910.15,-0.92,1.16,334.32,0.97,Fwd,5.93
1748746910.15,-0.92,1.16,334.32,0.97,Fwd,5.93
1748746910.22,-0.92,1.16,334.32,0.97,Fwd,5.93
1748746910.22,-1.10,1.16,334.32,0.97,Fwd,5.93
1748746910.22,-1.10,1.31,334.32,0.97,Fwd,5.93
1748746910.26,-1.10,1.31,339.41,0.97,Fwd,5.93
1748746910.26,-1.10,1.31,339.41,0.80,Fwd,5.93
1748746910.26,-1.10,1.31,339.41,0.80,Fwd,5.93
1748746910.26,-1.10,1.31,339.41,0.80,Fwd,5.93
1748746910.26,-1.10,1.31,339.41,0.80,Fwd,5.93
1748746910.33,-1.10,1.31,339.41,0.80,Fwd,5.79
1748746910.33,-1.35,1.31,339.41,0.80,Fwd,5.79
1748746910.33,-1.35,1.58,339.41,0.80,Fwd,5.79
1748746910.33,-1.35,1.58,344.20,0.80,Fwd,5.79
1748746910.33,-1.35,1.58,344.20,0.97,Fwd,5.79
1748746910.34,-1.35,1.58,344.20,0.97,Fwd,5.79
1748746910.34,-1.35,1.58,344.20,0.97,Fwd,5.79
1748746910.34,-1.35,1.58,344.20,0.97,Fwd,5.79
1748746910.43,-1.35,1.58,344.20,0.97,Fwd,5.79
1748746910.44,-1.40,1.58,344.20,0.97,Fwd,5.79
1748746910.44,-1.40,1.80,344.20,0.97,Fwd,5.79
1748746910.44,-1.40,1.80,348.86,0.97,Fwd,5.79
1748746910.44,-1.40,1.80,348.86,1.00,Fwd,5.79
1748746910.44,-1.40,1.80,348.86,1.00,Fwd,5.79
1748746910.44,-1.40,1.80,348.86,1.00,Fwd,5.79
1748746910.44,-1.40,1.80,348.86,1.00,Fwd,5.79
1748746910.54,-1.40,1.80,348.86,1.00,Fwd,5.79
1748746910.57,-1.17,1.80,348.86,1.00,Fwd,5.79
1748746910.57,-1.17,2.01,348.86,1.00,Fwd,5.79
1748746910.57,-1.17,2.01,353.37,1.00,Fwd,5.79
1748746910.57,-1.17,2.01,353.37,0.90,Fwd,5.79
1748746910.58,-1.17,2.01,353.37,0.90,Fwd,5.79
1748746910.58,-1.17,2.01,353.37,0.90,Fwd,5.79
1748746910.58,-1.17,2.01,353.37,0.90,Fwd,5.79
1748746910.65,-1.17,2.01,353.37,0.90,Fwd,5.79
1748746910.65,-1.10,2.01,353.37,0.90,Fwd,5.79
1748746910.65,-1.10,1.72,353.37,0.90,Fwd,5.79
1748746910.65,-1.10,1.72,358.11,0.90,Fwd,5.79
1748746910.66,-1.10,1.72,358.11,1.04,Fwd,5.79
1748746910.66,-1.10,1.72,358.11,1.04,Fwd,5.79
1748746910.66,-1.10,1.72,358.11,1.04,Fwd,5.79
1748746910.66,-1.10,1.72,358.11,1.04,Fwd,5.79
1748746910.75,-1.10,1.72,358.11,1.04,Fwd,5.79
1748746910.86,-0.60,1.72,358.11,1.04,Fwd,5.79
1748746910.88,-0.60,0.92,358.11,1.04,Fwd,5.79
1748746910.92,-0.60,0.92,3.34,1.04,Fwd,5.79
1748746910.96,-0.60,0.92,3.34,0.98,Fwd,5.79
1748746910.99,-0.60,0.92,3.34,0.98,Fwd,5.79
1748746910.99,-0.60,0.92,3.34,0.98,Fwd,5.79
1748746911.00,-0.60,0.92,3.34,0.98,Fwd,5.79
1748746911.00,-0.60,0.92,3.34,0.98,Fwd,5.79
1748746911.00,-0.14,0.92,3.34,0.98,Fwd,5.79
1748746911.00,-0.14,-0.88,3.34,0.98,Fwd,5.79
1748746911.00,-0.14,-0.88,8.85,0.98,Fwd,5.79
1748746911.00,-0.14,-0.88,8.85,0.98,Fwd,5.79
1748746911.02,-0.14,-0.88,8.85,0.98,Fwd,5.79
1748746911.06,-0.14,-0.88,8.85,0.98,Fwd,5.79
1748746911.10,-0.14,-0.88,8.85,0.98,Fwd,5.79
1748746911.14,-0.14,-0.88,8.85,0.98,Fwd,5.79
1748746911.14,-1.05,-0.88,8.85,0.98,Fwd,5.79
1748746911.14,-1.05,-5.45,8.85,0.98,Fwd,5.79
1748746911.14,-1.05,-5.45,19.95,0.98,Fwd,5.79
1748746911.14,-1.05,-5.45,19.95,1.02,Fwd,5.79
1748746911.14,-1.05,-5.45,19.95,1.02,Fwd,5.79
1748746911.14,-1.05,-5.45,19.95,1.02,Fwd,5.79
1748746911.14,-1.05,-5.45,19.95,1.02,Fwd,5.79
1748746911.15,-1.05,-5.45,19.95,1.02,Fwd,5.15
1748746911.15,-1.05,-5.45,19.95,1.00,Fwd,5.15
1748746911.15,-1.05,-5.45,19.95,1.00,Fwd,5.15
1748746911.15,-1.05,-5.45,19.95,1.00,Fwd,5.15
1748746911.16,-1.05,-5.45,19.95,1.00,Fwd,5.15
1748746911.16,-1.05,-5.45,19.95,1.00,Fwd,5.15
1748746911.17,-4.97,-5.45,19.95,1.00,Fwd,5.15
1748746911.17,-4.97,-6.74,19.95,1.00,Fwd,5.15
1748746911.17,-4.97,-6.74,27.68,1.00,Fwd,5.15
1748746911.17,-4.97,-6.74,27.68,1.12,Fwd,5.15
1748746911.17,-4.97,-6.74,27.68,1.12,Fwd,5.15
1748746911.17,-4.97,-6.74,27.68,1.12,Fwd,5.15
1748746911.17,-4.97,-6.74,27.68,1.12,Fwd,5.15
1748746911.24,-4.97,-6.74,27.68,1.12,Fwd,5.15
1748746911.24,-4.21,-6.74,27.68,1.12,Fwd,5.15
1748746911.24,-4.21,-6.60,27.68,1.12,Fwd,5.15
1748746911.24,-4.21,-6.60,33.55,1.12,Fwd,5.15
1748746911.24,-4.21,-6.60,33.55,0.94,Fwd,5.15
1748746911.24,-4.21,-6.60,33.55,0.94,Fwd,5.15
1748746911.27,-4.21,-6.60,33.55,0.94,Fwd,5.15
1748746911.27,-4.21,-6.60,33.55,0.94,Fwd,5.15
1748746911.34,-4.21,-6.60,33.55,0.94,Fwd,5.15
1748746911.34,-3.55,-6.60,33.55,0.94,Fwd,5.15
1748746911.34,-3.55,-6.51,33.55,0.94,Fwd,5.15
1748746911.35,-3.55,-6.51,36.89,0.94,Fwd,5.15
1748746911.35,-3.55,-6.51,36.89,0.59,Fwd,5.15
1748746911.35,-3.55,-6.51,36.89,0.59,Fwd,5.15
1748746911.35,-3.55,-6.51,36.89,0.59,Fwd,5.15
1748746911.35,-3.55,-6.51,36.89,0.59,Fwd,5.15
1748746911.45,-3.55,-6.51,36.89,0.59,Fwd,5.15
1748746911.46,-2.18,-6.51,36.89,0.59,Fwd,5.15
1748746911.46,-2.18,-3.63,36.89,0.59,Fwd,5.15
1748746911.46,-2.18,-3.63,38.17,0.59,Fwd,5.15
1748746911.46,-2.18,-3.63,38.17,0.63,Fwd,5.15
1748746911.46,-2.18,-3.63,38.17,0.63,Fwd,5.15
1748746911.46,-2.18,-3.63,38.17,0.63,Fwd,5.15
1748746911.46,-2.18,-3.63,38.17,0.63,Fwd,5.15
1748746911.55,-2.18,-3.63,38.17,0.63,Fwd,5.15
1748746911.59,-1.23,-3.63,38.17,0.63,Fwd,5.15
1748746911.62,-1.23,-3.36,38.17,0.63,Fwd,5.15
1748746911.62,-1.23,-3.36,40.00,0.63,Fwd,5.15
1748746911.62,-1.23,-3.36,40.00,1.30,Fwd,5.15
1748746911.63,-1.23,-3.36,40.00,1.30,Fwd,5.15
1748746911.63,-1.23,-3.36,40.00,1.30,Fwd,5.15
1748746911.63,-1.23,-3.36,40.00,1.30,Fwd,5.15
1748746911.63,-1.23,-3.36,40.00,1.30,Fwd,6.92
1748746911.63,-0.18,-3.36,40.00,1.30,Fwd,6.92
1748746911.63,-0.18,-4.45,40.00,1.30,Fwd,6.92
1748746911.63,-0.18,-4.45,42.82,1.30,Fwd,6.92
1748746911.69,-0.18,-4.45,42.82,1.92,Fwd,6.92
1748746911.69,-0.18,-4.45,42.82,1.92,Fwd,6.92
1748746911.70,-0.18,-4.45,42.82,1.92,Fwd,6.92
1748746911.70,-0.18,-4.45,42.82,1.92,Fwd,6.92