1748747284.54,-0.55,-0.41,78.13,0.98,Fwd,6.17
1748747284.58,-0.36,-0.41,78.13,0.98,Fwd,6.17
1748747284.62,-0.36,-0.21,78.13,0.98,Fwd,6.17
1748747284.62,-0.36,-0.21,77.40,0.98,Fwd,6.17
1748747284.62,-0.36,-0.21,77.40,1.04,Fwd,6.17
1748747284.62,-0.36,-0.21,77.40,1.04,Fwd,6.17
1748747284.62,-0.36,-0.21,77.40,1.04,Fwd,6.17
1748747284.62,-0.36,-0.21,77.40,1.04,Fwd,6.17
1748747284.63,-0.36,-0.21,77.40,1.04,Fwd,6.17
1748747284.63,-0.52,-0.21,77.40,1.04,Fwd,6.17
1748747284.63,-0.52,0.32,77.40,1.04,Fwd,6.17
1748747284.65,-0.52,0.32,77.40,1.04,Fwd,6.17
1748747284.65,-0.52,0.32,77.40,1.04,Fwd,6.17
1748747284.65,-0.52,0.32,77.40,1.04,Fwd,6.17
1748747284.73,-0.52,0.32,77.40,1.04,Fwd,6.17
1748747284.73,-0.67,0.32,77.40,1.04,Fwd,6.17
1748747284.73,-0.67,0.84,77.40,1.04,Fwd,6.17
1748747284.73,-0.67,0.84,76.71,1.04,Fwd,6.17
1748747284.73,-0.67,0.84,76.71,0.90,Fwd,6.17
1748747284.73,-0.67,0.84,76.71,0.90,Fwd,6.17
1748747284.73,-0.67,0.84,76.71,0.90,Fwd,6.17
1748747284.74,-0.67,0.84,76.71,0.90,Fwd,6.17
1748747284.82,-0.67,0.84,76.71,0.90,Fwd,6.17
1748747284.86,-0.67,0.84,76.71,0.90,Fwd,6.17
1748747284.86,-0.67,1.38,76.71,0.90,Fwd,6.17
1748747284.86,-0.67,1.38,75.68,0.90,Fwd,6.17
1748747284.86,-0.67,1.38,75.68,0.94,Fwd,6.17
1748747284.86,-0.67,1.38,75.68,0.94,Fwd,6.17
1748747284.87,-0.67,1.38,75.68,0.94,Fwd,6.17
1748747284.87,-0.67,1.38,75.68,0.94,Fwd,6.17
1748747284.93,-0.67,1.38,75.68,0.94,Fwd,6.17
1748747284.96,-0.53,1.38,75.68,0.94,Fwd,6.17
1748747284.97,-0.53,2.48,75.68,0.94,Fwd,6.17
1748747284.97,-0.53,2.48,74.27,0.94,Fwd,6.17
1748747284.97,-0.53,2.48,74.27,0.98,Fwd,6.17
1748747284.97,-0.53,2.48,74.27,0.98,Fwd,6.17
1748747284.97,-0.53,2.48,74.27,0.98,Fwd,6.17
1748747284.97,-0.53,2.48,74.27,0.98,Fwd,6.17
1748747285.03,-0.53,2.48,74.27,0.98,Fwd,6.17
1748747285.03,-0.36,2.48,74.27,0.98,Fwd,6.17
1748747285.03,-0.36,3.84,74.27,0.98,Fwd,6.17
1748747285.03,-0.36,3.84,72.71,0.98,Fwd,6.17
1748747285.04,-0.36,3.84,72.71,1.00,Fwd,6.17
1748747285.04,-0.36,3.84,72.71,1.00,Fwd,6.17
1748747285.04,-0.36,3.84,72.71,1.00,Fwd,6.17
1748747285.04,-0.36,3.84,72.71,1.00,Fwd,6.17
1748747285.14,-0.36,3.84,72.71,1.00,Fwd,5.83
1748747285.14,0.06,3.84,72.71,1.00,Fwd,5.83
1748747285.14,0.06,4.92,72.71,1.00,Fwd,5.83
1748747285.14,0.06,4.92,71.45,1.00,Fwd,5.83
1748747285.14,0.06,4.92,71.45,0.96,Fwd,5.83
1748747285.14,0.06,4.92,71.45,0.96,Fwd,5.83
1748747285.14,0.06,4.92,71.45,0.96,Fwd,5.83
1748747285.14,0.06,4.92,71.45,0.96,Fwd,5.83
1748747285.24,0.06,4.92,71.45,0.96,Fwd,5.83
1748747285.28,0.50,4.92,71.45,0.96,Fwd,5.83
1748747285.28,0.50,4.86,71.45,0.96,Fwd,5.83
1748747285.28,0.50,4.86,71.46,0.96,Fwd,5.83
1748747285.28,0.50,4.86,71.46,1.09,Fwd,5.83
1748747285.28,0.50,4.86,71.46,1.09,Fwd,5.83
1748747285.28,0.50,4.86,71.46,1.09,Fwd,5.83
1748747285.28,0.50,4.86,71.46,1.09,Fwd,5.83
1748747285.35,0.50,4.86,71.46,1.09,Fwd,5.83
1748747285.35,0.91,4.86,71.46,1.09,Fwd,5.83
1748747285.35,0.91,2.78,71.46,1.09,Fwd,5.83
1748747285.35,0.91,2.78,72.59,1.09,Fwd,5.83
1748747285.35,0.91,2.78,72.59,0.95,Fwd,5.83
1748747285.35,0.91,2.78,72.59,0.95,Fwd,5.83
1748747285.35,0.91,2.78,72.59,0.95,Fwd,5.83
1748747285.35,0.91,2.78,72.59,0.95,Fwd,5.83
1748747285.42,0.91,2.78,72.59,0.95,Fwd,5.83
1748747285.42,0.88,2.78,72.59,0.95,Fwd,5.83
1748747285.42,0.88,0.45,72.59,0.95,Fwd,5.83
1748747285.42,0.88,0.45,74.28,0.95,Fwd,5.83
1748747285.42,0.88,0.45,74.28,0.88,Fwd,5.83
1748747285.42,0.88,0.45,74.28,0.88,Fwd,5.83
1748747285.42,0.88,0.45,74.28,0.88,Fwd,5.83
1748747285.42,0.88,0.45,74.28,0.88,Fwd,5.83
1748747285.52,0.88,0.45,74.28,0.88,Fwd,5.83
1748747285.53,-0.02,0.45,74.28,0.88,Fwd,5.83
1748747285.53,-0.02,-1.75,74.28,0.88,Fwd,5.83
1748747285.53,-0.02,-1.75,76.00,0.88,Fwd,5.83
1748747285.53,-0.02,-1.75,76.00,0.87,Fwd,5.83
1748747285.53,-0.02,-1.75,76.00,0.87,Fwd,5.83
1748747285.53,-0.02,-1.75,76.00,0.87,Fwd,5.83
1748747285.54,-0.02,-1.75,76.00,0.87,Fwd,5.83
1748747285.63,-0.02,-1.75,76.00,0.87,Fwd,5.83
1748747285.63,-2.18,-1.75,76.00,0.87,Fwd,5.83
1748747285.63,-2.18,-2.52,76.00,0.87,Fwd,5.83
1748747285.63,-2.18,-2.52,77.51,0.87,Fwd,5.83
1748747285.63,-2.18,-2.52,77.51,0.86,Fwd,5.83
1748747285.63,-2.18,-2.52,77.51,0.86,Fwd,5.83
1748747285.64,-2.18,-2.52,77.51,0.86,Fwd,5.83
1748747285.64,-2.18,-2.52,77.51,0.86,Fwd,5.83
1748747285.73,-2.18,-2.52,77.51,0.86,Fwd,5.83
1748747285.74,-5.17,-2.52,77.51,0.86,Fwd,5.83
1748747285.74,-5.17,-2.81,77.51,0.86,Fwd,5.83
1748747285.74,-5.17,-2.81,78.79,0.86,Fwd,5.83
1748747285.74,-5.17,-2.81,78.79,1.01,Fwd,5.83
1748747285.74,-5.17,-2.81,78.79,1.01,Fwd,5.83
1748747285.74,-5.17,-2.81,78.79,1.01,Fwd,5.83
1748747285.74,-5.17,-2.81,78.79,1.01,Fwd,5.83
1748747285.84,-5.17,-2.81,78.79,1.01,Fwd,5.41
1748747285.84,-7.10,-2.81,78.79,1.01,Fwd,5.41
1748747285.84,-7.10,-2.61,78.79,1.01,Fwd,5.41
1748747285.84,-7.10,-2.61,79.73,1.01,Fwd,5.41
1748747285.84,-7.10,-2.61,79.73,0.96,Fwd,5.41
1748747285.84,-7.10,-2.61,79.73,0.96,Fwd,5.41
1748747285.84,-7.10,-2.61,79.73,0.96,Fwd,5.41
1748747285.84,-7.10,-2.61,79.73,0.96,Fwd,5.41
1748747285.94,-7.10,-2.61,79.73,0.96,Fwd,5.41
1748747285.94,-6.11,-2.61,79.73,0.96,Fwd,5.41
1748747285.95,-6.11,-2.48,79.73,0.96,Fwd,5.41
1748747285.98,-6.11,-2.48,80.20,0.96,Fwd,5.41
1748747285.98,-6.11,-2.48,80.20,1.11,Fwd,5.41
1748747285.98,-6.11,-2.48,80.20,1.11,Fwd,5.41
1748747285.98,-6.11,-2.48,80.20,1.11,Fwd,5.41
1748747285.98,-6.11,-2.48,80.20,1.11,Fwd,5.41
1748747286.05,-6.11,-2.48,80.20,1.11,Fwd,5.41
1748747286.05,-5.19,-2.48,80.20,1.11,Fwd,5.41
1748747286.05,-5.19,-2.74,80.20,1.11,Fwd,5.41
1748747286.05,-5.19,-2.74,80.83,1.11,Fwd,5.41
1748747286.05,-5.19,-2.74,80.83,0.90,Fwd,5.41
1748747286.05,-5.19,-2.74,80.83,0.90,Fwd,5.41
1748747286.05,-5.19,-2.74,80.83,0.90,Fwd,5.41
1748747286.05,-5.19,-2.74,80.83,0.90,Fwd,5.41
1748747286.12,-5.19,-2.74,80.83,0.90,Fwd,5.41
1748747286.16,-4.77,-2.74,80.83,0.90,Fwd,5.41
1748747286.16,-4.77,-2.94,80.83,0.90,Fwd,5.41
1748747286.16,-4.77,-2.94,81.41,0.90,Fwd,5.41
1748747286.16,-4.77,-2.94,81.41,1.01,Fwd,5.41
1748747286.16,-4.77,-2.94,81.41,1.01,Fwd,5.41
1748747286.16,-4.77,-2.94,81.41,1.01,Fwd,5.41
1748747286.17,-4.77,-2.94,81.41,1.01,Fwd,5.41
1748747286.23,-4.77,-2.94,81.41,1.01,Fwd,8.39
1748747286.23,-3.82,-2.94,81.41,1.01,Fwd,8.39
1748747286.23,-3.82,-4.09,81.41,1.01,Fwd,8.39
1748747286.24,-3.82,-4.09,82.01,1.01,Fwd,8.39
1748747286.24,-3.82,-4.09,82.01,0.99,Fwd,8.39
1748747286.24,-3.82,-4.09,82.01,0.99,Fwd,8.39
1748747286.24,-3.82,-4.09,82.01,0.99,Fwd,8.39
1748747286.24,-3.82,-4.09,82.01,0.99,Fwd,8.39
1748747286.33,-3.82,-4.09,82.01,0.99,Fwd,8.39
1748747286.33,-3.41,-4.09,82.01,0.99,Fwd,8.39
1748747286.34,-3.41,-5.14,82.01,0.99,Fwd,8.39
1748747286.34,-3.41,-5.14,82.29,0.99,Fwd,8.39
1748747286.34,-3.41,-5.14,82.29,0.99,Fwd,8.39
1748747286.34,-3.41,-5.14,82.29,0.99,Fwd,8.39
1748747286.34,-3.41,-5.14,82.29,0.99,Fwd,8.39
1748747286.34,-3.41,-5.14,82.29,0.99,Fwd,8.39
1748747286.44,-3.41,-5.14,82.29,0.99,Fwd,8.39
1748747286.47,-3.05,-5.14,82.29,0.99,Fwd,8.39
1748747286.47,-3.05,-5.05,82.29,0.99,Fwd,8.39
1748747286.47,-3.05,-5.05,81.62,0.99,Fwd,8.39
1748747286.48,-3.05,-5.05,81.62,0.98,Fwd,8.39
1748747286.48,-3.05,-5.05,81.62,0.98,Fwd,8.39
1748747286.48,-3.05,-5.05,81.62,0.98,Fwd,8.39
1748747286.48,-3.05,-5.05,81.62,0.98,Fwd,8.39
1748747286.54,-3.05,-5.05,81.62,0.98,Fwd,8.39
1748747286.54,-2.91,-5.05,81.62,0.98,Fwd,8.39
1748747286.55,-2.91,-2.92,81.62,0.98,Fwd,8.39
1748747286.55,-2.91,-2.92,79.30,0.98,Fwd,8.39
1748747286.55,-2.91,-2.92,79.30,0.98,Fwd,8.39
1748747286.55,-2.91,-2.92,79.30,0.98,Fwd,8.39
1748747286.55,-2.91,-2.92,79.30,0.98,Fwd,8.39
1748747286.56,-2.91,-2.92,79.30,0.98,Fwd,8.39
1748747286.65,-2.91,-2.92,79.30,0.98,Fwd,8.39
1748747286.65,-2.72,-2.92,79.30,0.98,Fwd,8.39
1748747286.65,-2.72,-0.17,79.30,0.98,Fwd,8.39
1748747286.66,-2.72,-0.17,75.71,0.98,Fwd,8.39
1748747286.66,-2.72,-0.17,75.71,0.97,Fwd,8.39
1748747286.66,-2.72,-0.17,75.71,0.97,Fwd,8.39
1748747286.66,-2.72,-0.17,75.71,0.97,Fwd,8.39
1748747286.66,-2.72,-0.17,75.71,0.97,Fwd,8.39
1748747286.75,-2.72,-0.17,75.71,0.97,Fwd,7.62
1748747286.78,-2.62,-0.17,75.71,0.97,Fwd,7.62
1748747286.78,-2.62,0.96,75.71,0.97,Fwd,7.62
1748747286.79,-2.62,0.96,72.63,0.97,Fwd,7.62
1748747286.79,-2.62,0.96,72.63,1.19,Fwd,7.62
1748747286.79,-2.62,0.96,72.63,1.19,Fwd,7.62
1748747286.79,-2.62,0.96,72.63,1.19,Fwd,7.62
1748747286.79,-2.62,0.96,72.63,1.19,Fwd,7.62
1748747286.82,-2.62,0.96,72.63,1.19,Fwd,7.62
1748747286.82,-2.73,0.96,72.63,1.19,Fwd,7.62
1748747286.82,-2.73,-0.26,72.63,1.19,Fwd,7.62
1748747286.82,-2.73,-0.26,71.16,1.19,Fwd,7.62
1748747286.83,-2.73,-0.26,71.16,0.96,Fwd,7.62
1748747286.83,-2.73,-0.26,71.16,0.96,Fwd,7.62
1748747286.83,-2.73,-0.26,71.16,0.96,Fwd,7.62
1748747286.83,-2.73,-0.26,71.16,0.96,Fwd,7.62
1748747286.93,-2.73,-0.26,71.16,0.96,Fwd,7.62
1748747286.93,-2.01,-0.26,71.16,0.96,Fwd,7.62
1748747286.93,-2.01,-1.33,71.16,0.96,Fwd,7.62
1748747286.94,-2.01,-1.33,70.80,0.96,Fwd,7.62
1748747286.94,-2.01,-1.33,70.80,1.04,Fwd,7.62
1748747286.94,-2.01,-1.33,70.80,1.04,Fwd,7.62
1748747286.94,-2.01,-1.33,70.80,1.04,Fwd,7.62
1748747286.94,-2.01,-1.33,70.80,1.04,Fwd,7.62
1748747287.03,-2.01,-1.33,70.80,1.04,Fwd,7.62
1748747287.06,-0.56,-1.33,70.80,1.04,Fwd,7.62
1748747287.06,-0.56,-2.20,70.80,1.04,Fwd,7.62
1748747287.07,-0.56,-2.20,71.33,1.04,Fwd,7.62
1748747287.07,-0.56,-2.20,71.33,0.97,Fwd,7.62
1748747287.07,-0.56,-2.20,71.33,0.97,Fwd,7.62
1748747287.07,-0.56,-2.20,71.33,0.97,Fwd,7.62
1748747287.07,-0.56,-2.20,71.33,0.97,Fwd,7.62
1748747287.14,-0.56,-2.20,71.33,0.97,Fwd,7.62
1748747287.17,-0.24,-2.20,71.33,0.97,Fwd,7.62
1748747287.17,-0.24,-6.39,71.33,0.97,Fwd,7.62
1748747287.18,-0.24,-6.39,72.38,0.97,Fwd,7.62
1748747287.18,-0.24,-6.39,72.38,0.72,Fwd,7.62
1748747287.18,-0.24,-6.39,72.38,0.72,Fwd,7.62
1748747287.18,-0.24,-6.39,72.38,0.72,Fwd,7.62
1748747287.18,-0.24,-6.39,72.38,0.72,Fwd,7.62
1748747287.24,-0.24,-6.39,72.38,0.72,Fwd,7.62
1748747287.24,-2.78,-6.39,72.38,0.72,Fwd,7.62
1748747287.24,-2.78,-12.35,72.38,0.72,Fwd,7.62
1748747287.24,-2.78,-12.35,73.71,0.72,Fwd,7.62
1748747287.25,-2.78,-12.35,73.71,0.91,Fwd,7.62
1748747287.25,-2.78,-12.35,73.71,0.91,Fwd,7.62
1748747287.25,-2.78,-12.35,73.71,0.91,Fwd,7.62
1748747287.25,-2.78,-12.35,73.71,0.91,Fwd,7.62
1748747287.35,-2.78,-12.35,73.71,0.91,Fwd,6.38
1748747287.35,-5.35,-12.35,73.71,0.91,Fwd,6.38
1748747287.35,-5.35,-14.74,73.71,0.91,Fwd,6.38
1748747287.35,-5.35,-14.74,74.37,0.91,Fwd,6.38
1748747287.35,-5.35,-14.74,74.37,0.96,Fwd,6.38
1748747287.35,-5.35,-14.74,74.37,0.96,Fwd,6.38
1748747287.35,-5.35,-14.74,74.37,0.96,Fwd,6.38
1748747287.36,-5.35,-14.74,74.37,0.96,Fwd,6.38
1748747287.49,-5.35,-14.74,74.37,0.96,Fwd,6.38
1748747287.49,-6.71,-14.74,74.37,0.96,Fwd,6.38
1748747287.49,-6.71,-14.64,74.37,0.96,Fwd,6.38
1748747287.49,-6.71,-14.64,72.16,0.96,Fwd,6.38
1748747287.49,-6.71,-14.64,72.16,1.09,Fwd,6.38
1748747287.49,-6.71,-14.64,72.16,1.09,Fwd,6.38
1748747287.50,-6.71,-14.64,72.16,1.09,Fwd,6.38
1748747287.50,-6.71,-14.64,72.16,1.09,Fwd,6.38
1748747287.52,-6.71,-14.64,72.16,1.09,Fwd,6.38
1748747287.52,-6.21,-14.64,72.16,1.09,Fwd,6.38
1748747287.52,-6.21,-12.49,72.16,1.09,Fwd,6.38
1748747287.52,-6.21,-12.49,66.99,1.09,Fwd,6.38
1748747287.53,-6.21,-12.49,66.99,1.05,Fwd,6.38
1748747287.53,-6.21,-12.49,66.99,1.05,Fwd,6.38
1748747287.53,-6.21,-12.49,66.99,1.05,Fwd,6.38
1748747287.53,-6.21,-12.49,66.99,1.05,Fwd,6.38
1748747287.63,-6.21,-12.49,66.99,1.05,Fwd,6.38
1748747287.66,-6.76,-12.49,66.99,1.05,Fwd,6.38
1748747287.66,-6.76,-8.58,66.99,1.05,Fwd,6.38
1748747287.66,-6.76,-8.58,59.44,1.05,Fwd,6.38
1748747287.66,-6.76,-8.58,59.44,1.19,Fwd,6.38
1748747287.66,-6.76,-8.58,59.44,1.19,Fwd,6.38
1748747287.66,-6.76,-8.58,59.44,1.19,Fwd,6.38
1748747287.67,-6.76,-8.58,59.44,1.19,Fwd,6.38
1748747287.73,-6.76,-8.58,59.44,1.19,Fwd,9.45
1748747287.73,-6.62,-8.58,59.44,1.19,Fwd,9.45
1748747287.73,-6.62,-6.08,59.44,1.19,Fwd,9.45
1748747287.73,-6.62,-6.08,51.25,1.19,Fwd,9.45
1748747287.74,-6.62,-6.08,51.25,0.94,Fwd,9.45
1748747287.74,-6.62,-6.08,51.25,0.94,Fwd,9.45
1748747287.74,-6.62,-6.08,51.25,0.94,Fwd,9.45
1748747287.74,-6.62,-6.08,51.25,0.94,Fwd,9.45
1748747287.84,-6.62,-6.08,51.25,0.94,Fwd,9.45
1748747287.87,-6.18,-6.08,51.25,0.94,Fwd,9.45
1748747287.90,-6.18,-5.80,51.25,0.94,Fwd,9.45
1748747287.94,-6.18,-5.80,44.40,0.94,Fwd,9.45
1748747287.97,-6.18,-5.80,44.40,1.09,Fwd,9.45
1748747288.01,-6.18,-5.80,44.40,1.09,Fwd,9.45
1748747288.04,-6.18,-5.80,44.40,1.09,Fwd,9.45
1748747288.08,-6.18,-5.80,44.40,1.09,Fwd,9.45
1748747288.11,-6.18,-5.80,44.40,1.09,Fwd,9.45
1748747288.15,-5.68,-5.80,44.40,1.09,Fwd,9.45
1748747288.15,-5.68,-7.75,44.40,1.09,Fwd,9.45
1748747288.15,-5.68,-7.75,33.61,1.09,Fwd,9.45
1748747288.16,-5.68,-7.75,33.61,1.06,Fwd,9.45
1748747288.16,-5.68,-7.75,33.61,1.06,Fwd,9.45
1748747288.16,-5.68,-7.75,33.61,1.06,Fwd,9.45
1748747288.16,-5.68,-7.75,33.61,1.06,Fwd,9.45
1748747288.16,-5.68,-7.75,33.61,1.06,Fwd,9.45
1748747288.16,-7.07,-7.75,33.61,1.06,Fwd,9.45
1748747288.16,-7.07,-7.75,33.61,1.06,Fwd,9.45
1748747288.16,-7.07,-7.75,33.61,1.06,Fwd,9.45
1748747288.17,-7.07,-7.75,33.61,1.06,Fwd,9.45
1748747288.17,-7.07,-7.75,33.61,1.06,Fwd,9.22
1748747288.17,-11.35,-7.75,33.61,1.06,Fwd,9.22
1748747288.17,-11.35,-7.93,33.61,1.06,Fwd,9.22
1748747288.17,-11.35,-7.93,26.92,1.06,Fwd,9.22
1748747288.17,-11.35,-7.93,26.92,1.33,Fwd,9.22
1748747288.17,-11.35,-7.93,26.92,1.33,Fwd,9.22
1748747288.17,-11.35,-7.93,26.92,1.33,Fwd,9.22
1748747288.17,-11.35,-7.93,26.92,1.33,Fwd,9.22
1748747288.23,-11.35,-7.93,26.92,1.33,Fwd,9.22
1748747288.23,-16.02,-7.93,26.92,1.33,Fwd,9.22
1748747288.23,-16.02,-10.84,26.92,1.33,Fwd,9.22
1748747288.23,-16.02,-10.84,16.03,1.33,Fwd,9.22
1748747288.23,-16.02,-10.84,16.03,1.11,Fwd,9.22
1748747288.23,-16.02,-10.84,16.03,1.11,Fwd,9.22
1748747288.23,-16.02,-10.84,16.03,1.11,Fwd,9.22
1748747288.24,-16.02,-10.84,16.03,1.11,Fwd,9.22
1748747288.32,-16.02,-10.84,16.03,1.11,Fwd,15.00
1748747288.36,-24.22,-10.84,16.03,1.11,Fwd,15.00
1748747288.36,-24.22,-6.10,16.03,1.11,Fwd,15.00
1748747288.36,-24.22,-6.10,356.33,1.11,Fwd,15.00
1748747288.36,-24.22,-6.10,356.33,0.46,Fwd,15.00
1748747288.36,-24.22,-6.10,356.33,0.46,Fwd,15.00
1748747288.36,-24.22,-6.10,356.33,0.46,Fwd,15.00
1748747288.36,-24.22,-6.10,356.33,0.46,Fwd,15.00
1748747288.43,-24.22,-6.10,356.33,0.46,Fwd,15.00
1748747288.43,-32.11,-6.10,356.33,0.46,Fwd,15.00
1748747288.43,-32.11,-8.48,356.33,0.46,Fwd,15.00
1748747288.43,-32.11,-8.48,342.71,0.46,Fwd,15.00
1748747288.43,-32.11,-8.48,342.71,2.14,Fwd,15.00
1748747288.43,-32.11,-8.48,342.71,2.14,Fwd,15.00
1748747288.43,-32.11,-8.48,342.71,2.14,Fwd,15.00
1748747288.43,-32.11,-8.48,342.71,2.14,Fwd,15.00
1748747288.54,-32.11,-8.48,342.71,2.14,Fwd,15.00
1748747288.54,-28.98,-8.48,342.71,2.14,Fwd,15.00
1748747288.54,-28.98,-10.37,342.71,2.14,Fwd,15.00
1748747288.54,-28.98,-10.37,327.24,2.14,Fwd,15.00
1748747288.54,-28.98,-10.37,327.24,0.41,Fwd,15.00
1748747288.54,-28.98,-10.37,327.24,0.41,Fwd,15.00
1748747288.54,-28.98,-10.37,327.24,0.41,Fwd,15.00
1748747288.54,-28.98,-10.37,327.24,0.41,Fwd,15.00
1748747288.64,-28.98,-10.37,327.24,0.41,Fwd,15.00
1748747288.64,-20.28,-10.37,327.24,0.41,Fwd,15.00
1748747288.64,-20.28,-7.31,327.24,0.41,Fwd,15.00
1748747288.67,-20.28,-7.31,313.52,0.41,Fwd,15.00
1748747288.71,-20.28,-7.31,313.52,-1.31,Fwd,15.00
1748747288.74,-20.28,-7.31,313.52,-1.31,Fwd,15.00
1748747288.74,-20.28,-7.31,313.52,-1.31,Fwd,15.00
1748747288.74,-20.28,-7.31,313.52,-1.31,Fwd,15.00
1748747288.75,-20.28,-7.31,313.52,-1.31,Fwd,15.00
1748747288.75,-17.25,-7.31,313.52,-1.31,Fwd,15.00
1748747288.75,-17.25,-5.78,313.52,-1.31,Fwd,15.00
1748747288.75,-17.25,-5.78,303.13,-1.31,Fwd,15.00
1748747288.75,-17.25,-5.78,303.13,-1.31,Fwd,15.00
1748747288.75,-17.25,-5.78,303.13,-1.31,Fwd,15.00
1748747288.75,-17.25,-5.78,303.13,-1.31,Fwd,15.00
1748747288.75,-17.25,-5.78,303.13,-1.31,Fwd,15.00
1748747288.85,-17.25,-5.78,303.13,-1.31,Fwd,7.45
1748747288.88,-19.48,-5.78,303.13,-1.31,Fwd,7.45
1748747288.92,-19.48,-9.84,303.13,-1.31,Fwd,7.45
1748747288.92,-19.48,-9.84,303.47,-1.31,Fwd,7.45
1748747288.92,-19.48,-9.84,303.47,1.17,Fwd,7.45
1748747288.92,-19.48,-9.84,303.47,1.17,Fwd,7.45
1748747288.92,-19.48,-9.84,303.47,1.17,Fwd,7.45
1748747288.92,-19.48,-9.84,303.47,1.17,Fwd,7.45
1748747288.92,-19.48,-9.84,303.47,1.17,Fwd,7.45
1748747288.92,-19.48,-9.84,303.47,1.17,Fwd,7.45
1748747288.92,-18.87,-9.84,303.47,1.17,Fwd,7.45
1748747288.93,-18.87,-8.46,303.47,1.17,Fwd,7.45
1748747288.95,-18.87,-8.46,307.98,1.17,Fwd,7.45
1748747288.95,-18.87,-8.46,307.98,0.31,Fwd,7.45
1748747288.96,-18.87,-8.46,307.98,0.31,Fwd,7.45
1748747288.96,-18.87,-8.46,307.98,0.31,Fwd,7.45
1748747288.96,-18.87,-8.46,307.98,0.31,Fwd,7.45
1748747289.02,-18.87,-8.46,307.98,0.31,Fwd,7.45
1748747289.03,-17.47,-8.46,307.98,0.31,Fwd,7.45
1748747289.03,-17.47,-5.67,307.98,0.31,Fwd,7.45
1748747289.03,-17.47,-5.67,317.71,0.31,Fwd,7.45
1748747289.03,-17.47,-5.67,317.71,0.91,Fwd,7.45
1748747289.03,-17.47,-5.67,317.71,0.91,Fwd,7.45
1748747289.03,-17.47,-5.67,317.71,0.91,Fwd,7.45
1748747289.03,-17.47,-5.67,317.71,0.91,Fwd,7.45
1748747289.14,-17.47,-5.67,317.71,0.91,Fwd,7.45
1748747289.14,-16.26,-5.67,317.71,0.91,Fwd,7.45
1748747289.14,-16.26,-4.44,317.71,0.91,Fwd,7.45
1748747289.14,-16.26,-4.44,329.72,0.91,Fwd,7.45
1748747289.14,-16.26,-4.44,329.72,1.07,Fwd,7.45
1748747289.14,-16.26,-4.44,329.72,1.07,Fwd,7.45
1748747289.14,-16.26,-4.44,329.72,1.07,Fwd,7.45
1748747289.14,-16.26,-4.44,329.72,1.07,Fwd,7.45
1748747289.24,-16.26,-4.44,329.72,1.07,Fwd,7.45
1748747289.24,-14.60,-4.44,329.72,1.07,Fwd,7.45
1748747289.24,-14.60,-5.03,329.72,1.07,Fwd,7.45
1748747289.24,-14.60,-5.03,341.47,1.07,Fwd,7.45
1748747289.25,-14.60,-5.03,341.47,0.84,Fwd,7.45
1748747289.25,-14.60,-5.03,341.47,0.84,Fwd,7.45
1748747289.25,-14.60,-5.03,341.47,0.84,Fwd,7.45
1748747289.25,-14.60,-5.03,341.47,0.84,Fwd,7.45
1748747289.34,-14.60,-5.03,341.47,0.84,Fwd,8.49
1748747289.34,-13.44,-5.03,341.47,0.84,Fwd,8.49
1748747289.35,-13.44,-6.41,341.47,0.84,Fwd,8.49
1748747289.38,-13.44,-6.41,352.67,0.84,Fwd,8.49
1748747289.38,-13.44,-6.41,352.67,0.72,Fwd,8.49
1748747289.38,-13.44,-6.41,352.67,0.72,Fwd,8.49
1748747289.38,-13.44,-6.41,352.67,0.72,Fwd,8.49
1748747289.38,-13.44,-6.41,352.67,0.72,Fwd,8.49
1748747289.45,-13.44,-6.41,352.67,0.72,Fwd,8.49
1748747289.45,-11.57,-6.41,352.67,0.72,Fwd,8.49
1748747289.45,-11.57,-7.56,352.67,0.72,Fwd,8.49
1748747289.46,-11.57,-7.56,359.60,0.72,Fwd,8.49
1748747289.46,-11.57,-7.56,359.60,0.93,Fwd,8.49
1748747289.46,-11.57,-7.56,359.60,0.93,Fwd,8.49
1748747289.46,-11.57,-7.56,359.60,0.93,Fwd,8.49
1748747289.46,-11.57,-7.56,359.60,0.93,Fwd,8.49
1748747289.55,-11.57,-7.56,359.60,0.93,Fwd,8.49
1748747289.55,-10.38,-7.56,359.60,0.93,Fwd,8.49
1748747289.55,-10.38,-8.64,359.60,0.93,Fwd,8.49
1748747289.55,-10.38,-8.64,2.28,0.93,Fwd,8.49
1748747289.55,-10.38,-8.64,2.28,1.21,Fwd,8.49
1748747289.56,-10.38,-8.64,2.28,1.21,Fwd,8.49
1748747289.56,-10.38,-8.64,2.28,1.21,Fwd,8.49
1748747289.56,-10.38,-8.64,2.28,1.21,Fwd,8.49
1748747289.62,-10.38,-8.64,2.28,1.21,Fwd,8.49
1748747289.62,-9.14,-8.64,2.28,1.21,Fwd,8.49
1748747289.62,-9.14,-9.18,2.28,1.21,Fwd,8.49
1748747289.63,-9.14,-9.18,2.25,1.21,Fwd,8.49
1748747289.63,-9.14,-9.18,2.25,0.96,Fwd,8.49
1748747289.63,-9.14,-9.18,2.25,0.96,Fwd,8.49
1748747289.63,-9.14,-9.18,2.25,0.96,Fwd,8.49
1748747289.63,-9.14,-9.18,2.25,0.96,Fwd,8.49
1748747289.73,-9.14,-9.18,2.25,0.96,Fwd,8.49
1748747289.73,-8.33,-9.18,2.25,0.96,Fwd,8.49
1748747289.73,-8.33,-9.33,2.25,0.96,Fwd,8.49
1748747289.73,-8.33,-9.33,0.10,0.96,Fwd,8.49
1748747289.73,-8.33,-9.33,0.10,0.94,Fwd,8.49
1748747289.73,-8.33,-9.33,0.10,0.94,Fwd,8.49
1748747289.73,-8.33,-9.33,0.10,0.94,Fwd,8.49
1748747289.73,-8.33,-9.33,0.10,0.94,Fwd,8.49
1748747289.83,-8.33,-9.33,0.10,0.94,Fwd,7.05
1748747289.83,-6.62,-9.33,0.10,0.94,Fwd,7.05
1748747289.83,-6.62,-10.03,0.10,0.94,Fwd,7.05
1748747289.83,-6.62,-10.03,356.15,0.94,Fwd,7.05
1748747289.83,-6.62,-10.03,356.15,0.71,Fwd,7.05
1748747289.83,-6.62,-10.03,356.15,0.71,Fwd,7.05
1748747289.83,-6.62,-10.03,356.15,0.71,Fwd,7.05
1748747289.83,-6.62,-10.03,356.15,0.71,Fwd,7.05
1748747289.93,-6.62,-10.03,356.15,0.71,Fwd,7.05
1748747289.93,-5.99,-10.03,356.15,0.71,Fwd,7.05
1748747289.93,-5.99,-10.05,356.15,0.71,Fwd,7.05
1748747289.93,-5.99,-10.05,351.33,0.71,Fwd,7.05
1748747289.94,-5.99,-10.05,351.33,0.93,Fwd,7.05
1748747289.94,-5.99,-10.05,351.33,0.93,Fwd,7.05
1748747289.94,-5.99,-10.05,351.33,0.93,Fwd,7.05
1748747289.94,-5.99,-10.05,351.33,0.93,Fwd,7.05
1748747290.04,-5.99,-10.05,351.33,0.93,Fwd,7.05
1748747290.04,-6.71,-10.05,351.33,0.93,Fwd,7.05
1748747290.04,-6.71,-8.83,351.33,0.93,Fwd,7.05
1748747290.04,-6.71,-8.83,344.64,0.93,Fwd,7.05
1748747290.04,-6.71,-8.83,344.64,1.02,Fwd,7.05
1748747290.04,-6.71,-8.83,344.64,1.02,Fwd,7.05
1748747290.04,-6.71,-8.83,344.64,1.02,Fwd,7.05
1748747290.04,-6.71,-8.83,344.64,1.02,Fwd,7.05
1748747290.18,-6.71,-8.83,344.64,1.02,Fwd,7.05
1748747290.18,-6.98,-8.83,344.64,1.02,Fwd,7.05
1748747290.18,-6.98,-6.95,344.64,1.02,Fwd,7.05
1748747290.18,-6.98,-6.95,335.76,1.02,Fwd,7.05
1748747290.18,-6.98,-6.95,335.76,1.05,Fwd,7.05
1748747290.18,-6.98,-6.95,335.76,1.05,Fwd,7.05
1748747290.18,-6.98,-6.95,335.76,1.05,Fwd,7.05
1748747290.18,-6.98,-6.95,335.76,1.05,Fwd,7.05
1748747290.25,-6.98,-6.95,335.76,1.05,Fwd,7.05
1748747290.25,-6.39,-6.95,335.76,1.05,Fwd,7.05
1748747290.25,-6.39,-5.21,335.76,1.05,Fwd,7.05
1748747290.25,-6.39,-5.21,326.44,1.05,Fwd,7.05
1748747290.25,-6.39,-5.21,326.44,1.01,Fwd,7.05
1748747290.25,-6.39,-5.21,326.44,1.01,Fwd,7.05
1748747290.25,-6.39,-5.21,326.44,1.01,Fwd,7.05
1748747290.25,-6.39,-5.21,326.44,1.01,Fwd,7.05
1748747290.32,-6.39,-5.21,326.44,1.01,Fwd,7.05
1748747290.32,-5.78,-5.21,326.44,1.01,Fwd,7.05
1748747290.32,-5.78,-3.95,326.44,1.01,Fwd,7.05
1748747290.32,-5.78,-3.95,317.95,1.01,Fwd,7.05
1748747290.32,-5.78,-3.95,317.95,1.15,Fwd,7.05
1748747290.32,-5.78,-3.95,317.95,1.15,Fwd,7.05
1748747290.32,-5.78,-3.95,317.95,1.15,Fwd,7.05
1748747290.32,-5.78,-3.95,317.95,1.15,Fwd,7.05
1748747290.42,-5.78,-3.95,317.95,1.15,Fwd,6.33
1748747290.43,-5.17,-3.95,317.95,1.15,Fwd,6.33
1748747290.43,-5.17,-2.74,317.95,1.15,Fwd,6.33
1748747290.43,-5.17,-2.74,310.39,1.15,Fwd,6.33
1748747290.43,-5.17,-2.74,310.39,0.88,Fwd,6.33
1748747290.43,-5.17,-2.74,310.39,0.88,Fwd,6.33
1748747290.43,-5.17,-2.74,310.39,0.88,Fwd,6.33
1748747290.43,-5.17,-2.74,310.39,0.88,Fwd,6.33
1748747290.53,-5.17,-2.74,310.39,0.88,Fwd,6.33
1748747290.57,-4.82,-2.74,310.39,0.88,Fwd,6.33
1748747290.57,-4.82,-0.34,310.39,0.88,Fwd,6.33
1748747290.57,-4.82,-0.34,303.01,0.88,Fwd,6.33
1748747290.57,-4.82,-0.34,303.01,0.92,Fwd,6.33
1748747290.57,-4.82,-0.34,303.01,0.92,Fwd,6.33
1748747290.57,-4.82,-0.34,303.01,0.92,Fwd,6.33
1748747290.57,-4.82,-0.34,303.01,0.92,Fwd,6.33
1748747290.63,-4.82,-0.34,303.01,0.92,Fwd,6.33
1748747290.64,-4.59,-0.34,303.01,0.92,Fwd,6.33
1748747290.64,-4.59,1.48,303.01,0.92,Fwd,6.33
1748747290.64,-4.59,1.48,296.48,0.92,Fwd,6.33
1748747290.64,-4.59,1.48,296.48,1.06,Fwd,6.33
1748747290.64,-4.59,1.48,296.48,1.06,Fwd,6.33
1748747290.64,-4.59,1.48,296.48,1.06,Fwd,6.33
1748747290.64,-4.59,1.48,296.48,1.06,Fwd,6.33
1748747290.74,-4.59,1.48,296.48,1.06,Fwd,6.33
1748747290.74,-4.35,1.48,296.48,1.06,Fwd,6.33
1748747290.74,-4.35,3.19,296.48,1.06,Fwd,6.33
1748747290.74,-4.35,3.19,291.04,1.06,Fwd,6.33
1748747290.74,-4.35,3.19,291.04,1.10,Fwd,6.33
1748747290.74,-4.35,3.19,291.04,1.10,Fwd,6.33
1748747290.74,-4.35,3.19,291.04,1.10,Fwd,6.33
1748747290.74,-4.35,3.19,291.04,1.10,Fwd,6.33
1748747290.84,-4.35,3.19,291.04,1.10,Fwd,6.33
1748747290.84,-4.36,3.19,291.04,1.10,Fwd,6.33
1748747290.85,-4.36,4.30,291.04,1.10,Fwd,6.33
1748747290.85,-4.36,4.30,286.30,1.10,Fwd,6.33
1748747290.85,-4.36,4.30,286.30,1.03,Fwd,6.33
1748747290.85,-4.36,4.30,286.30,1.03,Fwd,6.33
1748747290.85,-4.36,4.30,286.30,1.03,Fwd,6.33
1748747290.85,-4.36,4.30,286.30,1.03,Fwd,6.33
1748747290.95,-4.36,4.30,286.30,1.03,Fwd,6.33
1748747290.95,-4.38,4.30,286.30,1.03,Fwd,6.33
1748747290.95,-4.38,5.51,286.30,1.03,Fwd,6.33
1748747290.98,-4.38,5.51,282.54,1.03,Fwd,6.33
1748747291.02,-4.38,5.51,282.54,0.98,Fwd,6.33
1748747291.02,-4.38,5.51,282.54,0.98,Fwd,6.33
1748747291.02,-4.38,5.51,282.54,0.98,Fwd,6.33
1748747291.02,-4.38,5.51,282.54,0.98,Fwd,6.33
1748747291.02,-4.38,5.51,282.54,0.98,Fwd,6.33
1748747291.02,-4.25,5.51,282.54,0.98,Fwd,6.33
1748747291.02,-4.25,5.92,282.54,0.98,Fwd,6.33
1748747291.03,-4.25,5.92,279.74,0.98,Fwd,6.33
1748747291.03,-4.25,5.92,279.74,0.85,Fwd,6.33
1748747291.03,-4.25,5.92,279.74,0.85,Fwd,6.33
1748747291.05,-4.25,5.92,279.74,0.85,Fwd,6.33
1748747291.05,-4.25,5.92,279.74,0.85,Fwd,6.33
1748747291.12,-4.25,5.92,279.74,0.85,Fwd,5.08
1748747291.16,-4.03,5.92,279.74,0.85,Fwd,5.08
1748747291.16,-4.03,5.52,279.74,0.85,Fwd,5.08
1748747291.16,-4.03,5.52,277.93,0.85,Fwd,5.08
1748747291.17,-4.03,5.52,277.93,1.15,Fwd,5.08
1748747291.17,-4.03,5.52,277.93,1.15,Fwd,5.08
1748747291.17,-4.03,5.52,277.93,1.15,Fwd,5.08
1748747291.17,-4.03,5.52,277.93,1.15,Fwd,5.08
1748747291.23,-4.03,5.52,277.93,1.15,Fwd,5.08
1748747291.23,-3.53,5.52,277.93,1.15,Fwd,5.08
1748747291.23,-3.53,4.59,277.93,1.15,Fwd,5.08
1748747291.23,-3.53,4.59,276.96,1.15,Fwd,5.08
1748747291.23,-3.53,4.59,276.96,0.90,Fwd,5.08
1748747291.23,-3.53,4.59,276.96,0.90,Fwd,5.08
1748747291.26,-3.53,4.59,276.96,0.90,Fwd,5.08
1748747291.26,-3.53,4.59,276.96,0.90,Fwd,5.08
1748747291.34,-3.53,4.59,276.96,0.90,Fwd,5.08
1748747291.34,-3.30,4.59,276.96,0.90,Fwd,5.08
1748747291.34,-3.30,3.56,276.96,0.90,Fwd,5.08
1748747291.34,-3.30,3.56,276.54,0.90,Fwd,5.08
1748747291.34,-3.30,3.56,276.54,0.88,Fwd,5.08
1748747291.34,-3.30,3.56,276.54,0.88,Fwd,5.08
1748747291.34,-3.30,3.56,276.54,0.88,Fwd,5.08
1748747291.34,-3.30,3.56,276.54,0.88,Fwd,5.08
1748747291.45,-3.30,3.56,276.54,0.88,Fwd,5.08
1748747291.45,-3.00,3.56,276.54,0.88,Fwd,5.08
1748747291.45,-3.00,3.24,276.54,0.88,Fwd,5.08
1748747291.45,-3.00,3.24,276.46,0.88,Fwd,5.08
1748747291.45,-3.00,3.24,276.46,0.96,Fwd,5.08
1748747291.45,-3.00,3.24,276.46,0.96,Fwd,5.08
1748747291.46,-3.00,3.24,276.46,0.96,Fwd,5.08
1748747291.46,-3.00,3.24,276.46,0.96,Fwd,5.08
1748747291.55,-3.00,3.24,276.46,0.96,Fwd,5.08
1748747291.58,-2.54,3.24,276.46,0.96,Fwd,5.08
1748747291.58,-2.54,3.18,276.46,0.96,Fwd,5.08
1748747291.59,-2.54,3.18,276.67,0.96,Fwd,5.08
1748747291.59,-2.54,3.18,276.67,0.95,Fwd,5.08
1748747291.59,-2.54,3.18,276.67,0.95,Fwd,5.08
1748747291.59,-2.54,3.18,276.67,0.95,Fwd,5.08
1748747291.59,-2.54,3.18,276.67,0.95,Fwd,5.08
1748747291.65,-2.54,3.18,276.67,0.95,Fwd,5.08
1748747291.65,-2.03,3.18,276.67,0.95,Fwd,5.08
1748747291.65,-2.03,2.89,276.67,0.95,Fwd,5.08
1748747291.66,-2.03,2.89,276.95,0.95,Fwd,5.08
1748747291.66,-2.03,2.89,276.95,1.04,Fwd,5.08
1748747291.66,-2.03,2.89,276.95,1.04,Fwd,5.08
1748747291.66,-2.03,2.89,276.95,1.04,Fwd,5.08
1748747291.66,-2.03,2.89,276.95,1.04,Fwd,5.08
1748747291.76,-2.03,2.89,276.95,1.04,Fwd,5.08
1748747291.79,-1.69,2.89,276.95,1.04,Fwd,5.08
1748747291.79,-1.69,2.82,276.95,1.04,Fwd,5.08
1748747291.80,-1.69,2.82,276.81,1.04,Fwd,5.08
1748747291.80,-1.69,2.82,276.81,0.82,Fwd,5.08
1748747291.80,-1.69,2.82,276.81,0.82,Fwd,5.08
1748747291.80,-1.69,2.82,276.81,0.82,Fwd,5.08
1748747291.80,-1.69,2.82,276.81,0.82,Fwd,5.08
1748747291.83,-1.69,2.82,276.81,0.82,Fwd,5.08
1748747291.83,-1.63,2.82,276.81,0.82,Fwd,5.08
1748747291.83,-1.63,3.79,276.81,0.82,Fwd,5.08
1748747291.83,-1.63,3.79,275.93,0.82,Fwd,5.08
1748747291.83,-1.63,3.79,275.93,0.94,Fwd,5.08
1748747291.83,-1.63,3.79,275.93,0.94,Fwd,5.08
1748747291.83,-1.63,3.79,275.93,0.94,Fwd,5.08
1748747291.83,-1.63,3.79,275.93,0.94,Fwd,5.08
1748747291.93,-1.63,3.79,275.93,0.94,Fwd,4.55
1748747291.94,-1.49,3.79,275.93,0.94,Fwd,4.55
1748747291.94,-1.49,4.60,275.93,0.94,Fwd,4.55
1748747291.94,-1.49,4.60,274.64,0.94,Fwd,4.55
1748747291.94,-1.49,4.60,274.64,0.94,Fwd,4.55
1748747291.94,-1.49,4.60,274.64,0.94,Fwd,4.55
1748747291.94,-1.49,4.60,274.64,0.94,Fwd,4.55
1748747291.94,-1.49,4.60,274.64,0.94,Fwd,4.55
1748747292.04,-1.49,4.60,274.64,0.94,Fwd,4.55
1748747292.04,-1.27,4.60,274.64,0.94,Fwd,4.55
1748747292.04,-1.27,4.65,274.64,0.94,Fwd,4.55
1748747292.11,-1.27,4.65,273.54,0.94,Fwd,4.55
1748747292.11,-1.27,4.65,273.54,1.01,Fwd,4.55
1748747292.11,-1.27,4.65,273.54,1.01,Fwd,4.55
1748747292.11,-1.27,4.65,273.54,1.01,Fwd,4.55
1748747292.11,-1.27,4.65,273.54,1.01,Fwd,4.55
1748747292.14,-1.27,4.65,273.54,1.01,Fwd,4.55
1748747292.14,-1.31,4.65,273.54,1.01,Fwd,4.55
1748747292.14,-1.31,4.35,273.54,1.01,Fwd,4.55
1748747292.14,-1.31,4.35,272.79,1.01,Fwd,4.55
1748747292.14,-1.31,4.35,272.79,0.89,Fwd,4.55
1748747292.15,-1.31,4.35,272.79,0.89,Fwd,4.55
1748747292.15,-1.31,4.35,272.79,0.89,Fwd,4.55
1748747292.15,-1.31,4.35,272.79,0.89,Fwd,4.55
1748747292.26,-1.31,4.35,272.79,0.89,Fwd,4.55
1748747292.26,-1.35,4.35,272.79,0.89,Fwd,4.55
1748747292.26,-1.35,4.25,272.79,0.89,Fwd,4.55
1748747292.26,-1.35,4.25,272.28,0.89,Fwd,4.55
1748747292.26,-1.35,4.25,272.28,0.96,Fwd,4.55
1748747292.26,-1.35,4.25,272.28,0.96,Fwd,4.55
1748747292.26,-1.35,4.25,272.28,0.96,Fwd,4.55
1748747292.26,-1.35,4.25,272.28,0.96,Fwd,4.55
1748747292.35,-1.35,4.25,272.28,0.96,Fwd,4.55
1748747292.35,-1.23,4.25,272.28,0.96,Fwd,4.55
1748747292.36,-1.23,3.96,272.28,0.96,Fwd,4.55
1748747292.36,-1.23,3.96,272.03,0.96,Fwd,4.55
1748747292.36,-1.23,3.96,272.03,1.06,Fwd,4.55
1748747292.36,-1.23,3.96,272.03,1.06,Fwd,4.55
1748747292.36,-1.23,3.96,272.03,1.06,Fwd,4.55
1748747292.36,-1.23,3.96,272.03,1.06,Fwd,4.55
1748747292.42,-1.23,3.96,272.03,1.06,Fwd,4.55
1748747292.45,-1.06,3.96,272.03,1.06,Fwd,4.55
1748747292.46,-1.06,3.69,272.03,1.06,Fwd,4.55
1748747292.46,-1.06,3.69,272.15,1.06,Fwd,4.55
1748747292.46,-1.06,3.69,272.15,0.94,Fwd,4.55
1748747292.46,-1.06,3.69,272.15,0.94,Fwd,4.55
1748747292.46,-1.06,3.69,272.15,0.94,Fwd,4.55
1748747292.46,-1.06,3.69,272.15,0.94,Fwd,4.55
1748747292.53,-1.06,3.69,272.15,0.94,Fwd,4.55
1748747292.53,-1.23,3.69,272.15,0.94,Fwd,4.55
1748747292.53,-1.23,3.27,272.15,0.94,Fwd,4.55
1748747292.53,-1.23,3.27,272.60,0.94,Fwd,4.55
1748747292.53,-1.23,3.27,272.60,1.04,Fwd,4.55
1748747292.53,-1.23,3.27,272.60,1.04,Fwd,4.55
1748747292.53,-1.23,3.27,272.60,1.04,Fwd,4.55
1748747292.53,-1.23,3.27,272.60,1.04,Fwd,4.55
1748747292.67,-1.23,3.27,272.60,1.04,Fwd,4.55
1748747292.70,-1.43,3.27,272.60,1.04,Fwd,4.55
1748747292.74,-1.43,2.94,272.60,1.04,Fwd,4.55
1748747292.77,-1.43,2.94,273.43,1.04,Fwd,4.55
1748747292.77,-1.43,2.94,273.43,0.95,Fwd,4.55
1748747292.77,-1.43,2.94,273.43,0.95,Fwd,4.55
1748747292.78,-1.43,2.94,273.43,0.95,Fwd,4.55
1748747292.78,-1.43,2.94,273.43,0.95,Fwd,4.55
1748747292.78,-1.43,2.94,273.43,0.95,Fwd,4.55
1748747292.78,-1.24,2.94,273.43,0.95,Fwd,4.55
1748747292.78,-1.24,2.49,273.43,0.95,Fwd,4.55
1748747292.78,-1.24,2.49,274.44,0.95,Fwd,4.55
1748747292.78,-1.24,2.49,274.44,0.95,Fwd,4.55
1748747292.78,-1.24,2.49,274.44,0.95,Fwd,4.55
1748747292.84,-1.24,2.49,274.44,0.95,Fwd,4.58
1748747292.84,-0.94,2.49,274.44,0.95,Fwd,4.58
1748747292.85,-0.94,2.23,274.44,0.95,Fwd,4.58
1748747292.91,-0.94,2.23,275.25,0.95,Fwd,4.58
1748747292.92,-0.94,2.23,275.25,0.91,Fwd,4.58
1748747292.92,-0.94,2.23,275.25,0.91,Fwd,4.58
1748747292.94,-0.94,2.23,275.25,0.91,Fwd,4.58
1748747292.95,-0.94,2.23,275.25,0.91,Fwd,4.58
1748747292.95,-0.94,2.23,275.25,0.91,Fwd,4.58
1748747292.95,-0.69,2.23,275.25,0.91,Fwd,4.58
1748747292.95,-0.69,2.16,275.25,0.91,Fwd,4.58
1748747292.95,-0.69,2.16,275.86,0.91,Fwd,4.58
1748747292.95,-0.69,2.16,275.86,1.03,Fwd,4.58
1748747292.95,-0.69,2.16,275.86,1.03,Fwd,4.58
1748747292.95,-0.69,2.16,275.86,1.03,Fwd,4.58
1748747292.95,-0.69,2.16,275.86,1.03,Fwd,4.58
1748747293.05,-0.69,2.16,275.86,1.03,Fwd,4.58
1748747293.05,-0.67,2.16,275.86,1.03,Fwd,4.58
1748747293.06,-0.67,2.00,275.86,1.03,Fwd,4.58
1748747293.08,-0.67,2.00,276.39,1.03,Fwd,4.58
1748747293.12,-0.67,2.00,276.39,1.04,Fwd,4.58
1748747293.12,-0.67,2.00,276.39,1.04,Fwd,4.58
1748747293.12,-0.67,2.00,276.39,1.04,Fwd,4.58
1748747293.13,-0.67,2.00,276.39,1.04,Fwd,4.58
1748747293.13,-0.67,2.00,276.39,1.04,Fwd,4.58
1748747293.13,-0.57,2.00,276.39,1.04,Fwd,4.58
1748747293.13,-0.57,1.80,276.39,1.04,Fwd,4.58
1748747293.13,-0.57,1.80,276.98,1.04,Fwd,4.58
1748747293.13,-0.57,1.80,276.98,0.96,Fwd,4.58
1748747293.15,-0.57,1.80,276.98,0.96,Fwd,4.58
1748747293.15,-0.57,1.80,276.98,0.96,Fwd,4.58
1748747293.26,-0.57,1.80,276.98,0.96,Fwd,4.58
1748747293.30,-0.39,1.80,276.98,0.96,Fwd,4.58
1748747293.30,-0.39,1.77,276.98,0.96,Fwd,4.58
1748747293.30,-0.39,1.77,277.69,0.96,Fwd,4.58
1748747293.30,-0.39,1.77,277.69,0.96,Fwd,4.58
1748747293.30,-0.39,1.77,277.69,0.96,Fwd,4.58
1748747293.30,-0.39,1.77,277.69,0.96,Fwd,4.58
1748747293.30,-0.39,1.77,277.69,0.96,Fwd,4.58
1748747293.33,-0.39,1.77,277.69,0.96,Fwd,4.58
1748747293.33,-0.10,1.77,277.69,0.96,Fwd,4.58
1748747293.33,-0.10,1.54,277.69,0.96,Fwd,4.58
1748747293.33,-0.10,1.54,278.43,0.96,Fwd,4.58
1748747293.33,-0.10,1.54,278.43,1.05,Fwd,4.58
1748747293.34,-0.10,1.54,278.43,1.05,Fwd,4.58
1748747293.34,-0.10,1.54,278.43,1.05,Fwd,4.58
1748747293.34,-0.10,1.54,278.43,1.05,Fwd,4.58
1748747293.44,-0.10,1.54,278.43,1.05,Fwd,4.58
1748747293.44,0.16,1.54,278.43,1.05,Fwd,4.58
1748747293.44,0.16,1.25,278.43,1.05,Fwd,4.58
1748747293.44,0.16,1.25,279.06,1.05,Fwd,4.58
1748747293.44,0.16,1.25,279.06,0.93,Fwd,4.58
1748747293.44,0.16,1.25,279.06,0.93,Fwd,4.58
1748747293.44,0.16,1.25,279.06,0.93,Fwd,4.58
1748747293.44,0.16,1.25,279.06,0.93,Fwd,4.58
1748747293.54,0.16,1.25,279.06,0.93,Fwd,4.58
1748747293.54,0.14,1.25,279.06,0.93,Fwd,4.58
1748747293.54,0.14,1.17,279.06,0.93,Fwd,4.58
1748747293.54,0.14,1.17,279.59,0.93,Fwd,4.58
1748747293.55,0.14,1.17,279.59,1.01,Fwd,4.58
1748747293.55,0.14,1.17,279.59,1.01,Fwd,4.58
1748747293.57,0.14,1.17,279.59,1.01,Fwd,4.58
1748747293.61,0.14,1.17,279.59,1.01,Fwd,4.58
1748747293.65,0.14,1.17,279.59,1.01,Fwd,4.67
1748747293.65,0.12,1.17,279.59,1.01,Fwd,4.67
1748747293.65,0.12,1.00,279.59,1.01,Fwd,4.67
1748747293.65,0.12,1.00,280.09,1.01,Fwd,4.67
1748747293.65,0.12,1.00,280.09,1.03,Fwd,4.67
1748747293.65,0.12,1.00,280.09,1.03,Fwd,4.67
1748747293.66,0.12,1.00,280.09,1.03,Fwd,4.67
1748747293.66,0.12,1.00,280.09,1.03,Fwd,4.67
1748747293.75,0.12,1.00,280.09,1.03,Fwd,4.67
1748747293.79,-0.01,1.00,280.09,1.03,Fwd,4.67
1748747293.79,-0.01,0.78,280.09,1.03,Fwd,4.67
1748747293.79,-0.01,0.78,280.59,1.03,Fwd,4.67
1748747293.79,-0.01,0.78,280.59,1.04,Fwd,4.67
1748747293.79,-0.01,0.78,280.59,1.04,Fwd,4.67
1748747293.80,-0.01,0.78,280.59,1.04,Fwd,4.67
1748747293.80,-0.01,0.78,280.59,1.04,Fwd,4.67
1748747293.82,-0.01,0.78,280.59,1.04,Fwd,4.67
1748747293.82,0.06,0.78,280.59,1.04,Fwd,4.67
1748747293.82,0.06,0.55,280.59,1.04,Fwd,4.67
1748747293.82,0.06,0.55,280.90,1.04,Fwd,4.67
1748747293.82,0.06,0.55,280.90,0.86,Fwd,4.67
1748747293.82,0.06,0.55,280.90,0.86,Fwd,4.67
1748747293.83,0.06,0.55,280.90,0.86,Fwd,4.67
1748747293.83,0.06,0.55,280.90,0.86,Fwd,4.67
1748747293.93,0.06,0.55,280.90,0.86,Fwd,4.67
1748747293.93,0.15,0.55,280.90,0.86,Fwd,4.67
1748747293.93,0.15,0.68,280.90,0.86,Fwd,4.67
1748747293.93,0.15,0.68,280.97,0.86,Fwd,4.67
1748747293.93,0.15,0.68,280.97,0.90,Fwd,4.67
1748747293.93,0.15,0.68,280.97,0.90,Fwd,4.67
1748747293.93,0.15,0.68,280.97,0.90,Fwd,4.67
1748747293.93,0.15,0.68,280.97,0.90,Fwd,4.67
1748747294.03,0.15,0.68,280.97,0.90,Fwd,4.67
1748747294.03,0.05,0.68,280.97,0.90,Fwd,4.67
1748747294.04,0.05,0.85,280.97,0.90,Fwd,4.67
1748747294.04,0.05,0.85,280.87,0.90,Fwd,4.67
1748747294.04,0.05,0.85,280.87,1.12,Fwd,4.67
1748747294.05,0.05,0.85,280.87,1.12,Fwd,4.67
1748747294.05,0.05,0.85,280.87,1.12,Fwd,4.67
1748747294.05,0.05,0.85,280.87,1.12,Fwd,4.67
1748747294.14,0.05,0.85,280.87,1.12,Fwd,4.67
1748747294.14,-0.10,0.85,280.87,1.12,Fwd,4.67
1748747294.14,-0.10,1.00,280.87,1.12,Fwd,4.67
1748747294.14,-0.10,1.00,280.61,1.12,Fwd,4.67
1748747294.14,-0.10,1.00,280.61,1.08,Fwd,4.67
1748747294.14,-0.10,1.00,280.61,1.08,Fwd,4.67
1748747294.14,-0.10,1.00,280.61,1.08,Fwd,4.67
1748747294.14,-0.10,1.00,280.61,1.08,Fwd,4.67
1748747294.24,-0.10,1.00,280.61,1.08,Fwd,4.67
1748747294.25,-0.10,1.00,280.61,1.08,Fwd,4.67
1748747294.25,-0.10,1.11,280.61,1.08,Fwd,4.67
1748747294.25,-0.10,1.11,280.23,1.08,Fwd,4.67
1748747294.25,-0.10,1.11,280.23,0.87,Fwd,4.67
1748747294.25,-0.10,1.11,280.23,0.87,Fwd,4.67
1748747294.25,-0.10,1.11,280.23,0.87,Fwd,4.67
1748747294.25,-0.10,1.11,280.23,0.87,Fwd,4.67
1748747294.35,-0.10,1.11,280.23,0.87,Fwd,4.67
1748747294.35,-0.17,1.11,280.23,0.87,Fwd,4.67
1748747294.35,-0.17,1.32,280.23,0.87,Fwd,4.67
1748747294.35,-0.17,1.32,279.76,0.87,Fwd,4.67
1748747294.35,-0.17,1.32,279.76,0.85,Fwd,4.67
1748747294.35,-0.17,1.32,279.76,0.85,Fwd,4.67
1748747294.35,-0.17,1.32,279.76,0.85,Fwd,4.67
1748747294.35,-0.17,1.32,279.76,0.85,Fwd,4.67
1748747294.45,-0.17,1.32,279.76,0.85,Fwd,4.61
1748747294.45,-0.24,1.32,279.76,0.85,Fwd,4.61
1748747294.45,-0.24,1.37,279.76,0.85,Fwd,4.61
1748747294.46,-0.24,1.37,279.30,0.85,Fwd,4.61
1748747294.46,-0.24,1.37,279.30,1.06,Fwd,4.61
1748747294.46,-0.24,1.37,279.30,1.06,Fwd,4.61
1748747294.46,-0.24,1.37,279.30,1.06,Fwd,4.61
1748747294.46,-0.24,1.37,279.30,1.06,Fwd,4.61
1748747294.52,-0.24,1.37,279.30,1.06,Fwd,4.61
1748747294.52,-0.34,1.37,279.30,1.06,Fwd,4.61
1748747294.52,-0.34,1.38,279.30,1.06,Fwd,4.61
1748747294.53,-0.34,1.38,278.89,1.06,Fwd,4.61
1748747294.53,-0.34,1.38,278.89,1.10,Fwd,4.61
1748747294.53,-0.34,1.38,278.89,1.10,Fwd,4.61