1748747193.82,-2.02,1.34,309.74,1.08,Fwd,7.32
1748747193.82,-1.84,1.34,309.74,1.08,Fwd,7.32
1748747193.83,-1.84,2.03,309.74,1.08,Fwd,7.32
1748747193.83,-1.84,2.03,308.57,1.08,Fwd,7.32
1748747193.83,-1.84,2.03,308.57,0.83,Fwd,7.32
1748747193.83,-1.84,2.03,308.57,0.83,Fwd,7.32
1748747193.83,-1.84,2.03,308.57,0.83,Fwd,7.32
1748747193.84,-1.84,2.03,308.57,0.83,Fwd,7.32
1748747193.93,-1.84,2.03,308.57,0.83,Fwd,6.61
1748747193.94,-1.73,2.03,308.57,0.83,Fwd,6.61
1748747193.94,-1.73,3.32,308.57,0.83,Fwd,6.61
1748747193.94,-1.73,3.32,307.05,0.83,Fwd,6.61
1748747193.94,-1.73,3.32,307.05,0.98,Fwd,6.61
1748747193.94,-1.73,3.32,307.05,0.98,Fwd,6.61
1748747193.96,-1.73,3.32,307.05,0.98,Fwd,6.61
1748747193.97,-1.73,3.32,307.05,0.98,Fwd,6.61
1748747194.04,-1.73,3.32,307.05,0.98,Fwd,6.61
1748747194.04,-1.50,3.32,307.05,0.98,Fwd,6.61
1748747194.04,-1.50,3.58,307.05,0.98,Fwd,6.61
1748747194.04,-1.50,3.58,305.97,0.98,Fwd,6.61
1748747194.04,-1.50,3.58,305.97,1.02,Fwd,6.61
1748747194.04,-1.50,3.58,305.97,1.02,Fwd,6.61
1748747194.05,-1.50,3.58,305.97,1.02,Fwd,6.61
1748747194.05,-1.50,3.58,305.97,1.02,Fwd,6.61
1748747194.14,-1.50,3.58,305.97,1.02,Fwd,6.61
1748747194.15,-1.06,3.58,305.97,1.02,Fwd,6.61
1748747194.15,-1.06,3.08,305.97,1.02,Fwd,6.61
1748747194.15,-1.06,3.08,305.62,1.02,Fwd,6.61
1748747194.15,-1.06,3.08,305.62,0.91,Fwd,6.61
1748747194.15,-1.06,3.08,305.62,0.91,Fwd,6.61
1748747194.15,-1.06,3.08,305.62,0.91,Fwd,6.61
1748747194.15,-1.06,3.08,305.62,0.91,Fwd,6.61
1748747194.25,-1.06,3.08,305.62,0.91,Fwd,6.61
1748747194.25,-0.99,3.08,305.62,0.91,Fwd,6.61
1748747194.25,-0.99,3.77,305.62,0.91,Fwd,6.61
1748747194.25,-0.99,3.77,304.87,0.91,Fwd,6.61
1748747194.25,-0.99,3.77,304.87,1.05,Fwd,6.61
1748747194.25,-0.99,3.77,304.87,1.05,Fwd,6.61
1748747194.28,-0.99,3.77,304.87,1.05,Fwd,6.61
1748747194.31,-0.99,3.77,304.87,1.05,Fwd,6.61
1748747194.39,-0.99,3.77,304.87,1.05,Fwd,6.61
1748747194.39,-0.69,3.77,304.87,1.05,Fwd,6.61
1748747194.39,-0.69,5.92,304.87,1.05,Fwd,6.61
1748747194.39,-0.69,5.92,302.86,1.05,Fwd,6.61
1748747194.39,-0.69,5.92,302.86,0.99,Fwd,6.61
1748747194.39,-0.69,5.92,302.86,0.99,Fwd,6.61
1748747194.40,-0.69,5.92,302.86,0.99,Fwd,6.61
1748747194.40,-0.69,5.92,302.86,0.99,Fwd,6.61
1748747194.42,-0.69,5.92,302.86,0.99,Fwd,6.61
1748747194.42,0.33,5.92,302.86,0.99,Fwd,6.61
1748747194.42,0.33,8.47,302.86,0.99,Fwd,6.61
1748747194.42,0.33,8.47,300.36,0.99,Fwd,6.61
1748747194.42,0.33,8.47,300.36,1.09,Fwd,6.61
1748747194.43,0.33,8.47,300.36,1.09,Fwd,6.61
1748747194.43,0.33,8.47,300.36,1.09,Fwd,6.61
1748747194.43,0.33,8.47,300.36,1.09,Fwd,6.61
1748747194.53,0.33,8.47,300.36,1.09,Fwd,6.61
1748747194.53,1.50,8.47,300.36,1.09,Fwd,6.61
1748747194.53,1.50,10.20,300.36,1.09,Fwd,6.61
1748747194.54,1.50,10.20,299.07,1.09,Fwd,6.61
1748747194.54,1.50,10.20,299.07,0.92,Fwd,6.61
1748747194.54,1.50,10.20,299.07,0.92,Fwd,6.61
1748747194.54,1.50,10.20,299.07,0.92,Fwd,6.61
1748747194.54,1.50,10.20,299.07,0.92,Fwd,6.61
1748747194.63,1.50,10.20,299.07,0.92,Fwd,5.19
1748747194.63,2.42,10.20,299.07,0.92,Fwd,5.19
1748747194.64,2.42,11.07,299.07,0.92,Fwd,5.19
1748747194.64,2.42,11.07,299.12,0.92,Fwd,5.19
1748747194.64,2.42,11.07,299.12,1.00,Fwd,5.19
1748747194.64,2.42,11.07,299.12,1.00,Fwd,5.19
1748747194.64,2.42,11.07,299.12,1.00,Fwd,5.19
1748747194.64,2.42,11.07,299.12,1.00,Fwd,5.19
1748747194.74,2.42,11.07,299.12,1.00,Fwd,5.19
1748747194.74,2.16,11.07,299.12,1.00,Fwd,5.19
1748747194.74,2.16,9.75,299.12,1.00,Fwd,5.19
1748747194.77,2.16,9.75,300.10,1.00,Fwd,5.19
1748747194.77,2.16,9.75,300.10,0.69,Fwd,5.19
1748747194.77,2.16,9.75,300.10,0.69,Fwd,5.19
1748747194.77,2.16,9.75,300.10,0.69,Fwd,5.19
1748747194.77,2.16,9.75,300.10,0.69,Fwd,5.19
1748747194.84,2.16,9.75,300.10,0.69,Fwd,5.19
1748747194.84,-1.02,9.75,300.10,0.69,Fwd,5.19
1748747194.84,-1.02,6.89,300.10,0.69,Fwd,5.19
1748747194.85,-1.02,6.89,302.18,0.69,Fwd,5.19
1748747194.85,-1.02,6.89,302.18,0.91,Fwd,5.19
1748747194.85,-1.02,6.89,302.18,0.91,Fwd,5.19
1748747194.85,-1.02,6.89,302.18,0.91,Fwd,5.19
1748747194.85,-1.02,6.89,302.18,0.91,Fwd,5.19
1748747194.95,-1.02,6.89,302.18,0.91,Fwd,5.19
1748747194.95,-5.23,6.89,302.18,0.91,Fwd,5.19
1748747194.95,-5.23,2.44,302.18,0.91,Fwd,5.19
1748747194.95,-5.23,2.44,309.09,0.91,Fwd,5.19
1748747194.95,-5.23,2.44,309.09,1.28,Fwd,5.19
1748747194.95,-5.23,2.44,309.09,1.28,Fwd,5.19
1748747194.96,-5.23,2.44,309.09,1.28,Fwd,5.19
1748747194.96,-5.23,2.44,309.09,1.28,Fwd,5.19
1748747195.05,-5.23,2.44,309.09,1.28,Fwd,5.19
1748747195.09,-3.59,2.44,309.09,1.28,Fwd,5.19
1748747195.09,-3.59,-1.14,309.09,1.28,Fwd,5.19
1748747195.09,-3.59,-1.14,319.53,1.28,Fwd,5.19
1748747195.09,-3.59,-1.14,319.53,1.09,Fwd,5.19
1748747195.09,-3.59,-1.14,319.53,1.09,Fwd,5.19
1748747195.09,-3.59,-1.14,319.53,1.09,Fwd,5.19
1748747195.09,-3.59,-1.14,319.53,1.09,Fwd,5.19
1748747195.12,-3.59,-1.14,319.53,1.09,Fwd,5.19
1748747195.12,-1.00,-1.14,319.53,1.09,Fwd,5.19
1748747195.12,-1.00,-2.30,319.53,1.09,Fwd,5.19
1748747195.12,-1.00,-2.30,325.50,1.09,Fwd,5.19
1748747195.12,-1.00,-2.30,325.50,1.33,Fwd,5.19
1748747195.13,-1.00,-2.30,325.50,1.33,Fwd,5.19
1748747195.13,-1.00,-2.30,325.50,1.33,Fwd,5.19
1748747195.13,-1.00,-2.30,325.50,1.33,Fwd,5.19
1748747195.23,-1.00,-2.30,325.50,1.33,Fwd,7.05
1748747195.23,-0.38,-2.30,325.50,1.33,Fwd,7.05
1748747195.24,-0.38,-0.93,325.50,1.33,Fwd,7.05
1748747195.24,-0.38,-0.93,328.02,1.33,Fwd,7.05
1748747195.24,-0.38,-0.93,328.02,0.89,Fwd,7.05
1748747195.24,-0.38,-0.93,328.02,0.89,Fwd,7.05
1748747195.24,-0.38,-0.93,328.02,0.89,Fwd,7.05
1748747195.24,-0.38,-0.93,328.02,0.89,Fwd,7.05
1748747195.33,-0.38,-0.93,328.02,0.89,Fwd,7.05
1748747195.33,-1.40,-0.93,328.02,0.89,Fwd,7.05
1748747195.34,-1.40,0.47,328.02,0.89,Fwd,7.05
1748747195.34,-1.40,0.47,328.72,0.89,Fwd,7.05
1748747195.34,-1.40,0.47,328.72,1.03,Fwd,7.05
1748747195.34,-1.40,0.47,328.72,1.03,Fwd,7.05
1748747195.34,-1.40,0.47,328.72,1.03,Fwd,7.05
1748747195.34,-1.40,0.47,328.72,1.03,Fwd,7.05
1748747195.44,-1.40,0.47,328.72,1.03,Fwd,7.05
1748747195.44,-1.37,0.47,328.72,1.03,Fwd,7.05
1748747195.44,-1.37,1.97,328.72,1.03,Fwd,7.05
1748747195.47,-1.37,1.97,328.31,1.03,Fwd,7.05
1748747195.47,-1.37,1.97,328.31,0.75,Fwd,7.05
1748747195.47,-1.37,1.97,328.31,0.75,Fwd,7.05
1748747195.48,-1.37,1.97,328.31,0.75,Fwd,7.05
1748747195.48,-1.37,1.97,328.31,0.75,Fwd,7.05
1748747195.55,-1.37,1.97,328.31,0.75,Fwd,7.05
1748747195.55,-1.21,1.97,328.31,0.75,Fwd,7.05
1748747195.55,-1.21,2.92,328.31,0.75,Fwd,7.05
1748747195.55,-1.21,2.92,326.81,0.75,Fwd,7.05
1748747195.56,-1.21,2.92,326.81,1.08,Fwd,7.05
1748747195.56,-1.21,2.92,326.81,1.08,Fwd,7.05
1748747195.56,-1.21,2.92,326.81,1.08,Fwd,7.05
1748747195.56,-1.21,2.92,326.81,1.08,Fwd,7.05
1748747195.65,-1.21,2.92,326.81,1.08,Fwd,7.05
1748747195.65,-2.99,2.92,326.81,1.08,Fwd,7.05
1748747195.65,-2.99,5.21,326.81,1.08,Fwd,7.05
1748747195.65,-2.99,5.21,325.19,1.08,Fwd,7.05
1748747195.66,-2.99,5.21,325.19,1.14,Fwd,7.05
1748747195.66,-2.99,5.21,325.19,1.14,Fwd,7.05
1748747195.66,-2.99,5.21,325.19,1.14,Fwd,7.05
1748747195.66,-2.99,5.21,325.19,1.14,Fwd,7.05
1748747195.75,-2.99,5.21,325.19,1.14,Fwd,7.70
1748747195.75,-7.28,5.21,325.19,1.14,Fwd,7.70
1748747195.75,-7.28,7.43,325.19,1.14,Fwd,7.70
1748747195.75,-7.28,7.43,324.01,1.14,Fwd,7.70
1748747195.76,-7.28,7.43,324.01,1.11,Fwd,7.70
1748747195.76,-7.28,7.43,324.01,1.11,Fwd,7.70
1748747195.76,-7.28,7.43,324.01,1.11,Fwd,7.70
1748747195.76,-7.28,7.43,324.01,1.11,Fwd,7.70
1748747195.82,-7.28,7.43,324.01,1.11,Fwd,7.70
1748747195.83,-12.43,7.43,324.01,1.11,Fwd,7.70
1748747195.83,-12.43,11.96,324.01,1.11,Fwd,7.70
1748747195.83,-12.43,11.96,323.58,1.11,Fwd,7.70
1748747195.83,-12.43,11.96,323.58,0.08,Fwd,7.70
1748747195.83,-12.43,11.96,323.58,0.08,Fwd,7.70
1748747195.83,-12.43,11.96,323.58,0.08,Fwd,7.70
1748747195.83,-12.43,11.96,323.58,0.08,Fwd,7.70
1748747195.93,-12.43,11.96,323.58,0.08,Fwd,13.63
1748747195.93,-21.57,11.96,323.58,0.08,Fwd,13.63
1748747195.93,-21.57,11.78,323.58,0.08,Fwd,13.63
1748747195.93,-21.57,11.78,334.97,0.08,Fwd,13.63
1748747195.93,-21.57,11.78,334.97,1.15,Fwd,13.63
1748747195.93,-21.57,11.78,334.97,1.15,Fwd,13.63
1748747195.93,-21.57,11.78,334.97,1.15,Fwd,13.63
1748747195.93,-21.57,11.78,334.97,1.15,Fwd,13.63
1748747196.03,-21.57,11.78,334.97,1.15,Fwd,13.63
1748747196.07,-30.69,11.78,334.97,1.15,Fwd,13.63
1748747196.07,-30.69,11.13,334.97,1.15,Fwd,13.63
1748747196.07,-30.69,11.13,343.44,1.15,Fwd,13.63
1748747196.07,-30.69,11.13,343.44,1.77,Fwd,13.63
1748747196.07,-30.69,11.13,343.44,1.77,Fwd,13.63
1748747196.08,-30.69,11.13,343.44,1.77,Fwd,13.63
1748747196.08,-30.69,11.13,343.44,1.77,Fwd,13.63
1748747196.08,-30.69,11.13,343.44,1.77,Fwd,13.63
1748747196.14,-30.69,11.13,343.44,1.77,Fwd,13.63
1748747196.14,-20.80,11.13,343.44,1.77,Fwd,13.63
1748747196.14,-20.80,4.08,343.44,1.77,Fwd,13.63
1748747196.17,-20.80,4.08,346.83,1.77,Fwd,13.63
1748747196.17,-20.80,4.08,346.83,0.11,Fwd,13.63
1748747196.17,-20.80,4.08,346.83,0.11,Fwd,13.63
1748747196.17,-20.80,4.08,346.83,0.11,Fwd,13.63
1748747196.17,-20.80,4.08,346.83,0.11,Fwd,13.63
1748747196.28,-20.80,4.08,346.83,0.11,Fwd,13.63
1748747196.28,-11.14,4.08,346.83,0.11,Fwd,13.63
1748747196.28,-11.14,-1.35,346.83,0.11,Fwd,13.63
1748747196.29,-11.14,-1.35,340.47,0.11,Fwd,13.63
1748747196.29,-11.14,-1.35,340.47,-2.10,Fwd,13.63
1748747196.29,-11.14,-1.35,340.47,-2.10,Fwd,13.63
1748747196.29,-11.14,-1.35,340.47,-2.10,Fwd,13.63
1748747196.29,-11.14,-1.35,340.47,-2.10,Fwd,13.63
1748747196.35,-11.14,-1.35,340.47,-2.10,Fwd,13.63
1748747196.35,-7.38,-1.35,340.47,-2.10,Fwd,13.63
1748747196.35,-7.38,-0.57,340.47,-2.10,Fwd,13.63
1748747196.35,-7.38,-0.57,333.57,-2.10,Fwd,13.63
1748747196.35,-7.38,-0.57,333.57,2.58,Fwd,13.63
1748747196.35,-7.38,-0.57,333.57,2.58,Fwd,13.63
1748747196.36,-7.38,-0.57,333.57,2.58,Fwd,13.63
1748747196.36,-7.38,-0.57,333.57,2.58,Fwd,13.63
1748747196.45,-7.38,-0.57,333.57,2.58,Fwd,13.63
1748747196.48,-8.19,-0.57,333.57,2.58,Fwd,13.63
1748747196.52,-8.19,3.18,333.57,2.58,Fwd,13.63
1748747196.55,-8.19,3.18,337.04,2.58,Fwd,13.63
1748747196.55,-8.19,3.18,337.04,1.05,Fwd,13.63
1748747196.56,-8.19,3.18,337.04,1.05,Fwd,13.63
1748747196.56,-8.19,3.18,337.04,1.05,Fwd,13.63
1748747196.56,-8.19,3.18,337.04,1.05,Fwd,13.63
1748747196.56,-8.19,3.18,337.04,1.05,Fwd,6.60
1748747196.56,-7.86,3.18,337.04,1.05,Fwd,6.60
1748747196.57,-7.86,4.91,337.04,1.05,Fwd,6.60
1748747196.57,-7.86,4.91,339.70,1.05,Fwd,6.60
1748747196.57,-7.86,4.91,339.70,0.95,Fwd,6.60
1748747196.57,-7.86,4.91,339.70,0.95,Fwd,6.60
1748747196.57,-7.86,4.91,339.70,0.95,Fwd,6.60
1748747196.57,-7.86,4.91,339.70,0.95,Fwd,6.60
1748747196.66,-7.86,4.91,339.70,0.95,Fwd,6.60
1748747196.66,-9.19,4.91,339.70,0.95,Fwd,6.60
1748747196.66,-9.19,5.85,339.70,0.95,Fwd,6.60
1748747196.67,-9.19,5.85,343.19,0.95,Fwd,6.60
1748747196.67,-9.19,5.85,343.19,-0.04,Fwd,6.60
1748747196.67,-9.19,5.85,343.19,-0.04,Fwd,6.60
1748747196.67,-9.19,5.85,343.19,-0.04,Fwd,6.60
1748747196.67,-9.19,5.85,343.19,-0.04,Fwd,6.60
1748747196.73,-9.19,5.85,343.19,-0.04,Fwd,6.60
1748747196.73,-8.24,5.85,343.19,-0.04,Fwd,6.60
1748747196.73,-8.24,7.10,343.19,-0.04,Fwd,6.60
1748747196.73,-8.24,7.10,348.34,-0.04,Fwd,6.60
1748747196.73,-8.24,7.10,348.34,1.01,Fwd,6.60
1748747196.74,-8.24,7.10,348.34,1.01,Fwd,6.60
1748747196.74,-8.24,7.10,348.34,1.01,Fwd,6.60
1748747196.74,-8.24,7.10,348.34,1.01,Fwd,6.60
1748747196.84,-8.24,7.10,348.34,1.01,Fwd,6.60
1748747196.84,-6.02,7.10,348.34,1.01,Fwd,6.60
1748747196.85,-6.02,7.48,348.34,1.01,Fwd,6.60
1748747196.85,-6.02,7.48,353.03,1.01,Fwd,6.60
1748747196.85,-6.02,7.48,353.03,1.03,Fwd,6.60
1748747196.85,-6.02,7.48,353.03,1.03,Fwd,6.60
1748747196.85,-6.02,7.48,353.03,1.03,Fwd,6.60
1748747196.86,-6.02,7.48,353.03,1.03,Fwd,6.60
1748747196.94,-6.02,7.48,353.03,1.03,Fwd,8.39
1748747196.94,-4.65,7.48,353.03,1.03,Fwd,8.39
1748747196.94,-4.65,6.87,353.03,1.03,Fwd,8.39
1748747196.94,-4.65,6.87,356.26,1.03,Fwd,8.39
1748747196.94,-4.65,6.87,356.26,1.38,Fwd,8.39
1748747196.95,-4.65,6.87,356.26,1.38,Fwd,8.39
1748747196.95,-4.65,6.87,356.26,1.38,Fwd,8.39
1748747196.95,-4.65,6.87,356.26,1.38,Fwd,8.39
1748747197.04,-4.65,6.87,356.26,1.38,Fwd,8.39
1748747197.05,-3.14,6.87,356.26,1.38,Fwd,8.39
1748747197.05,-3.14,4.70,356.26,1.38,Fwd,8.39
1748747197.05,-3.14,4.70,358.02,1.38,Fwd,8.39
1748747197.05,-3.14,4.70,358.02,1.14,Fwd,8.39
1748747197.05,-3.14,4.70,358.02,1.14,Fwd,8.39
1748747197.05,-3.14,4.70,358.02,1.14,Fwd,8.39
1748747197.05,-3.14,4.70,358.02,1.14,Fwd,8.39
1748747197.15,-3.14,4.70,358.02,1.14,Fwd,8.39
1748747197.15,-2.46,4.70,358.02,1.14,Fwd,8.39
1748747197.15,-2.46,2.93,358.02,1.14,Fwd,8.39
1748747197.15,-2.46,2.93,358.40,1.14,Fwd,8.39
1748747197.16,-2.46,2.93,358.40,1.16,Fwd,8.39
1748747197.16,-2.46,2.93,358.40,1.16,Fwd,8.39
1748747197.16,-2.46,2.93,358.40,1.16,Fwd,8.39
1748747197.16,-2.46,2.93,358.40,1.16,Fwd,8.39
1748747197.22,-2.46,2.93,358.40,1.16,Fwd,8.39
1748747197.25,-0.56,2.93,358.40,1.16,Fwd,8.39
1748747197.29,-0.56,2.37,358.40,1.16,Fwd,8.39
1748747197.32,-0.56,2.37,357.86,1.16,Fwd,8.39
1748747197.36,-0.56,2.37,357.86,0.66,Fwd,8.39
1748747197.36,-0.56,2.37,357.86,0.66,Fwd,8.39
1748747197.36,-0.56,2.37,357.86,0.66,Fwd,8.39
1748747197.37,-0.56,2.37,357.86,0.66,Fwd,8.39
1748747197.37,-0.56,2.37,357.86,0.66,Fwd,8.39
1748747197.37,-0.63,2.37,357.86,0.66,Fwd,8.39
1748747197.37,-0.63,2.35,357.86,0.66,Fwd,8.39
1748747197.37,-0.63,2.35,356.90,0.66,Fwd,8.39
1748747197.40,-0.63,2.35,356.90,1.07,Fwd,8.39
1748747197.40,-0.63,2.35,356.90,1.07,Fwd,8.39
1748747197.40,-0.63,2.35,356.90,1.07,Fwd,8.39
1748747197.40,-0.63,2.35,356.90,1.07,Fwd,8.39
1748747197.43,-0.63,2.35,356.90,1.07,Fwd,8.39
1748747197.43,-0.78,2.35,356.90,1.07,Fwd,8.39
1748747197.43,-0.78,3.02,356.90,1.07,Fwd,8.39
1748747197.43,-0.78,3.02,355.86,1.07,Fwd,8.39
1748747197.43,-0.78,3.02,355.86,0.98,Fwd,8.39
1748747197.43,-0.78,3.02,355.86,0.98,Fwd,8.39
1748747197.46,-0.78,3.02,355.86,0.98,Fwd,8.39
1748747197.50,-0.78,3.02,355.86,0.98,Fwd,8.39
1748747197.57,-0.78,3.02,355.86,0.98,Fwd,8.39
1748747197.60,-1.07,3.02,355.86,0.98,Fwd,8.39
1748747197.64,-1.07,3.81,355.86,0.98,Fwd,8.39
1748747197.67,-1.07,3.81,354.61,0.98,Fwd,8.39
1748747197.71,-1.07,3.81,354.61,1.04,Fwd,8.39
1748747197.72,-1.07,3.81,354.61,1.04,Fwd,8.39
1748747197.72,-1.07,3.81,354.61,1.04,Fwd,8.39
1748747197.72,-1.07,3.81,354.61,1.04,Fwd,8.39
1748747197.72,-1.07,3.81,354.61,1.04,Fwd,5.57
1748747197.72,-1.31,3.81,354.61,1.04,Fwd,5.57
1748747197.72,-1.31,4.72,354.61,1.04,Fwd,5.57
1748747197.72,-1.31,4.72,353.38,1.04,Fwd,5.57
1748747197.74,-1.31,4.72,353.38,1.03,Fwd,5.57
1748747197.78,-1.31,4.72,353.38,1.03,Fwd,5.57
1748747197.78,-1.31,4.72,353.38,1.03,Fwd,5.57
1748747197.79,-1.31,4.72,353.38,1.03,Fwd,5.57
1748747197.79,-1.31,4.72,353.38,1.03,Fwd,5.57
1748747197.79,-1.47,4.72,353.38,1.03,Fwd,5.57
1748747197.79,-1.47,5.12,353.38,1.03,Fwd,5.57
1748747197.79,-1.47,5.12,352.87,1.03,Fwd,5.57
1748747197.79,-1.47,5.12,352.87,1.02,Fwd,5.57
1748747197.79,-1.47,5.12,352.87,1.02,Fwd,5.57
1748747197.81,-1.47,5.12,352.87,1.02,Fwd,5.57
1748747197.85,-1.47,5.12,352.87,1.02,Fwd,5.57
1748747197.89,-1.50,5.12,352.87,1.02,Fwd,5.57
1748747197.92,-1.50,4.44,352.87,1.02,Fwd,5.57
1748747197.96,-1.50,4.44,353.66,1.02,Fwd,5.57
1748747197.96,-1.50,4.44,353.66,0.90,Fwd,5.57
1748747197.96,-1.50,4.44,353.66,0.90,Fwd,5.57
1748747197.96,-1.50,4.44,353.66,0.90,Fwd,5.57
1748747197.96,-1.50,4.44,353.66,0.90,Fwd,5.57
1748747197.96,-1.50,4.44,353.66,0.90,Fwd,5.57
1748747197.97,-1.47,4.44,353.66,0.90,Fwd,5.57
1748747197.97,-1.47,2.97,353.66,0.90,Fwd,5.57
1748747197.97,-1.47,2.97,355.78,0.90,Fwd,5.57
1748747198.03,-1.47,2.97,355.78,0.90,Fwd,5.57
1748747198.03,-1.10,2.97,355.78,0.90,Fwd,5.57
1748747198.03,-1.10,1.20,355.78,0.90,Fwd,5.57
1748747198.03,-1.10,1.20,358.84,0.90,Fwd,5.57
1748747198.04,-1.10,1.20,358.84,0.98,Fwd,5.57
1748747198.04,-1.10,1.20,358.84,0.98,Fwd,5.57
1748747198.04,-1.10,1.20,358.84,0.98,Fwd,5.57
1748747198.04,-1.10,1.20,358.84,0.98,Fwd,5.57
1748747198.13,-1.10,1.20,358.84,0.98,Fwd,5.57
1748747198.16,-0.65,1.20,358.84,0.98,Fwd,5.57
1748747198.20,-0.65,-0.84,358.84,0.98,Fwd,5.57
1748747198.23,-0.65,-0.84,2.19,0.98,Fwd,5.57
1748747198.23,-0.65,-0.84,2.19,0.95,Fwd,5.57
1748747198.23,-0.65,-0.84,2.19,0.95,Fwd,5.57
1748747198.23,-0.65,-0.84,2.19,0.95,Fwd,5.57
1748747198.24,-0.65,-0.84,2.19,0.95,Fwd,5.57
1748747198.24,-0.65,-0.84,2.19,0.95,Fwd,6.22
1748747198.24,-0.34,-0.84,2.19,0.95,Fwd,6.22
1748747198.24,-0.34,-2.42,2.19,0.95,Fwd,6.22
1748747198.24,-0.34,-2.42,4.81,0.95,Fwd,6.22
1748747198.24,-0.34,-2.42,4.81,0.88,Fwd,6.22
1748747198.24,-0.34,-2.42,4.81,0.88,Fwd,6.22
1748747198.24,-0.34,-2.42,4.81,0.88,Fwd,6.22
1748747198.24,-0.34,-2.42,4.81,0.88,Fwd,6.22
1748747198.34,-0.34,-2.42,4.81,0.88,Fwd,6.22
1748747198.34,-0.46,-2.42,4.81,0.88,Fwd,6.22
1748747198.34,-0.46,-2.98,4.81,0.88,Fwd,6.22
1748747198.34,-0.46,-2.98,6.05,0.88,Fwd,6.22
1748747198.34,-0.46,-2.98,6.05,0.93,Fwd,6.22
1748747198.34,-0.46,-2.98,6.05,0.93,Fwd,6.22
1748747198.34,-0.46,-2.98,6.05,0.93,Fwd,6.22
1748747198.34,-0.46,-2.98,6.05,0.93,Fwd,6.22
1748747198.44,-0.46,-2.98,6.05,0.93,Fwd,6.22
1748747198.44,-0.95,-2.98,6.05,0.93,Fwd,6.22
1748747198.44,-0.95,-3.19,6.05,0.93,Fwd,6.22
1748747198.44,-0.95,-3.19,5.68,0.93,Fwd,6.22
1748747198.44,-0.95,-3.19,5.68,0.94,Fwd,6.22
1748747198.45,-0.95,-3.19,5.68,0.94,Fwd,6.22
1748747198.45,-0.95,-3.19,5.68,0.94,Fwd,6.22
1748747198.45,-0.95,-3.19,5.68,0.94,Fwd,6.22
1748747198.55,-0.95,-3.19,5.68,0.94,Fwd,6.22
1748747198.58,-1.36,-3.19,5.68,0.94,Fwd,6.22
1748747198.58,-1.36,-2.97,5.68,0.94,Fwd,6.22
1748747198.58,-1.36,-2.97,3.71,0.94,Fwd,6.22
1748747198.58,-1.36,-2.97,3.71,0.98,Fwd,6.22
1748747198.58,-1.36,-2.97,3.71,0.98,Fwd,6.22
1748747198.58,-1.36,-2.97,3.71,0.98,Fwd,6.22
1748747198.59,-1.36,-2.97,3.71,0.98,Fwd,6.22
1748747198.62,-1.36,-2.97,3.71,0.98,Fwd,6.22
1748747198.62,-1.38,-2.97,3.71,0.98,Fwd,6.22
1748747198.62,-1.38,-2.78,3.71,0.98,Fwd,6.22
1748747198.62,-1.38,-2.78,0.68,0.98,Fwd,6.22
1748747198.62,-1.38,-2.78,0.68,1.00,Fwd,6.22
1748747198.62,-1.38,-2.78,0.68,1.00,Fwd,6.22
1748747198.62,-1.38,-2.78,0.68,1.00,Fwd,6.22
1748747198.62,-1.38,-2.78,0.68,1.00,Fwd,6.22
1748747198.72,-1.38,-2.78,0.68,1.00,Fwd,6.22
1748747198.76,-1.44,-2.78,0.68,1.00,Fwd,6.22
1748747198.76,-1.44,-3.89,0.68,1.00,Fwd,6.22
1748747198.76,-1.44,-3.89,357.79,1.00,Fwd,6.22
1748747198.79,-1.44,-3.89,357.79,1.01,Fwd,6.22
1748747198.79,-1.44,-3.89,357.79,1.01,Fwd,6.22
1748747198.80,-1.44,-3.89,357.79,1.01,Fwd,6.22
1748747198.80,-1.44,-3.89,357.79,1.01,Fwd,6.22
1748747198.83,-1.44,-3.89,357.79,1.01,Fwd,6.33
1748747198.83,-1.48,-3.89,357.79,1.01,Fwd,6.33
1748747198.83,-1.48,-5.16,357.79,1.01,Fwd,6.33
1748747198.83,-1.48,-5.16,355.14,1.01,Fwd,6.33
1748747198.83,-1.48,-5.16,355.14,0.88,Fwd,6.33
1748747198.83,-1.48,-5.16,355.14,0.88,Fwd,6.33
1748747198.83,-1.48,-5.16,355.14,0.88,Fwd,6.33
1748747198.83,-1.48,-5.16,355.14,0.88,Fwd,6.33
1748747198.93,-1.48,-5.16,355.14,0.88,Fwd,6.33
1748747198.97,-1.69,-5.16,355.14,0.88,Fwd,6.33
1748747199.00,-1.69,-5.48,355.14,0.88,Fwd,6.33
1748747199.04,-1.69,-5.48,352.16,0.88,Fwd,6.33
1748747199.04,-1.69,-5.48,352.16,0.95,Fwd,6.33
1748747199.04,-1.69,-5.48,352.16,0.95,Fwd,6.33
1748747199.04,-1.69,-5.48,352.16,0.95,Fwd,6.33
1748747199.04,-1.69,-5.48,352.16,0.95,Fwd,6.33
1748747199.04,-1.69,-5.48,352.16,0.95,Fwd,6.33
1748747199.04,-1.83,-5.48,352.16,0.95,Fwd,6.33
1748747199.04,-1.83,-5.28,352.16,0.95,Fwd,6.33
1748747199.04,-1.83,-5.28,348.43,0.95,Fwd,6.33
1748747199.04,-1.83,-5.28,348.43,1.06,Fwd,6.33
1748747199.08,-1.83,-5.28,348.43,1.06,Fwd,6.33
1748747199.08,-1.83,-5.28,348.43,1.06,Fwd,6.33
1748747199.08,-1.83,-5.28,348.43,1.06,Fwd,6.33
1748747199.15,-1.83,-5.28,348.43,1.06,Fwd,6.33
1748747199.15,-2.00,-5.28,348.43,1.06,Fwd,6.33
1748747199.15,-2.00,-5.38,348.43,1.06,Fwd,6.33
1748747199.15,-2.00,-5.38,344.09,1.06,Fwd,6.33
1748747199.15,-2.00,-5.38,344.09,1.07,Fwd,6.33
1748747199.15,-2.00,-5.38,344.09,1.07,Fwd,6.33
1748747199.15,-2.00,-5.38,344.09,1.07,Fwd,6.33
1748747199.16,-2.00,-5.38,344.09,1.07,Fwd,6.33
1748747199.25,-2.00,-5.38,344.09,1.07,Fwd,6.33
1748747199.28,-2.30,-5.38,344.09,1.07,Fwd,6.33
1748747199.32,-2.30,-5.10,344.09,1.07,Fwd,6.33
1748747199.36,-2.30,-5.10,339.24,1.07,Fwd,6.33
1748747199.36,-2.30,-5.10,339.24,1.28,Fwd,6.33
1748747199.36,-2.30,-5.10,339.24,1.28,Fwd,6.33
1748747199.36,-2.30,-5.10,339.24,1.28,Fwd,6.33
1748747199.37,-2.30,-5.10,339.24,1.28,Fwd,6.33
1748747199.37,-2.30,-5.10,339.24,1.28,Fwd,6.33
1748747199.37,-2.69,-5.10,339.24,1.28,Fwd,6.33
1748747199.37,-2.69,-4.20,339.24,1.28,Fwd,6.33
1748747199.37,-2.69,-4.20,333.09,1.28,Fwd,6.33
1748747199.39,-2.69,-4.20,333.09,1.28,Fwd,6.33
1748747199.43,-2.69,-4.20,333.09,1.28,Fwd,6.33
1748747199.43,-2.69,-4.20,333.09,1.28,Fwd,6.33
1748747199.43,-2.69,-4.20,333.09,1.28,Fwd,6.51
1748747199.43,-2.83,-4.20,333.09,1.28,Fwd,6.51
1748747199.43,-2.83,-2.62,333.09,1.28,Fwd,6.51
1748747199.43,-2.83,-2.62,325.42,1.28,Fwd,6.51
1748747199.43,-2.83,-2.62,325.42,1.14,Fwd,6.51
1748747199.44,-2.83,-2.62,325.42,1.14,Fwd,6.51
1748747199.44,-2.83,-2.62,325.42,1.14,Fwd,6.51
1748747199.53,-2.83,-2.62,325.42,1.14,Fwd,6.51
1748747199.53,-3.09,-2.62,325.42,1.14,Fwd,6.51
1748747199.53,-3.09,-1.30,325.42,1.14,Fwd,6.51
1748747199.53,-3.09,-1.30,317.38,1.14,Fwd,6.51
1748747199.53,-3.09,-1.30,317.38,1.12,Fwd,6.51
1748747199.53,-3.09,-1.30,317.38,1.12,Fwd,6.51
1748747199.54,-3.09,-1.30,317.38,1.12,Fwd,6.51
1748747199.54,-3.09,-1.30,317.38,1.12,Fwd,6.51
1748747199.64,-3.09,-1.30,317.38,1.12,Fwd,6.51
1748747199.64,-3.08,-1.30,317.38,1.12,Fwd,6.51
1748747199.64,-3.08,-0.75,317.38,1.12,Fwd,6.51
1748747199.64,-3.08,-0.75,309.89,1.12,Fwd,6.51
1748747199.64,-3.08,-0.75,309.89,1.04,Fwd,6.51
1748747199.64,-3.08,-0.75,309.89,1.04,Fwd,6.51
1748747199.65,-3.08,-0.75,309.89,1.04,Fwd,6.51
1748747199.65,-3.08,-0.75,309.89,1.04,Fwd,6.51
1748747199.74,-3.08,-0.75,309.89,1.04,Fwd,6.51
1748747199.75,-3.40,-0.75,309.89,1.04,Fwd,6.51
1748747199.75,-3.40,-0.37,309.89,1.04,Fwd,6.51
1748747199.75,-3.40,-0.37,303.41,1.04,Fwd,6.51
1748747199.75,-3.40,-0.37,303.41,0.93,Fwd,6.51
1748747199.75,-3.40,-0.37,303.41,0.93,Fwd,6.51
1748747199.75,-3.40,-0.37,303.41,0.93,Fwd,6.51
1748747199.75,-3.40,-0.37,303.41,0.93,Fwd,6.51
1748747199.85,-3.40,-0.37,303.41,0.93,Fwd,6.51
1748747199.85,-3.74,-0.37,303.41,0.93,Fwd,6.51
1748747199.86,-3.74,0.82,303.41,0.93,Fwd,6.51
1748747199.88,-3.74,0.82,297.39,0.93,Fwd,6.51
1748747199.88,-3.74,0.82,297.39,0.95,Fwd,6.51
1748747199.88,-3.74,0.82,297.39,0.95,Fwd,6.51
1748747199.88,-3.74,0.82,297.39,0.95,Fwd,6.51
1748747199.88,-3.74,0.82,297.39,0.95,Fwd,6.51
1748747199.95,-3.74,0.82,297.39,0.95,Fwd,6.60
1748747199.95,-3.86,0.82,297.39,0.95,Fwd,6.60
1748747199.96,-3.86,2.27,297.39,0.95,Fwd,6.60
1748747199.96,-3.86,2.27,290.99,0.95,Fwd,6.60
1748747199.96,-3.86,2.27,290.99,0.98,Fwd,6.60
1748747199.96,-3.86,2.27,290.99,0.98,Fwd,6.60
1748747199.96,-3.86,2.27,290.99,0.98,Fwd,6.60
1748747199.96,-3.86,2.27,290.99,0.98,Fwd,6.60
1748747200.02,-3.86,2.27,290.99,0.98,Fwd,6.60
1748747200.03,-3.38,2.27,290.99,0.98,Fwd,6.60
1748747200.03,-3.38,3.27,290.99,0.98,Fwd,6.60
1748747200.03,-3.38,3.27,285.24,0.98,Fwd,6.60
1748747200.03,-3.38,3.27,285.24,0.91,Fwd,6.60
1748747200.03,-3.38,3.27,285.24,0.91,Fwd,6.60
1748747200.03,-3.38,3.27,285.24,0.91,Fwd,6.60
1748747200.04,-3.38,3.27,285.24,0.91,Fwd,6.60
1748747200.13,-3.38,3.27,285.24,0.91,Fwd,6.60
1748747200.13,-4.15,3.27,285.24,0.91,Fwd,6.60
1748747200.13,-4.15,4.39,285.24,0.91,Fwd,6.60
1748747200.16,-4.15,4.39,278.87,0.91,Fwd,6.60
1748747200.17,-4.15,4.39,278.87,0.98,Fwd,6.60
1748747200.17,-4.15,4.39,278.87,0.98,Fwd,6.60
1748747200.17,-4.15,4.39,278.87,0.98,Fwd,6.60
1748747200.17,-4.15,4.39,278.87,0.98,Fwd,6.60
1748747200.23,-4.15,4.39,278.87,0.98,Fwd,6.60
1748747200.24,-0.29,4.39,278.87,0.98,Fwd,6.60
1748747200.24,-0.29,2.86,278.87,0.98,Fwd,6.60
1748747200.24,-0.29,2.86,272.97,0.98,Fwd,6.60
1748747200.24,-0.29,2.86,272.97,1.58,Fwd,6.60
1748747200.24,-0.29,2.86,272.97,1.58,Fwd,6.60
1748747200.24,-0.29,2.86,272.97,1.58,Fwd,6.60
1748747200.24,-0.29,2.86,272.97,1.58,Fwd,6.60
1748747200.34,-0.29,2.86,272.97,1.58,Fwd,6.60
1748747200.34,0.76,2.86,272.97,1.58,Fwd,6.60
1748747200.34,0.76,-2.69,272.97,1.58,Fwd,6.60
1748747200.35,0.76,-2.69,263.36,1.58,Fwd,6.60
1748747200.35,0.76,-2.69,263.36,1.02,Fwd,6.60
1748747200.35,0.76,-2.69,263.36,1.02,Fwd,6.60
1748747200.35,0.76,-2.69,263.36,1.02,Fwd,6.60
1748747200.35,0.76,-2.69,263.36,1.02,Fwd,6.60
1748747200.45,0.76,-2.69,263.36,1.02,Fwd,6.60
1748747200.45,2.02,-2.69,263.36,1.02,Fwd,6.60
1748747200.45,2.02,-4.57,263.36,1.02,Fwd,6.60
1748747200.45,2.02,-4.57,252.67,1.02,Fwd,6.60
1748747200.45,2.02,-4.57,252.67,0.37,Fwd,6.60
1748747200.46,2.02,-4.57,252.67,0.37,Fwd,6.60
1748747200.46,2.02,-4.57,252.67,0.37,Fwd,6.60
1748747200.46,2.02,-4.57,252.67,0.37,Fwd,6.60
1748747200.55,2.02,-4.57,252.67,0.37,Fwd,6.60
1748747200.55,3.04,-4.57,252.67,0.37,Fwd,6.60
1748747200.55,3.04,-5.17,252.67,0.37,Fwd,6.60
1748747200.58,3.04,-5.17,242.12,0.37,Fwd,6.60
1748747200.58,3.04,-5.17,242.12,0.47,Fwd,6.60
1748747200.58,3.04,-5.17,242.12,0.47,Fwd,6.60
1748747200.58,3.04,-5.17,242.12,0.47,Fwd,6.60
1748747200.58,3.04,-5.17,242.12,0.47,Fwd,6.60
1748747200.65,3.04,-5.17,242.12,0.47,Fwd,6.60
1748747200.69,1.29,-5.17,242.12,0.47,Fwd,6.60
1748747200.69,1.29,-5.02,242.12,0.47,Fwd,6.60
1748747200.69,1.29,-5.02,233.25,0.47,Fwd,6.60
1748747200.69,1.29,-5.02,233.25,0.85,Fwd,6.60
1748747200.70,1.29,-5.02,233.25,0.85,Fwd,6.60
1748747200.70,1.29,-5.02,233.25,0.85,Fwd,6.60
1748747200.70,1.29,-5.02,233.25,0.85,Fwd,6.60
1748747200.72,1.29,-5.02,233.25,0.85,Fwd,6.60
1748747200.72,-2.12,-5.02,233.25,0.85,Fwd,6.60
1748747200.72,-2.12,-5.24,233.25,0.85,Fwd,6.60
1748747200.72,-2.12,-5.24,226.24,0.85,Fwd,6.60
1748747200.72,-2.12,-5.24,226.24,1.00,Fwd,6.60
1748747200.73,-2.12,-5.24,226.24,1.00,Fwd,6.60
1748747200.73,-2.12,-5.24,226.24,1.00,Fwd,6.60
1748747200.73,-2.12,-5.24,226.24,1.00,Fwd,6.60
1748747200.84,-2.12,-5.24,226.24,1.00,Fwd,6.60
1748747200.84,-6.02,-5.24,226.24,1.00,Fwd,6.60
1748747200.84,-6.02,-4.47,226.24,1.00,Fwd,6.60
1748747200.84,-6.02,-4.47,222.43,1.00,Fwd,6.60
1748747200.84,-6.02,-4.47,222.43,0.61,Fwd,6.60
1748747200.85,-6.02,-4.47,222.43,0.61,Fwd,6.60
1748747200.85,-6.02,-4.47,222.43,0.61,Fwd,6.60
1748747200.85,-6.02,-4.47,222.43,0.61,Fwd,6.60
1748747200.93,-6.02,-4.47,222.43,0.61,Fwd,6.60
1748747200.94,-9.89,-4.47,222.43,0.61,Fwd,6.60
1748747200.94,-9.89,-3.19,222.43,0.61,Fwd,6.60
1748747200.94,-9.89,-3.19,222.38,0.61,Fwd,6.60
1748747200.94,-9.89,-3.19,222.38,1.22,Fwd,6.60
1748747200.94,-9.89,-3.19,222.38,1.22,Fwd,6.60
1748747200.94,-9.89,-3.19,222.38,1.22,Fwd,6.60
1748747200.94,-9.89,-3.19,222.38,1.22,Fwd,6.60
1748747200.96,-9.89,-3.19,222.38,1.22,Fwd,6.60
1748747201.07,-9.89,-3.19,222.38,1.22,Fwd,6.60
1748747201.07,-9.28,-3.19,222.38,1.22,Fwd,6.60
1748747201.08,-9.28,-7.95,222.38,1.22,Fwd,6.60
1748747201.08,-9.28,-7.95,222.24,1.22,Fwd,6.60
1748747201.08,-9.28,-7.95,222.24,1.00,Fwd,6.60
1748747201.08,-9.28,-7.95,222.24,1.00,Fwd,6.60
1748747201.08,-9.28,-7.95,222.24,1.00,Fwd,6.60
1748747201.08,-9.28,-7.95,222.24,1.00,Fwd,6.60
1748747201.14,-9.28,-7.95,222.24,1.00,Fwd,6.60
1748747201.18,-10.88,-7.95,222.24,1.00,Fwd,6.60
1748747201.18,-10.88,-5.56,222.24,1.00,Fwd,6.60
1748747201.18,-10.88,-5.56,209.46,1.00,Fwd,6.60
1748747201.21,-10.88,-5.56,209.46,1.05,Fwd,6.60
1748747201.25,-10.88,-5.56,209.46,1.05,Fwd,6.60
1748747201.32,-10.88,-5.56,209.46,1.05,Fwd,6.60
1748747201.32,-10.88,-5.56,209.46,1.05,Fwd,6.60
1748747201.32,-10.88,-5.56,209.46,1.05,Fwd,6.60
1748747201.33,-12.43,-5.56,209.46,1.05,Fwd,6.60
1748747201.33,-12.43,3.90,209.46,1.05,Fwd,6.60
1748747201.33,-12.43,3.90,176.63,1.05,Fwd,6.60
1748747201.33,-12.43,3.90,176.63,0.67,Fwd,6.60
1748747201.33,-12.43,3.90,176.63,0.67,Fwd,6.60
1748747201.33,-12.43,3.90,176.63,0.67,Fwd,6.60
1748747201.35,-12.43,3.90,176.63,0.67,Fwd,6.60
1748747201.35,-12.43,3.90,176.63,0.67,Fwd,6.60
1748747201.35,-12.43,3.90,176.63,0.67,Fwd,6.60
1748747201.42,-12.43,3.90,176.63,0.67,Fwd,6.60
1748747201.46,-13.80,3.90,176.63,0.67,Fwd,6.60
1748747201.49,-13.80,0.79,176.63,0.67,Fwd,6.60
1748747201.49,-13.80,0.79,176.46,0.67,Fwd,6.60
1748747201.49,-13.80,0.79,176.46,1.09,Fwd,6.60
1748747201.50,-13.80,0.79,176.46,1.09,Fwd,6.60
1748747201.50,-13.80,0.79,176.46,1.09,Fwd,6.60
1748747201.50,-13.80,0.79,176.46,1.09,Fwd,6.60
1748747201.53,-13.80,0.79,176.46,1.09,Fwd,6.60
1748747201.53,-15.13,0.79,176.46,1.09,Fwd,6.60
1748747201.53,-15.13,-1.61,176.46,1.09,Fwd,6.60
1748747201.53,-15.13,-1.61,176.81,1.09,Fwd,6.60
1748747201.53,-15.13,-1.61,176.81,1.11,Fwd,6.60
1748747201.53,-15.13,-1.61,176.81,1.11,Fwd,6.60
1748747201.53,-15.13,-1.61,176.81,1.11,Fwd,6.60
1748747201.53,-15.13,-1.61,176.81,1.11,Fwd,6.60
1748747201.64,-15.13,-1.61,176.81,1.11,Fwd,6.60
1748747201.64,-15.62,-1.61,176.81,1.11,Fwd,6.60
1748747201.64,-15.62,-3.22,176.81,1.11,Fwd,6.60
1748747201.64,-15.62,-3.22,176.32,1.11,Fwd,6.60
1748747201.64,-15.62,-3.22,176.32,0.95,Fwd,6.60
1748747201.64,-15.62,-3.22,176.32,0.95,Fwd,6.60
1748747201.64,-15.62,-3.22,176.32,0.95,Fwd,6.60
1748747201.64,-15.62,-3.22,176.32,0.95,Fwd,6.60
1748747201.74,-15.62,-3.22,176.32,0.95,Fwd,2.14
1748747201.75,-16.08,-3.22,176.32,0.95,Fwd,2.14
1748747201.75,-16.08,-2.81,176.32,0.95,Fwd,2.14
1748747201.75,-16.08,-2.81,174.22,0.95,Fwd,2.14
1748747201.75,-16.08,-2.81,174.22,1.08,Fwd,2.14
1748747201.75,-16.08,-2.81,174.22,1.08,Fwd,2.14
1748747201.75,-16.08,-2.81,174.22,1.08,Fwd,2.14
1748747201.75,-16.08,-2.81,174.22,1.08,Fwd,2.14
1748747201.84,-16.08,-2.81,174.22,1.08,Fwd,2.14
1748747201.84,-15.92,-2.81,174.22,1.08,Fwd,2.14
1748747201.84,-15.92,-1.85,174.22,1.08,Fwd,2.14
1748747201.85,-15.92,-1.85,170.56,1.08,Fwd,2.14
1748747201.85,-15.92,-1.85,170.56,0.94,Fwd,2.14
1748747201.85,-15.92,-1.85,170.56,0.94,Fwd,2.14
1748747201.85,-15.92,-1.85,170.56,0.94,Fwd,2.14
1748747201.85,-15.92,-1.85,170.56,0.94,Fwd,2.14
1748747201.95,-15.92,-1.85,170.56,0.94,Fwd,2.14
1748747201.95,-13.91,-1.85,170.56,0.94,Fwd,2.14
1748747201.95,-13.91,-1.14,170.56,0.94,Fwd,2.14
1748747201.96,-13.91,-1.14,166.51,0.94,Fwd,2.14
1748747201.96,-13.91,-1.14,166.51,0.96,Fwd,2.14
1748747201.96,-13.91,-1.14,166.51,0.96,Fwd,2.14
1748747201.96,-13.91,-1.14,166.51,0.96,Fwd,2.14
1748747201.96,-13.91,-1.14,166.51,0.96,Fwd,2.14
1748747202.05,-13.91,-1.14,166.51,0.96,Fwd,2.14
1748747202.05,-12.34,-1.14,166.51,0.96,Fwd,2.14
1748747202.06,-12.34,0.05,166.51,0.96,Fwd,2.14
1748747202.06,-12.34,0.05,162.91,0.96,Fwd,2.14
1748747202.06,-12.34,0.05,162.91,1.05,Fwd,2.14
1748747202.06,-12.34,0.05,162.91,1.05,Fwd,2.14
1748747202.06,-12.34,0.05,162.91,1.05,Fwd,2.14
1748747202.06,-12.34,0.05,162.91,1.05,Fwd,2.14
1748747202.12,-12.34,0.05,162.91,1.05,Fwd,2.14
1748747202.16,-10.25,0.05,162.91,1.05,Fwd,2.14
1748747202.16,-10.25,0.62,162.91,1.05,Fwd,2.14
1748747202.16,-10.25,0.62,160.62,1.05,Fwd,2.14
1748747202.16,-10.25,0.62,160.62,0.99,Fwd,2.14
1748747202.16,-10.25,0.62,160.62,0.99,Fwd,2.14
1748747202.16,-10.25,0.62,160.62,0.99,Fwd,2.14
1748747202.16,-10.25,0.62,160.62,0.99,Fwd,2.14
1748747202.23,-10.25,0.62,160.62,0.99,Fwd,7.25
1748747202.23,-8.24,0.62,160.62,0.99,Fwd,7.25
1748747202.23,-8.24,0.51,160.62,0.99,Fwd,7.25
1748747202.23,-8.24,0.51,160.39,0.99,Fwd,7.25
1748747202.23,-8.24,0.51,160.39,0.91,Fwd,7.25
1748747202.24,-8.24,0.51,160.39,0.91,Fwd,7.25
1748747202.24,-8.24,0.51,160.39,0.91,Fwd,7.25
1748747202.24,-8.24,0.51,160.39,0.91,Fwd,7.25
1748747202.33,-8.24,0.51,160.39,0.91,Fwd,7.25
1748747202.36,-7.01,0.51,160.39,0.91,Fwd,7.25
1748747202.36,-7.01,0.35,160.39,0.91,Fwd,7.25
1748747202.37,-7.01,0.35,161.40,0.91,Fwd,7.25
1748747202.37,-7.01,0.35,161.40,0.88,Fwd,7.25
1748747202.37,-7.01,0.35,161.40,0.88,Fwd,7.25
1748747202.37,-7.01,0.35,161.40,0.88,Fwd,7.25
1748747202.37,-7.01,0.35,161.40,0.88,Fwd,7.25
1748747202.44,-7.01,0.35,161.40,0.88,Fwd,7.25
1748747202.44,-5.50,0.35,161.40,0.88,Fwd,7.25
1748747202.44,-5.50,-0.33,161.40,0.88,Fwd,7.25
1748747202.44,-5.50,-0.33,162.44,0.88,Fwd,7.25
1748747202.44,-5.50,-0.33,162.44,0.87,Fwd,7.25
1748747202.44,-5.50,-0.33,162.44,0.87,Fwd,7.25
1748747202.45,-5.50,-0.33,162.44,0.87,Fwd,7.25
1748747202.45,-5.50,-0.33,162.44,0.87,Fwd,7.25
1748747202.54,-5.50,-0.33,162.44,0.87,Fwd,7.25
1748747202.58,-4.41,-0.33,162.44,0.87,Fwd,7.25
1748747202.61,-4.41,-0.13,162.44,0.87,Fwd,7.25
1748747202.65,-4.41,-0.13,163.05,0.87,Fwd,7.25
1748747202.68,-4.41,-0.13,163.05,0.59,Fwd,7.25
1748747202.68,-4.41,-0.13,163.05,0.59,Fwd,7.25
1748747202.68,-4.41,-0.13,163.05,0.59,Fwd,7.25
1748747202.68,-4.41,-0.13,163.05,0.59,Fwd,7.25
1748747202.69,-4.41,-0.13,163.05,0.59,Fwd,7.25
1748747202.69,-2.94,-0.13,163.05,0.59,Fwd,7.25
1748747202.69,-2.94,0.97,163.05,0.59,Fwd,7.25
1748747202.69,-2.94,0.97,163.27,0.59,Fwd,7.25
1748747202.69,-2.94,0.97,163.27,0.82,Fwd,7.25
1748747202.69,-2.94,0.97,163.27,0.82,Fwd,7.25
1748747202.71,-2.94,0.97,163.27,0.82,Fwd,7.25
1748747202.75,-2.94,0.97,163.27,0.82,Fwd,7.25
1748747202.76,-2.94,0.97,163.27,0.82,Fwd,7.25
1748747202.76,-2.79,0.97,163.27,0.82,Fwd,7.25
1748747202.76,-2.79,2.79,163.27,0.82,Fwd,7.25
1748747202.76,-2.79,2.79,163.44,0.82,Fwd,7.25
1748747202.76,-2.79,2.79,163.44,0.96,Fwd,7.25
1748747202.76,-2.79,2.79,163.44,0.96,Fwd,7.25
1748747202.76,-2.79,2.79,163.44,0.96,Fwd,7.25
1748747202.76,-2.79,2.79,163.44,0.96,Fwd,7.25
1748747202.82,-2.79,2.79,163.44,0.96,Fwd,7.25
1748747202.83,-4.77,2.79,163.44,0.96,Fwd,7.25
1748747202.83,-4.77,5.01,163.44,0.96,Fwd,7.25
1748747202.83,-4.77,5.01,163.41,0.96,Fwd,7.25
1748747202.83,-4.77,5.01,163.41,1.04,Fwd,7.25
1748747202.83,-4.77,5.01,163.41,1.04,Fwd,7.25
1748747202.83,-4.77,5.01,163.41,1.04,Fwd,7.25
1748747202.83,-4.77,5.01,163.41,1.04,Fwd,7.25
1748747202.93,-4.77,5.01,163.41,1.04,Fwd,5.33
1748747202.93,-7.08,5.01,163.41,1.04,Fwd,5.33
1748747202.93,-7.08,7.39,163.41,1.04,Fwd,5.33
1748747202.96,-7.08,7.39,163.47,1.04,Fwd,5.33
1748747203.00,-7.08,7.39,163.47,0.91,Fwd,5.33
1748747203.00,-7.08,7.39,163.47,0.91,Fwd,5.33
1748747203.00,-7.08,7.39,163.47,0.91,Fwd,5.33
1748747203.00,-7.08,7.39,163.47,0.91,Fwd,5.33
1748747203.03,-7.08,7.39,163.47,0.91,Fwd,5.33
1748747203.03,-7.36,7.39,163.47,0.91,Fwd,5.33
1748747203.03,-7.36,8.90,163.47,0.91,Fwd,5.33
1748747203.03,-7.36,8.90,164.92,0.91,Fwd,5.33
1748747203.04,-7.36,8.90,164.92,0.97,Fwd,5.33
1748747203.04,-7.36,8.90,164.92,0.97,Fwd,5.33
1748747203.04,-7.36,8.90,164.92,0.97,Fwd,5.33
1748747203.04,-7.36,8.90,164.92,0.97,Fwd,5.33
1748747203.14,-7.36,8.90,164.92,0.97,Fwd,5.33
1748747203.14,-5.92,8.90,164.92,0.97,Fwd,5.33
1748747203.14,-5.92,8.17,164.92,0.97,Fwd,5.33
1748747203.14,-5.92,8.17,168.11,0.97,Fwd,5.33
1748747203.14,-5.92,8.17,168.11,1.01,Fwd,5.33
1748747203.14,-5.92,8.17,168.11,1.01,Fwd,5.33
1748747203.14,-5.92,8.17,168.11,1.01,Fwd,5.33
1748747203.14,-5.92,8.17,168.11,1.01,Fwd,5.33
1748747203.24,-5.92,8.17,168.11,1.01,Fwd,5.33
1748747203.24,-4.93,8.17,168.11,1.01,Fwd,5.33
1748747203.24,-4.93,6.61,168.11,1.01,Fwd,5.33
1748747203.28,-4.93,6.61,172.37,1.01,Fwd,5.33
1748747203.31,-4.93,6.61,172.37,0.91,Fwd,5.33
1748747203.31,-4.93,6.61,172.37,0.91,Fwd,5.33
1748747203.32,-4.93,6.61,172.37,0.91,Fwd,5.33
1748747203.32,-4.93,6.61,172.37,0.91,Fwd,5.33
1748747203.34,-4.93,6.61,172.37,0.91,Fwd,9.11
1748747203.35,-3.99,6.61,172.37,0.91,Fwd,9.11
1748747203.35,-3.99,5.33,172.37,0.91,Fwd,9.11
1748747203.35,-3.99,5.33,177.45,0.91,Fwd,9.11
1748747203.35,-3.99,5.33,177.45,0.90,Fwd,9.11
1748747203.35,-3.99,5.33,177.45,0.90,Fwd,9.11
1748747203.35,-3.99,5.33,177.45,0.90,Fwd,9.11
1748747203.35,-3.99,5.33,177.45,0.90,Fwd,9.11
1748747203.45,-3.99,5.33,177.45,0.90,Fwd,9.11
1748747203.45,-3.10,5.33,177.45,0.90,Fwd,9.11
1748747203.45,-3.10,4.11,177.45,0.90,Fwd,9.11
1748747203.48,-3.10,4.11,183.33,0.90,Fwd,9.11
1748747203.52,-3.10,4.11,183.33,1.01,Fwd,9.11
1748747203.52,-3.10,4.11,183.33,1.01,Fwd,9.11
1748747203.52,-3.10,4.11,183.33,1.01,Fwd,9.11
1748747203.52,-3.10,4.11,183.33,1.01,Fwd,9.11
1748747203.52,-3.10,4.11,183.33,1.01,Fwd,9.11
1748747203.52,-2.43,4.11,183.33,1.01,Fwd,9.11
1748747203.52,-2.43,2.44,183.33,1.01,Fwd,9.11
1748747203.52,-2.43,2.44,190.17,1.01,Fwd,9.11
1748747203.52,-2.43,2.44,190.17,0.99,Fwd,9.11
1748747203.52,-2.43,2.44,190.17,0.99,Fwd,9.11
1748747203.55,-2.43,2.44,190.17,0.99,Fwd,9.11
1748747203.56,-2.43,2.44,190.17,0.99,Fwd,9.11
1748747203.62,-2.43,2.44,190.17,0.99,Fwd,9.11
1748747203.62,-1.96,2.44,190.17,0.99,Fwd,9.11
1748747203.62,-1.96,0.28,190.17,0.99,Fwd,9.11
1748747203.63,-1.96,0.28,197.10,0.99,Fwd,9.11
1748747203.63,-1.96,0.28,197.10,0.95,Fwd,9.11
1748747203.63,-1.96,0.28,197.10,0.95,Fwd,9.11
1748747203.63,-1.96,0.28,197.10,0.95,Fwd,9.11
1748747203.63,-1.96,0.28,197.10,0.95,Fwd,9.11
1748747203.73,-1.96,0.28,197.10,0.95,Fwd,9.11
1748747203.73,-1.62,0.28,197.10,0.95,Fwd,9.11
1748747203.73,-1.62,-1.18,197.10,0.95,Fwd,9.11
1748747203.73,-1.62,-1.18,203.12,0.95,Fwd,9.11
1748747203.73,-1.62,-1.18,203.12,1.02,Fwd,9.11
1748747203.73,-1.62,-1.18,203.12,1.02,Fwd,9.11
1748747203.73,-1.62,-1.18,203.12,1.02,Fwd,9.11
1748747203.73,-1.62,-1.18,203.12,1.02,Fwd,9.11