1748795501.04,-0.90,7.76,250.54,1.04,Fwd,9.70
1748795501.04,-0.90,7.58,250.54,1.04,Fwd,9.70
1748795501.08,-0.90,7.58,257.81,1.04,Fwd,9.70
1748795501.11,-0.90,7.58,257.81,1.04,Fwd,9.70
1748795501.15,-0.90,7.58,257.81,1.04,Fwd,9.70
1748795501.19,-0.90,7.58,257.81,1.04,Fwd,9.70
1748795501.19,-0.90,7.58,257.81,1.04,Fwd,9.70
1748795501.19,-0.90,7.58,257.81,1.04,Fwd,9.70
1748795501.19,-1.36,7.58,257.81,1.04,Fwd,9.70
1748795501.19,-1.36,7.44,257.81,1.04,Fwd,9.70
1748795501.19,-1.36,7.44,265.21,1.04,Fwd,9.70
1748795501.19,-1.36,7.44,265.21,0.94,Fwd,9.70
1748795501.20,-1.36,7.44,265.21,0.94,Fwd,9.70
1748795501.20,-1.36,7.44,265.21,0.94,Fwd,9.70
1748795501.20,-1.36,7.44,265.21,0.94,Fwd,9.70
1748795501.22,-1.36,7.44,265.21,0.94,Fwd,9.70
1748795501.22,-1.87,7.44,265.21,0.94,Fwd,9.70
1748795501.22,-1.87,7.27,265.21,0.94,Fwd,9.70
1748795501.26,-1.87,7.27,272.66,0.94,Fwd,9.70
1748795501.33,-1.87,7.27,272.66,1.04,Fwd,9.70
1748795501.33,-1.87,7.27,272.66,1.04,Fwd,9.70
1748795501.33,-1.87,7.27,272.66,1.04,Fwd,9.70
1748795501.33,-1.87,7.27,272.66,1.04,Fwd,9.70
1748795501.33,-1.87,7.27,272.66,1.04,Fwd,9.70
1748795501.33,-2.28,7.27,272.66,1.04,Fwd,9.70
1748795501.34,-2.28,7.19,272.66,1.04,Fwd,9.70
1748795501.34,-2.28,7.19,280.28,1.04,Fwd,9.70
1748795501.34,-2.28,7.19,280.28,1.03,Fwd,9.70
1748795501.34,-2.28,7.19,280.28,1.03,Fwd,9.70
1748795501.34,-2.28,7.19,280.28,1.03,Fwd,9.70
1748795501.34,-2.28,7.19,280.28,1.03,Fwd,9.70
1748795501.43,-2.28,7.19,280.28,1.03,Fwd,9.96
1748795501.43,-2.19,7.19,280.28,1.03,Fwd,9.96
1748795501.43,-2.19,7.05,280.28,1.03,Fwd,9.96
1748795501.44,-2.19,7.05,287.80,1.03,Fwd,9.96
1748795501.44,-2.19,7.05,287.80,1.03,Fwd,9.96
1748795501.44,-2.19,7.05,287.80,1.03,Fwd,9.96
1748795501.44,-2.19,7.05,287.80,1.03,Fwd,9.96
1748795501.44,-2.19,7.05,287.80,1.03,Fwd,9.96
1748795501.50,-2.19,7.05,287.80,1.03,Fwd,9.96
1748795501.50,-2.32,7.05,287.80,1.03,Fwd,9.96
1748795501.50,-2.32,6.93,287.80,1.03,Fwd,9.96
1748795501.50,-2.32,6.93,295.35,1.03,Fwd,9.96
1748795501.50,-2.32,6.93,295.35,0.87,Fwd,9.96
1748795501.50,-2.32,6.93,295.35,0.87,Fwd,9.96
1748795501.50,-2.32,6.93,295.35,0.87,Fwd,9.96
1748795501.50,-2.32,6.93,295.35,0.87,Fwd,9.96
1748795501.64,-2.32,6.93,295.35,0.87,Fwd,9.96
1748795501.64,-2.81,6.93,295.35,0.87,Fwd,9.96
1748795501.64,-2.81,6.81,295.35,0.87,Fwd,9.96
1748795501.64,-2.81,6.81,303.23,0.87,Fwd,9.96
1748795501.64,-2.81,6.81,303.23,0.96,Fwd,9.96
1748795501.64,-2.81,6.81,303.23,0.96,Fwd,9.96
1748795501.64,-2.81,6.81,303.23,0.96,Fwd,9.96
1748795501.64,-2.81,6.81,303.23,0.96,Fwd,9.96
1748795501.71,-2.81,6.81,303.23,0.96,Fwd,9.83
1748795501.71,-3.26,6.81,303.23,0.96,Fwd,9.83
1748795501.71,-3.26,6.71,303.23,0.96,Fwd,9.83
1748795501.71,-3.26,6.71,311.40,0.96,Fwd,9.83
1748795501.71,-3.26,6.71,311.40,1.10,Fwd,9.83
1748795501.71,-3.26,6.71,311.40,1.10,Fwd,9.83
1748795501.71,-3.26,6.71,311.40,1.10,Fwd,9.83
1748795501.71,-3.26,6.71,311.40,1.10,Fwd,9.83
1748795501.81,-3.26,6.71,311.40,1.10,Fwd,9.83
1748795501.81,-3.69,6.71,311.40,1.10,Fwd,9.83
1748795501.81,-3.69,6.34,311.40,1.10,Fwd,9.83
1748795501.81,-3.69,6.34,319.67,1.10,Fwd,9.83
1748795501.81,-3.69,6.34,319.67,0.95,Fwd,9.83
1748795501.82,-3.69,6.34,319.67,0.95,Fwd,9.83
1748795501.82,-3.69,6.34,319.67,0.95,Fwd,9.83
1748795501.82,-3.69,6.34,319.67,0.95,Fwd,9.83
1748795501.92,-3.69,6.34,319.67,0.95,Fwd,9.83
1748795501.92,-4.25,6.34,319.67,0.95,Fwd,9.83
1748795501.92,-4.25,5.78,319.67,0.95,Fwd,9.83
1748795501.92,-4.25,5.78,328.11,0.95,Fwd,9.83
1748795501.92,-4.25,5.78,328.11,1.11,Fwd,9.83
1748795501.92,-4.25,5.78,328.11,1.11,Fwd,9.83
1748795501.92,-4.25,5.78,328.11,1.11,Fwd,9.83
1748795501.92,-4.25,5.78,328.11,1.11,Fwd,9.83
1748795502.02,-4.25,5.78,328.11,1.11,Fwd,9.83
1748795502.02,-4.59,5.78,328.11,1.11,Fwd,9.83
1748795502.02,-4.59,5.32,328.11,1.11,Fwd,9.83
1748795502.03,-4.59,5.32,336.48,1.11,Fwd,9.83
1748795502.03,-4.59,5.32,336.48,0.96,Fwd,9.83
1748795502.03,-4.59,5.32,336.48,0.96,Fwd,9.83
1748795502.03,-4.59,5.32,336.48,0.96,Fwd,9.83
1748795502.03,-4.59,5.32,336.48,0.96,Fwd,9.83
1748795502.09,-4.59,5.32,336.48,0.96,Fwd,9.96
1748795502.09,-4.69,5.32,336.48,0.96,Fwd,9.96
1748795502.09,-4.69,4.69,336.48,0.96,Fwd,9.96
1748795502.09,-4.69,4.69,344.83,0.96,Fwd,9.96
1748795502.10,-4.69,4.69,344.83,0.90,Fwd,9.96
1748795502.10,-4.69,4.69,344.83,0.90,Fwd,9.96
1748795502.10,-4.69,4.69,344.83,0.90,Fwd,9.96
1748795502.10,-4.69,4.69,344.83,0.90,Fwd,9.96
1748795502.20,-4.69,4.69,344.83,0.90,Fwd,9.96
1748795502.20,-4.90,4.69,344.83,0.90,Fwd,9.96
1748795502.20,-4.90,3.91,344.83,0.90,Fwd,9.96
1748795502.20,-4.90,3.91,353.30,0.90,Fwd,9.96
1748795502.20,-4.90,3.91,353.30,1.00,Fwd,9.96
1748795502.20,-4.90,3.91,353.30,1.00,Fwd,9.96
1748795502.20,-4.90,3.91,353.30,1.00,Fwd,9.96
1748795502.20,-4.90,3.91,353.30,1.00,Fwd,9.96
1748795502.30,-4.90,3.91,353.30,1.00,Fwd,9.96
1748795502.30,-5.05,3.91,353.30,1.00,Fwd,9.96
1748795502.30,-5.05,3.02,353.30,1.00,Fwd,9.96
1748795502.30,-5.05,3.02,1.72,1.00,Fwd,9.96
1748795502.30,-5.05,3.02,1.72,0.97,Fwd,9.96
1748795502.31,-5.05,3.02,1.72,0.97,Fwd,9.96
1748795502.31,-5.05,3.02,1.72,0.97,Fwd,9.96
1748795502.31,-5.05,3.02,1.72,0.97,Fwd,9.96
1748795502.41,-5.05,3.02,1.72,0.97,Fwd,9.96
1748795502.44,-5.09,3.02,1.72,0.97,Fwd,9.96
1748795502.44,-5.09,2.00,1.72,0.97,Fwd,9.96
1748795502.44,-5.09,2.00,9.92,0.97,Fwd,9.96
1748795502.44,-5.09,2.00,9.92,1.06,Fwd,9.96
1748795502.44,-5.09,2.00,9.92,1.06,Fwd,9.96
1748795502.44,-5.09,2.00,9.92,1.06,Fwd,9.96
1748795502.51,-5.09,2.00,9.92,1.06,Fwd,9.96
1748795502.52,-5.09,2.00,9.92,1.06,Fwd,9.45
1748795502.52,-4.86,2.00,9.92,1.06,Fwd,9.45
1748795502.52,-4.86,1.19,9.92,1.06,Fwd,9.45
1748795502.52,-4.86,1.19,17.93,1.06,Fwd,9.45
1748795502.52,-4.86,1.19,17.93,0.96,Fwd,9.45
1748795502.52,-4.86,1.19,17.93,0.96,Fwd,9.45
1748795502.52,-4.86,1.19,17.93,0.96,Fwd,9.45
1748795502.52,-4.86,1.19,17.93,0.96,Fwd,9.45
1748795502.66,-4.86,1.19,17.93,0.96,Fwd,9.45
1748795502.66,-4.62,1.19,17.93,0.96,Fwd,9.45
1748795502.66,-4.62,0.77,17.93,0.96,Fwd,9.45
1748795502.66,-4.62,0.77,25.11,0.96,Fwd,9.45
1748795502.66,-4.62,0.77,25.11,0.97,Fwd,9.45
1748795502.66,-4.62,0.77,25.11,0.97,Fwd,9.45
1748795502.69,-4.62,0.77,25.11,0.97,Fwd,9.45
1748795502.72,-4.62,0.77,25.11,0.97,Fwd,9.45
1748795502.76,-4.62,0.77,25.11,0.97,Fwd,9.45
1748795502.79,-4.11,0.77,25.11,0.97,Fwd,9.45
1748795502.83,-4.11,-0.07,25.11,0.97,Fwd,9.45
1748795502.86,-4.11,-0.07,30.55,0.97,Fwd,9.45
1748795502.90,-4.11,-0.07,30.55,0.97,Fwd,9.45
1748795502.93,-4.11,-0.07,30.55,0.97,Fwd,9.45
1748795502.97,-4.11,-0.07,30.55,0.97,Fwd,9.45
1748795503.00,-4.11,-0.07,30.55,0.97,Fwd,9.45
1748795503.04,-4.11,-0.07,30.55,0.97,Fwd,9.45
1748795503.08,-2.70,-0.07,30.55,0.97,Fwd,9.45
1748795503.08,-2.70,-0.94,30.55,0.97,Fwd,9.45
1748795503.08,-2.70,-0.94,34.52,0.97,Fwd,9.45
1748795503.08,-2.70,-0.94,34.52,1.04,Fwd,9.45
1748795503.08,-2.70,-0.94,34.52,1.04,Fwd,9.45
1748795503.08,-2.70,-0.94,34.52,1.04,Fwd,9.45
1748795503.11,-2.70,-0.94,34.52,1.04,Fwd,9.45
1748795503.11,-2.70,-0.94,34.52,1.04,Fwd,9.45
1748795503.12,-2.97,-0.94,34.52,1.04,Fwd,9.45
1748795503.12,-2.97,-3.74,34.52,1.04,Fwd,9.45
1748795503.12,-2.97,-3.74,40.58,1.04,Fwd,9.45
1748795503.12,-2.97,-3.74,40.58,1.00,Fwd,9.45
1748795503.12,-2.97,-3.74,40.58,1.00,Fwd,9.45
1748795503.12,-2.97,-3.74,40.58,1.00,Fwd,9.45
1748795503.12,-2.97,-3.74,40.58,1.00,Fwd,9.45
1748795503.12,-2.97,-3.74,40.58,1.00,Fwd,7.62
1748795503.13,-2.97,-3.74,40.58,1.00,Fwd,7.62
1748795503.13,-5.22,-3.74,40.58,1.00,Fwd,7.62
1748795503.13,-5.22,-4.20,40.58,1.00,Fwd,7.62
1748795503.13,-5.22,-4.20,43.12,1.00,Fwd,7.62
1748795503.13,-5.22,-4.20,43.12,1.02,Fwd,7.62
1748795503.14,-5.22,-4.20,43.12,1.02,Fwd,7.62
1748795503.18,-5.22,-4.20,43.12,1.02,Fwd,7.62
1748795503.18,-5.22,-4.20,43.12,1.02,Fwd,7.62
1748795503.21,-5.22,-4.20,43.12,1.02,Fwd,7.62
1748795503.25,-8.15,-4.20,43.12,1.02,Fwd,7.62
1748795503.28,-8.15,-5.90,43.12,1.02,Fwd,7.62
1748795503.32,-8.15,-5.90,46.25,1.02,Fwd,7.62
1748795503.35,-8.15,-5.90,46.25,1.07,Fwd,7.62
1748795503.39,-8.15,-5.90,46.25,1.07,Fwd,7.62
1748795503.42,-8.15,-5.90,46.25,1.07,Fwd,7.62
1748795503.46,-8.15,-5.90,46.25,1.07,Fwd,7.62
1748795503.49,-8.15,-5.90,46.25,1.07,Fwd,7.62
1748795503.53,-8.33,-5.90,46.25,1.07,Fwd,7.62
1748795503.53,-8.33,-7.99,46.25,1.07,Fwd,7.62
1748795503.53,-8.33,-7.99,50.09,1.07,Fwd,7.62
1748795503.54,-8.33,-7.99,50.09,0.95,Fwd,7.62
1748795503.54,-8.33,-7.99,50.09,0.95,Fwd,7.62
1748795503.54,-8.33,-7.99,50.09,0.95,Fwd,7.62
1748795503.56,-8.33,-7.99,50.09,0.95,Fwd,7.62
1748795503.56,-8.33,-7.99,50.09,0.95,Fwd,9.83
1748795503.57,-5.93,-7.99,50.09,0.95,Fwd,9.83
1748795503.57,-5.93,-7.81,50.09,0.95,Fwd,9.83
1748795503.57,-5.93,-7.81,52.70,0.95,Fwd,9.83
1748795503.57,-5.93,-7.81,52.70,0.83,Fwd,9.83
1748795503.58,-5.93,-7.81,52.70,0.83,Fwd,9.83
1748795503.58,-5.93,-7.81,52.70,0.83,Fwd,9.83
1748795503.58,-5.93,-7.81,52.70,0.83,Fwd,9.83
1748795503.58,-5.93,-7.81,52.70,0.83,Fwd,9.83
1748795503.58,-3.48,-7.81,52.70,0.83,Fwd,9.83
1748795503.58,-3.48,-6.02,52.70,0.83,Fwd,9.83
1748795503.58,-3.48,-6.02,53.58,0.83,Fwd,9.83
1748795503.58,-3.48,-6.02,53.58,0.92,Fwd,9.83
1748795503.58,-3.48,-6.02,53.58,0.92,Fwd,9.83
1748795503.60,-3.48,-6.02,53.58,0.92,Fwd,9.83
1748795503.60,-4.39,-6.02,53.58,0.92,Fwd,9.83
1748795503.60,-4.39,-4.51,53.58,0.92,Fwd,9.83
1748795503.60,-4.39,-4.51,53.52,0.92,Fwd,9.83
1748795503.60,-4.39,-4.51,53.52,0.94,Fwd,9.83
1748795503.61,-4.39,-4.51,53.52,0.94,Fwd,9.83
1748795503.61,-4.39,-4.51,53.52,0.94,Fwd,9.83
1748795503.61,-4.39,-4.51,53.52,0.94,Fwd,9.83
1748795503.70,-4.39,-4.51,53.52,0.94,Fwd,9.83
1748795503.74,-7.40,-4.51,53.52,0.94,Fwd,9.83
1748795503.74,-7.40,-2.89,53.52,0.94,Fwd,9.83
1748795503.74,-7.40,-2.89,52.54,0.94,Fwd,9.83
1748795503.74,-7.40,-2.89,52.54,1.23,Fwd,9.83
1748795503.74,-7.40,-2.89,52.54,1.23,Fwd,9.83
1748795503.74,-7.40,-2.89,52.54,1.23,Fwd,9.83
1748795503.74,-7.40,-2.89,52.54,1.23,Fwd,9.83
1748795503.81,-7.40,-2.89,52.54,1.23,Fwd,9.96
1748795503.81,-7.35,-2.89,52.54,1.23,Fwd,9.96
1748795503.81,-7.35,-1.80,52.54,1.23,Fwd,9.96
1748795503.81,-7.35,-1.80,50.98,1.23,Fwd,9.96
1748795503.81,-7.35,-1.80,50.98,0.91,Fwd,9.96
1748795503.81,-7.35,-1.80,50.98,0.91,Fwd,9.96
1748795503.81,-7.35,-1.80,50.98,0.91,Fwd,9.96
1748795503.81,-7.35,-1.80,50.98,0.91,Fwd,9.96
1748795503.91,-7.35,-1.80,50.98,0.91,Fwd,9.96
1748795503.91,-5.54,-1.80,50.98,0.91,Fwd,9.96
1748795503.91,-5.54,-2.07,50.98,0.91,Fwd,9.96
1748795503.92,-5.54,-2.07,50.00,0.91,Fwd,9.96
1748795503.92,-5.54,-2.07,50.00,0.93,Fwd,9.96
1748795503.92,-5.54,-2.07,50.00,0.93,Fwd,9.96
1748795503.92,-5.54,-2.07,50.00,0.93,Fwd,9.96
1748795503.92,-5.54,-2.07,50.00,0.93,Fwd,9.96
1748795504.02,-5.54,-2.07,50.00,0.93,Fwd,13.10
1748795504.02,-5.17,-2.07,50.00,0.93,Fwd,13.10
1748795504.02,-5.17,-2.34,50.00,0.93,Fwd,13.10
1748795504.02,-5.17,-2.34,50.07,0.93,Fwd,13.10
1748795504.02,-5.17,-2.34,50.07,1.03,Fwd,13.10
1748795504.02,-5.17,-2.34,50.07,1.03,Fwd,13.10
1748795504.02,-5.17,-2.34,50.07,1.03,Fwd,13.10
1748795504.02,-5.17,-2.34,50.07,1.03,Fwd,13.10
1748795504.13,-5.17,-2.34,50.07,1.03,Fwd,13.10
1748795504.13,-3.90,-2.34,50.07,1.03,Fwd,13.10
1748795504.13,-3.90,-3.35,50.07,1.03,Fwd,13.10
1748795504.16,-3.90,-3.35,50.34,1.03,Fwd,13.10
1748795504.16,-3.90,-3.35,50.34,0.94,Fwd,13.10
1748795504.16,-3.90,-3.35,50.34,0.94,Fwd,13.10
1748795504.16,-3.90,-3.35,50.34,0.94,Fwd,13.10
1748795504.16,-3.90,-3.35,50.34,0.94,Fwd,13.10
1748795504.20,-3.90,-3.35,50.34,0.94,Fwd,13.10
1748795504.20,-3.04,-3.35,50.34,0.94,Fwd,13.10
1748795504.20,-3.04,-3.12,50.34,0.94,Fwd,13.10
1748795504.20,-3.04,-3.12,51.23,0.94,Fwd,13.10
1748795504.20,-3.04,-3.12,51.23,0.86,Fwd,13.10
1748795504.21,-3.04,-3.12,51.23,0.86,Fwd,13.10
1748795504.21,-3.04,-3.12,51.23,0.86,Fwd,13.10
1748795504.21,-3.04,-3.12,51.23,0.86,Fwd,13.10
1748795504.30,-3.04,-3.12,51.23,0.86,Fwd,13.10
1748795504.30,-2.28,-3.12,51.23,0.86,Fwd,13.10
1748795504.30,-2.28,-3.45,51.23,0.86,Fwd,13.10
1748795504.30,-2.28,-3.45,53.03,0.86,Fwd,13.10
1748795504.30,-2.28,-3.45,53.03,1.15,Fwd,13.10
1748795504.31,-2.28,-3.45,53.03,1.15,Fwd,13.10
1748795504.33,-2.28,-3.45,53.03,1.15,Fwd,13.10
1748795504.37,-2.28,-3.45,53.03,1.15,Fwd,13.10
1748795504.40,-2.28,-3.45,53.03,1.15,Fwd,12.24
1748795504.41,-1.53,-3.45,53.03,1.15,Fwd,12.24
1748795504.41,-1.53,-3.85,53.03,1.15,Fwd,12.24
1748795504.41,-1.53,-3.85,55.21,1.15,Fwd,12.24
1748795504.41,-1.53,-3.85,55.21,0.97,Fwd,12.24
1748795504.41,-1.53,-3.85,55.21,0.97,Fwd,12.24
1748795504.41,-1.53,-3.85,55.21,0.97,Fwd,12.24
1748795504.41,-1.53,-3.85,55.21,0.97,Fwd,12.24
1748795504.51,-1.53,-3.85,55.21,0.97,Fwd,12.24
1748795504.51,-1.18,-3.85,55.21,0.97,Fwd,12.24
1748795504.51,-1.18,-4.51,55.21,0.97,Fwd,12.24
1748795504.51,-1.18,-4.51,57.02,0.97,Fwd,12.24
1748795504.52,-1.18,-4.51,57.02,1.05,Fwd,12.24
1748795504.52,-1.18,-4.51,57.02,1.05,Fwd,12.24
1748795504.52,-1.18,-4.51,57.02,1.05,Fwd,12.24
1748795504.52,-1.18,-4.51,57.02,1.05,Fwd,12.24
1748795504.62,-1.18,-4.51,57.02,1.05,Fwd,12.24
1748795504.62,-0.79,-4.51,57.02,1.05,Fwd,12.24
1748795504.62,-0.79,-4.80,57.02,1.05,Fwd,12.24
1748795504.62,-0.79,-4.80,58.47,1.05,Fwd,12.24
1748795504.62,-0.79,-4.80,58.47,1.04,Fwd,12.24
1748795504.62,-0.79,-4.80,58.47,1.04,Fwd,12.24
1748795504.62,-0.79,-4.80,58.47,1.04,Fwd,12.24
1748795504.62,-0.79,-4.80,58.47,1.04,Fwd,12.24
1748795504.72,-0.79,-4.80,58.47,1.04,Fwd,11.49
1748795504.76,-0.46,-4.80,58.47,1.04,Fwd,11.49
1748795504.76,-0.46,-4.65,58.47,1.04,Fwd,11.49
1748795504.76,-0.46,-4.65,59.50,1.04,Fwd,11.49
1748795504.76,-0.46,-4.65,59.50,0.96,Fwd,11.49
1748795504.76,-0.46,-4.65,59.50,0.96,Fwd,11.49
1748795504.76,-0.46,-4.65,59.50,0.96,Fwd,11.49
1748795504.77,-0.46,-4.65,59.50,0.96,Fwd,11.49
1748795504.82,-0.46,-4.65,59.50,0.96,Fwd,11.49
1748795504.86,-0.03,-4.65,59.50,0.96,Fwd,11.49
1748795504.86,-0.03,-5.22,59.50,0.96,Fwd,11.49
1748795504.86,-0.03,-5.22,60.07,0.96,Fwd,11.49
1748795504.86,-0.03,-5.22,60.07,0.98,Fwd,11.49
1748795504.87,-0.03,-5.22,60.07,0.98,Fwd,11.49
1748795504.87,-0.03,-5.22,60.07,0.98,Fwd,11.49
1748795504.87,-0.03,-5.22,60.07,0.98,Fwd,11.49
1748795504.89,-0.03,-5.22,60.07,0.98,Fwd,11.49
1748795504.90,-0.16,-5.22,60.07,0.98,Fwd,11.49
1748795504.90,-0.16,-5.38,60.07,0.98,Fwd,11.49
1748795504.90,-0.16,-5.38,60.61,0.98,Fwd,11.49
1748795504.90,-0.16,-5.38,60.61,0.88,Fwd,11.49
1748795504.90,-0.16,-5.38,60.61,0.88,Fwd,11.49
1748795504.90,-0.16,-5.38,60.61,0.88,Fwd,11.49
1748795504.90,-0.16,-5.38,60.61,0.88,Fwd,11.49
1748795505.00,-0.16,-5.38,60.61,0.88,Fwd,10.98
1748795505.03,-0.13,-5.38,60.61,0.88,Fwd,10.98
1748795505.04,-0.13,-5.88,60.61,0.88,Fwd,10.98
1748795505.04,-0.13,-5.88,61.17,0.88,Fwd,10.98
1748795505.04,-0.13,-5.88,61.17,0.99,Fwd,10.98
1748795505.04,-0.13,-5.88,61.17,0.99,Fwd,10.98
1748795505.04,-0.13,-5.88,61.17,0.99,Fwd,10.98
1748795505.04,-0.13,-5.88,61.17,0.99,Fwd,10.98
1748795505.11,-0.13,-5.88,61.17,0.99,Fwd,10.98
1748795505.14,-0.11,-5.88,61.17,0.99,Fwd,10.98
1748795505.14,-0.11,-6.09,61.17,0.99,Fwd,10.98
1748795505.14,-0.11,-6.09,61.60,0.99,Fwd,10.98
1748795505.15,-0.11,-6.09,61.60,0.92,Fwd,10.98
1748795505.15,-0.11,-6.09,61.60,0.92,Fwd,10.98
1748795505.15,-0.11,-6.09,61.60,0.92,Fwd,10.98
1748795505.15,-0.11,-6.09,61.60,0.92,Fwd,10.98
1748795505.21,-0.11,-6.09,61.60,0.92,Fwd,10.98
1748795505.21,0.01,-6.09,61.60,0.92,Fwd,10.98
1748795505.21,0.01,-6.16,61.60,0.92,Fwd,10.98
1748795505.21,0.01,-6.16,61.50,0.92,Fwd,10.98
1748795505.22,0.01,-6.16,61.50,1.08,Fwd,10.98
1748795505.22,0.01,-6.16,61.50,1.08,Fwd,10.98
1748795505.22,0.01,-6.16,61.50,1.08,Fwd,10.98
1748795505.22,0.01,-6.16,61.50,1.08,Fwd,10.98
1748795505.31,0.01,-6.16,61.50,1.08,Fwd,10.98
1748795505.31,0.53,-6.16,61.50,1.08,Fwd,10.98
1748795505.31,0.53,-6.28,61.50,1.08,Fwd,10.98
1748795505.31,0.53,-6.28,60.86,1.08,Fwd,10.98
1748795505.32,0.53,-6.28,60.86,0.94,Fwd,10.98
1748795505.32,0.53,-6.28,60.86,0.94,Fwd,10.98
1748795505.32,0.53,-6.28,60.86,0.94,Fwd,10.98
1748795505.32,0.53,-6.28,60.86,0.94,Fwd,10.98
1748795505.42,0.53,-6.28,60.86,0.94,Fwd,10.82
1748795505.45,0.51,-6.28,60.86,0.94,Fwd,10.82
1748795505.46,0.51,-6.44,60.86,0.94,Fwd,10.82
1748795505.46,0.51,-6.44,60.40,0.94,Fwd,10.82
1748795505.46,0.51,-6.44,60.40,1.00,Fwd,10.82
1748795505.47,0.51,-6.44,60.40,1.00,Fwd,10.82
1748795505.47,0.51,-6.44,60.40,1.00,Fwd,10.82
1748795505.47,0.51,-6.44,60.40,1.00,Fwd,10.82
1748795505.52,0.51,-6.44,60.40,1.00,Fwd,10.82
1748795505.56,0.24,-6.44,60.40,1.00,Fwd,10.82
1748795505.57,0.24,-6.62,60.40,1.00,Fwd,10.82
1748795505.57,0.24,-6.62,60.16,1.00,Fwd,10.82
1748795505.57,0.24,-6.62,60.16,0.97,Fwd,10.82
1748795505.57,0.24,-6.62,60.16,0.97,Fwd,10.82
1748795505.57,0.24,-6.62,60.16,0.97,Fwd,10.82
1748795505.58,0.24,-6.62,60.16,0.97,Fwd,10.82
1748795505.63,0.24,-6.62,60.16,0.97,Fwd,10.82
1748795505.63,0.16,-6.62,60.16,0.97,Fwd,10.82
1748795505.63,0.16,-6.83,60.16,0.97,Fwd,10.82
1748795505.63,0.16,-6.83,59.73,0.97,Fwd,10.82
1748795505.64,0.16,-6.83,59.73,0.98,Fwd,10.82
1748795505.64,0.16,-6.83,59.73,0.98,Fwd,10.82
1748795505.64,0.16,-6.83,59.73,0.98,Fwd,10.82
1748795505.64,0.16,-6.83,59.73,0.98,Fwd,10.82
1748795505.70,0.16,-6.83,59.73,0.98,Fwd,10.82
1748795505.70,0.01,-6.83,59.73,0.98,Fwd,10.82
1748795505.70,0.01,-6.94,59.73,0.98,Fwd,10.82
1748795505.71,0.01,-6.94,58.97,0.98,Fwd,10.82
1748795505.71,0.01,-6.94,58.97,0.99,Fwd,10.82
1748795505.71,0.01,-6.94,58.97,0.99,Fwd,10.82
1748795505.71,0.01,-6.94,58.97,0.99,Fwd,10.82
1748795505.71,0.01,-6.94,58.97,0.99,Fwd,10.82
1748795505.81,0.01,-6.94,58.97,0.99,Fwd,10.82
1748795505.81,0.32,-6.94,58.97,0.99,Fwd,10.82
1748795505.81,0.32,-6.73,58.97,0.99,Fwd,10.82
1748795505.81,0.32,-6.73,57.84,0.99,Fwd,10.82
1748795505.82,0.32,-6.73,57.84,1.02,Fwd,10.82
1748795505.82,0.32,-6.73,57.84,1.02,Fwd,10.82
1748795505.82,0.32,-6.73,57.84,1.02,Fwd,10.82
1748795505.82,0.32,-6.73,57.84,1.02,Fwd,10.82
1748795505.91,0.32,-6.73,57.84,1.02,Fwd,10.82
1748795505.91,0.29,-6.73,57.84,1.02,Fwd,10.82
1748795505.92,0.29,-6.73,57.84,1.02,Fwd,10.82
1748795505.92,0.29,-6.73,56.48,1.02,Fwd,10.82
1748795505.92,0.29,-6.73,56.48,0.99,Fwd,10.82
1748795505.92,0.29,-6.73,56.48,0.99,Fwd,10.82
1748795505.94,0.29,-6.73,56.48,0.99,Fwd,10.82
1748795505.98,0.29,-6.73,56.48,0.99,Fwd,10.82
1748795506.02,0.29,-6.73,56.48,0.99,Fwd,10.82
1748795506.02,0.57,-6.73,56.48,0.99,Fwd,10.82
1748795506.02,0.57,-6.63,56.48,0.99,Fwd,10.82
1748795506.02,0.57,-6.63,55.04,0.99,Fwd,10.82
1748795506.02,0.57,-6.63,55.04,0.99,Fwd,10.82
1748795506.03,0.57,-6.63,55.04,0.99,Fwd,10.82
1748795506.03,0.57,-6.63,55.04,0.99,Fwd,10.82
1748795506.03,0.57,-6.63,55.04,0.99,Fwd,10.82
1748795506.12,0.57,-6.63,55.04,0.99,Fwd,10.67
1748795506.16,0.61,-6.63,55.04,0.99,Fwd,10.67
1748795506.19,0.61,-6.85,55.04,0.99,Fwd,10.67
1748795506.23,0.61,-6.85,53.87,0.99,Fwd,10.67
1748795506.23,0.61,-6.85,53.87,1.01,Fwd,10.67
1748795506.23,0.61,-6.85,53.87,1.01,Fwd,10.67
1748795506.23,0.61,-6.85,53.87,1.01,Fwd,10.67
1748795506.23,0.61,-6.85,53.87,1.01,Fwd,10.67
1748795506.23,0.61,-6.85,53.87,1.01,Fwd,10.67
1748795506.23,0.30,-6.85,53.87,1.01,Fwd,10.67
1748795506.24,0.30,-7.23,53.87,1.01,Fwd,10.67
1748795506.24,0.30,-7.23,53.08,1.01,Fwd,10.67
1748795506.24,0.30,-7.23,53.08,1.02,Fwd,10.67
1748795506.30,0.30,-7.23,53.08,1.02,Fwd,10.67
1748795506.30,0.15,-7.23,53.08,1.02,Fwd,10.67
1748795506.30,0.15,-7.75,53.08,1.02,Fwd,10.67
1748795506.30,0.15,-7.75,52.28,1.02,Fwd,10.67
1748795506.31,0.15,-7.75,52.28,0.93,Fwd,10.67
1748795506.31,0.15,-7.75,52.28,0.93,Fwd,10.67
1748795506.31,0.15,-7.75,52.28,0.93,Fwd,10.67
1748795506.31,0.15,-7.75,52.28,0.93,Fwd,10.67
1748795506.40,0.15,-7.75,52.28,0.93,Fwd,10.37
1748795506.40,0.05,-7.75,52.28,0.93,Fwd,10.37
1748795506.40,0.05,-8.16,52.28,0.93,Fwd,10.37
1748795506.41,0.05,-8.16,51.04,0.93,Fwd,10.37
1748795506.41,0.05,-8.16,51.04,0.96,Fwd,10.37
1748795506.41,0.05,-8.16,51.04,0.96,Fwd,10.37
1748795506.41,0.05,-8.16,51.04,0.96,Fwd,10.37
1748795506.41,0.05,-8.16,51.04,0.96,Fwd,10.37
1748795506.50,0.05,-8.16,51.04,0.96,Fwd,10.37
1748795506.54,-0.04,-8.16,51.04,0.96,Fwd,10.37
1748795506.54,-0.04,-8.72,51.04,0.96,Fwd,10.37
1748795506.54,-0.04,-8.72,49.25,0.96,Fwd,10.37
1748795506.54,-0.04,-8.72,49.25,1.00,Fwd,10.37
1748795506.54,-0.04,-8.72,49.25,1.00,Fwd,10.37
1748795506.54,-0.04,-8.72,49.25,1.00,Fwd,10.37
1748795506.54,-0.04,-8.72,49.25,1.00,Fwd,10.37
1748795506.61,-0.04,-8.72,49.25,1.00,Fwd,10.37
1748795506.61,-0.40,-8.72,49.25,1.00,Fwd,10.37
1748795506.61,-0.40,-9.16,49.25,1.00,Fwd,10.37
1748795506.61,-0.40,-9.16,46.94,1.00,Fwd,10.37
1748795506.61,-0.40,-9.16,46.94,0.94,Fwd,10.37
1748795506.61,-0.40,-9.16,46.94,0.94,Fwd,10.37
1748795506.62,-0.40,-9.16,46.94,0.94,Fwd,10.37
1748795506.62,-0.40,-9.16,46.94,0.94,Fwd,10.37
1748795506.72,-0.40,-9.16,46.94,0.94,Fwd,10.37
1748795506.72,-0.71,-9.16,46.94,0.94,Fwd,10.37
1748795506.72,-0.71,-9.63,46.94,0.94,Fwd,10.37
1748795506.72,-0.71,-9.63,44.08,0.94,Fwd,10.37
1748795506.72,-0.71,-9.63,44.08,1.09,Fwd,10.37
1748795506.72,-0.71,-9.63,44.08,1.09,Fwd,10.37
1748795506.72,-0.71,-9.63,44.08,1.09,Fwd,10.37
1748795506.72,-0.71,-9.63,44.08,1.09,Fwd,10.37
1748795506.85,-0.71,-9.63,44.08,1.09,Fwd,10.67
1748795506.89,-0.98,-9.63,44.08,1.09,Fwd,10.67
1748795506.89,-0.98,-10.00,44.08,1.09,Fwd,10.67
1748795506.89,-0.98,-10.00,40.73,1.09,Fwd,10.67
1748795506.89,-0.98,-10.00,40.73,1.06,Fwd,10.67
1748795506.89,-0.98,-10.00,40.73,1.06,Fwd,10.67
1748795506.89,-0.98,-10.00,40.73,1.06,Fwd,10.67
1748795506.89,-0.98,-10.00,40.73,1.06,Fwd,10.67
1748795506.89,-0.98,-10.00,40.73,1.06,Fwd,10.67
1748795506.90,-1.33,-10.00,40.73,1.06,Fwd,10.67
1748795506.90,-1.33,-10.02,40.73,1.06,Fwd,10.67
1748795506.90,-1.33,-10.02,36.91,1.06,Fwd,10.67
1748795506.92,-1.33,-10.02,36.91,0.92,Fwd,10.67
1748795506.96,-1.33,-10.02,36.91,0.92,Fwd,10.67
1748795506.96,-1.33,-10.02,36.91,0.92,Fwd,10.67
1748795506.96,-1.33,-10.02,36.91,0.92,Fwd,10.67
1748795506.99,-1.33,-10.02,36.91,0.92,Fwd,10.67
1748795506.99,-1.56,-10.02,36.91,0.92,Fwd,10.67
1748795506.99,-1.56,-10.17,36.91,0.92,Fwd,10.67
1748795506.99,-1.56,-10.17,32.55,0.92,Fwd,10.67
1748795506.99,-1.56,-10.17,32.55,1.04,Fwd,10.67
1748795506.99,-1.56,-10.17,32.55,1.04,Fwd,10.67
1748795507.00,-1.56,-10.17,32.55,1.04,Fwd,10.67
1748795507.00,-1.56,-10.17,32.55,1.04,Fwd,10.67
1748795507.10,-1.56,-10.17,32.55,1.04,Fwd,10.82
1748795507.10,-1.82,-10.17,32.55,1.04,Fwd,10.82
1748795507.10,-1.82,-10.27,32.55,1.04,Fwd,10.82
1748795507.10,-1.82,-10.27,27.86,1.04,Fwd,10.82
1748795507.10,-1.82,-10.27,27.86,0.90,Fwd,10.82
1748795507.10,-1.82,-10.27,27.86,0.90,Fwd,10.82
1748795507.13,-1.82,-10.27,27.86,0.90,Fwd,10.82
1748795507.13,-1.82,-10.27,27.86,0.90,Fwd,10.82
1748795507.20,-1.82,-10.27,27.86,0.90,Fwd,10.82
1748795507.20,-2.25,-10.27,27.86,0.90,Fwd,10.82
1748795507.21,-2.25,-10.18,27.86,0.90,Fwd,10.82
1748795507.21,-2.25,-10.18,22.94,0.90,Fwd,10.82
1748795507.21,-2.25,-10.18,22.94,1.06,Fwd,10.82
1748795507.21,-2.25,-10.18,22.94,1.06,Fwd,10.82
1748795507.21,-2.25,-10.18,22.94,1.06,Fwd,10.82
1748795507.21,-2.25,-10.18,22.94,1.06,Fwd,10.82
1748795507.31,-2.25,-10.18,22.94,1.06,Fwd,10.82
1748795507.31,-2.77,-10.18,22.94,1.06,Fwd,10.82
1748795507.31,-2.77,-9.77,22.94,1.06,Fwd,10.82
1748795507.31,-2.77,-9.77,17.70,1.06,Fwd,10.82
1748795507.31,-2.77,-9.77,17.70,0.96,Fwd,10.82
1748795507.32,-2.77,-9.77,17.70,0.96,Fwd,10.82
1748795507.32,-2.77,-9.77,17.70,0.96,Fwd,10.82
1748795507.32,-2.77,-9.77,17.70,0.96,Fwd,10.82
1748795507.42,-2.77,-9.77,17.70,0.96,Fwd,11.32
1748795507.42,-3.08,-9.77,17.70,0.96,Fwd,11.32
1748795507.42,-3.08,-9.50,17.70,0.96,Fwd,11.32
1748795507.42,-3.08,-9.50,12.10,0.96,Fwd,11.32
1748795507.42,-3.08,-9.50,12.10,1.04,Fwd,11.32
1748795507.42,-3.08,-9.50,12.10,1.04,Fwd,11.32
1748795507.42,-3.08,-9.50,12.10,1.04,Fwd,11.32
1748795507.43,-3.08,-9.50,12.10,1.04,Fwd,11.32
1748795507.59,-3.08,-9.50,12.10,1.04,Fwd,11.32
1748795507.62,-3.88,-9.50,12.10,1.04,Fwd,11.32
1748795507.66,-3.88,-8.76,12.10,1.04,Fwd,11.32
1748795507.66,-3.88,-8.76,6.18,1.04,Fwd,11.32
1748795507.66,-3.88,-8.76,6.18,0.99,Fwd,11.32
1748795507.69,-3.88,-8.76,6.18,0.99,Fwd,11.32
1748795507.70,-3.88,-8.76,6.18,0.99,Fwd,11.32
1748795507.70,-3.88,-8.76,6.18,0.99,Fwd,11.32
1748795507.70,-3.88,-8.76,6.18,0.99,Fwd,11.32
1748795507.70,-4.61,-8.76,6.18,0.99,Fwd,11.32
1748795507.70,-4.61,-7.70,6.18,0.99,Fwd,11.32
1748795507.73,-4.61,-7.70,359.81,0.99,Fwd,11.32
1748795507.77,-4.61,-7.70,359.81,0.92,Fwd,11.32
1748795507.80,-4.61,-7.70,359.81,0.92,Fwd,11.32
1748795507.84,-4.61,-7.70,359.81,0.92,Fwd,11.32
1748795507.84,-4.61,-7.70,359.81,0.92,Fwd,11.32
1748795507.84,-4.61,-7.70,359.81,0.92,Fwd,11.32
1748795507.84,-5.72,-7.70,359.81,0.92,Fwd,11.32
1748795507.84,-5.72,-6.45,359.81,0.92,Fwd,11.32
1748795507.84,-5.72,-6.45,353.35,0.92,Fwd,11.32
1748795507.84,-5.72,-6.45,353.35,1.01,Fwd,11.32
1748795507.85,-5.72,-6.45,353.35,1.01,Fwd,11.32
1748795507.85,-5.72,-6.45,353.35,1.01,Fwd,11.32
1748795507.85,-5.72,-6.45,353.35,1.01,Fwd,11.67
1748795507.85,-6.32,-6.45,353.35,1.01,Fwd,11.67
1748795507.85,-6.32,-5.64,353.35,1.01,Fwd,11.67
1748795507.85,-6.32,-5.64,347.37,1.01,Fwd,11.67
1748795507.87,-6.32,-5.64,347.37,1.15,Fwd,11.67
1748795507.87,-6.32,-5.64,347.37,1.15,Fwd,11.67
1748795507.87,-6.32,-5.64,347.37,1.15,Fwd,11.67
1748795507.87,-6.32,-5.64,347.37,1.15,Fwd,11.67
1748795507.90,-6.32,-5.64,347.37,1.15,Fwd,11.67
1748795507.94,-6.92,-5.64,347.37,1.15,Fwd,11.67
1748795507.97,-6.92,-4.46,347.37,1.15,Fwd,11.67
1748795508.01,-6.92,-4.46,341.83,1.15,Fwd,11.67
1748795508.04,-6.92,-4.46,341.83,1.02,Fwd,11.67
1748795508.08,-6.92,-4.46,341.83,1.02,Fwd,11.67
1748795508.11,-6.92,-4.46,341.83,1.02,Fwd,11.67
1748795508.15,-6.92,-4.46,341.83,1.02,Fwd,11.67
1748795508.19,-6.92,-4.46,341.83,1.02,Fwd,11.67
1748795508.22,-7.49,-4.46,341.83,1.02,Fwd,11.67
1748795508.25,-7.49,-3.14,341.83,1.02,Fwd,11.67
1748795508.26,-7.49,-3.14,336.59,1.02,Fwd,11.67
1748795508.26,-7.49,-3.14,336.59,1.02,Fwd,11.67
1748795508.26,-7.49,-3.14,336.59,1.02,Fwd,11.67
1748795508.26,-7.49,-3.14,336.59,1.02,Fwd,11.67
1748795508.26,-7.49,-3.14,336.59,1.02,Fwd,11.67
1748795508.29,-7.49,-3.14,336.59,1.02,Fwd,11.32
1748795508.32,-7.75,-3.14,336.59,1.02,Fwd,11.32
1748795508.36,-7.75,-1.54,336.59,1.02,Fwd,11.32
1748795508.36,-7.75,-1.54,331.61,1.02,Fwd,11.32
1748795508.36,-7.75,-1.54,331.61,1.30,Fwd,11.32
1748795508.36,-7.75,-1.54,331.61,1.30,Fwd,11.32
1748795508.36,-7.75,-1.54,331.61,1.30,Fwd,11.32
1748795508.36,-7.75,-1.54,331.61,1.30,Fwd,11.32
1748795508.39,-7.75,-1.54,331.61,1.30,Fwd,11.32
1748795508.40,-6.96,-1.54,331.61,1.30,Fwd,11.32
1748795508.40,-6.96,0.19,331.61,1.30,Fwd,11.32
1748795508.40,-6.96,0.19,327.27,1.30,Fwd,11.32
1748795508.40,-6.96,0.19,327.27,1.01,Fwd,11.32
1748795508.40,-6.96,0.19,327.27,1.01,Fwd,11.32
1748795508.40,-6.96,0.19,327.27,1.01,Fwd,11.32
1748795508.40,-6.96,0.19,327.27,1.01,Fwd,11.32
1748795508.43,-6.96,0.19,327.27,1.01,Fwd,11.32
1748795508.47,-6.83,0.19,327.27,1.01,Fwd,11.32
1748795508.50,-6.83,1.33,327.27,1.01,Fwd,11.32
1748795508.53,-6.83,1.33,323.81,1.01,Fwd,11.32
1748795508.57,-6.83,1.33,323.81,0.86,Fwd,11.32
1748795508.61,-6.83,1.33,323.81,0.86,Fwd,11.32
1748795508.61,-6.83,1.33,323.81,0.86,Fwd,11.32
1748795508.61,-6.83,1.33,323.81,0.86,Fwd,11.32
1748795508.61,-6.83,1.33,323.81,0.86,Fwd,11.32
1748795508.62,-6.15,1.33,323.81,0.86,Fwd,11.32
1748795508.62,-6.15,4.22,323.81,0.86,Fwd,11.32
1748795508.62,-6.15,4.22,321.47,0.86,Fwd,11.32
1748795508.62,-6.15,4.22,321.47,0.97,Fwd,11.32
1748795508.62,-6.15,4.22,321.47,0.97,Fwd,11.32
1748795508.63,-6.15,4.22,321.47,0.97,Fwd,11.32
1748795508.63,-6.15,4.22,321.47,0.97,Fwd,11.32
1748795508.63,-6.15,4.22,321.47,0.97,Fwd,10.09
1748795508.63,-5.36,4.22,321.47,0.97,Fwd,10.09
1748795508.64,-5.36,4.22,322.86,0.97,Fwd,10.09
1748795508.64,-5.36,4.22,322.86,1.10,Fwd,10.09
1748795508.64,-5.36,4.22,322.86,1.10,Fwd,10.09
1748795508.64,-5.36,4.22,322.86,1.10,Fwd,10.09
1748795508.64,-5.36,4.22,322.86,1.10,Fwd,10.09
1748795508.71,-5.36,4.22,322.86,1.10,Fwd,10.09
1748795508.74,-4.15,4.22,322.86,1.10,Fwd,10.09
1748795508.78,-4.15,4.12,322.86,1.10,Fwd,10.09
1748795508.78,-4.15,4.12,325.74,1.10,Fwd,10.09
1748795508.78,-4.15,4.12,325.74,1.00,Fwd,10.09
1748795508.78,-4.15,4.12,325.74,1.00,Fwd,10.09
1748795508.78,-4.15,4.12,325.74,1.00,Fwd,10.09
1748795508.78,-4.15,4.12,325.74,1.00,Fwd,10.09
1748795508.81,-4.15,4.12,325.74,1.00,Fwd,10.09
1748795508.81,-2.92,4.12,325.74,1.00,Fwd,10.09
1748795508.81,-2.92,3.53,325.74,1.00,Fwd,10.09
1748795508.81,-2.92,3.53,329.70,1.00,Fwd,10.09
1748795508.82,-2.92,3.53,329.70,0.89,Fwd,10.09
1748795508.82,-2.92,3.53,329.70,0.89,Fwd,10.09
1748795508.82,-2.92,3.53,329.70,0.89,Fwd,10.09
1748795508.82,-2.92,3.53,329.70,0.89,Fwd,10.09
1748795508.92,-2.92,3.53,329.70,0.89,Fwd,9.45
1748795508.92,-1.88,3.53,329.70,0.89,Fwd,9.45
1748795508.92,-1.88,3.06,329.70,0.89,Fwd,9.45
1748795508.92,-1.88,3.06,334.05,0.89,Fwd,9.45
1748795508.92,-1.88,3.06,334.05,0.86,Fwd,9.45
1748795508.92,-1.88,3.06,334.05,0.86,Fwd,9.45
1748795508.92,-1.88,3.06,334.05,0.86,Fwd,9.45
1748795508.92,-1.88,3.06,334.05,0.86,Fwd,9.45
1748795509.02,-1.88,3.06,334.05,0.86,Fwd,9.45
1748795509.02,-0.99,3.06,334.05,0.86,Fwd,9.45
1748795509.02,-0.99,2.26,334.05,0.86,Fwd,9.45
1748795509.02,-0.99,2.26,338.29,0.86,Fwd,9.45
1748795509.02,-0.99,2.26,338.29,0.83,Fwd,9.45
1748795509.02,-0.99,2.26,338.29,0.83,Fwd,9.45
1748795509.06,-0.99,2.26,338.29,0.83,Fwd,9.45
1748795509.06,-0.99,2.26,338.29,0.83,Fwd,9.45
1748795509.09,-0.99,2.26,338.29,0.83,Fwd,9.45
1748795509.09,-0.34,2.26,338.29,0.83,Fwd,9.45
1748795509.09,-0.34,2.28,338.29,0.83,Fwd,9.45
1748795509.09,-0.34,2.28,341.61,0.83,Fwd,9.45
1748795509.10,-0.34,2.28,341.61,1.02,Fwd,9.45
1748795509.10,-0.34,2.28,341.61,1.02,Fwd,9.45
1748795509.10,-0.34,2.28,341.61,1.02,Fwd,9.45
1748795509.10,-0.34,2.28,341.61,1.02,Fwd,9.45
1748795509.20,-0.34,2.28,341.61,1.02,Fwd,9.45
1748795509.20,0.19,2.28,341.61,1.02,Fwd,9.45
1748795509.20,0.19,2.82,341.61,1.02,Fwd,9.45
1748795509.20,0.19,2.82,343.84,1.02,Fwd,9.45
1748795509.20,0.19,2.82,343.84,1.10,Fwd,9.45
1748795509.20,0.19,2.82,343.84,1.10,Fwd,9.45
1748795509.21,0.19,2.82,343.84,1.10,Fwd,9.45
1748795509.21,0.19,2.82,343.84,1.10,Fwd,9.45
1748795509.30,0.19,2.82,343.84,1.10,Fwd,8.89
1748795509.30,1.36,2.82,343.84,1.10,Fwd,8.89
1748795509.30,1.36,3.99,343.84,1.10,Fwd,8.89
1748795509.31,1.36,3.99,345.66,1.10,Fwd,8.89
1748795509.31,1.36,3.99,345.66,1.07,Fwd,8.89
1748795509.31,1.36,3.99,345.66,1.07,Fwd,8.89
1748795509.31,1.36,3.99,345.66,1.07,Fwd,8.89
1748795509.31,1.36,3.99,345.66,1.07,Fwd,8.89
1748795509.41,1.36,3.99,345.66,1.07,Fwd,8.89
1748795509.41,2.42,3.99,345.66,1.07,Fwd,8.89
1748795509.41,2.42,4.14,345.66,1.07,Fwd,8.89
1748795509.41,2.42,4.14,347.32,1.07,Fwd,8.89
1748795509.41,2.42,4.14,347.32,0.99,Fwd,8.89
1748795509.41,2.42,4.14,347.32,0.99,Fwd,8.89
1748795509.41,2.42,4.14,347.32,0.99,Fwd,8.89
1748795509.41,2.42,4.14,347.32,0.99,Fwd,8.89
1748795509.51,2.42,4.14,347.32,0.99,Fwd,8.89
1748795509.55,1.06,4.14,347.32,0.99,Fwd,8.89
1748795509.58,1.06,3.52,347.32,0.99,Fwd,8.89
1748795509.62,1.06,3.52,348.93,0.99,Fwd,8.89
1748795509.62,1.06,3.52,348.93,0.98,Fwd,8.89
1748795509.62,1.06,3.52,348.93,0.98,Fwd,8.89
1748795509.62,1.06,3.52,348.93,0.98,Fwd,8.89
1748795509.62,1.06,3.52,348.93,0.98,Fwd,8.89
1748795509.62,1.06,3.52,348.93,0.98,Fwd,8.89
1748795509.62,-2.19,3.52,348.93,0.98,Fwd,8.89
1748795509.62,-2.19,1.61,348.93,0.98,Fwd,8.89
1748795509.63,-2.19,1.61,351.06,0.98,Fwd,8.89
1748795509.63,-2.19,1.61,351.06,0.96,Fwd,8.89
1748795509.63,-2.19,1.61,351.06,0.96,Fwd,8.89
1748795509.63,-2.19,1.61,351.06,0.96,Fwd,8.89
1748795509.63,-2.19,1.61,351.06,0.96,Fwd,8.89
1748795509.73,-2.19,1.61,351.06,0.96,Fwd,8.49
1748795509.73,-3.68,1.61,351.06,0.96,Fwd,8.49
1748795509.73,-3.68,-1.23,351.06,0.96,Fwd,8.49
1748795509.73,-3.68,-1.23,355.15,0.96,Fwd,8.49
1748795509.73,-3.68,-1.23,355.15,0.79,Fwd,8.49
1748795509.73,-3.68,-1.23,355.15,0.79,Fwd,8.49
1748795509.74,-3.68,-1.23,355.15,0.79,Fwd,8.49
1748795509.74,-3.68,-1.23,355.15,0.79,Fwd,8.49
1748795509.80,-3.68,-1.23,355.15,0.79,Fwd,8.49
1748795509.80,-1.88,-1.23,355.15,0.79,Fwd,8.49
1748795509.80,-1.88,-2.33,355.15,0.79,Fwd,8.49
1748795509.80,-1.88,-2.33,359.27,0.79,Fwd,8.49
1748795509.80,-1.88,-2.33,359.27,0.99,Fwd,8.49
1748795509.80,-1.88,-2.33,359.27,0.99,Fwd,8.49
1748795509.80,-1.88,-2.33,359.27,0.99,Fwd,8.49
1748795509.81,-1.88,-2.33,359.27,0.99,Fwd,8.49
1748795509.91,-1.88,-2.33,359.27,0.99,Fwd,8.49
1748795509.91,0.82,-2.33,359.27,0.99,Fwd,8.49
1748795509.91,0.82,-0.72,359.27,0.99,Fwd,8.49
1748795509.91,0.82,-0.72,1.44,0.99,Fwd,8.49
1748795509.92,0.82,-0.72,1.44,1.00,Fwd,8.49
1748795509.92,0.82,-0.72,1.44,1.00,Fwd,8.49
1748795509.92,0.82,-0.72,1.44,1.00,Fwd,8.49
1748795509.92,0.82,-0.72,1.44,1.00,Fwd,8.49
1748795510.01,0.82,-0.72,1.44,1.00,Fwd,8.49
1748795510.01,0.33,-0.72,1.44,1.00,Fwd,8.49
1748795510.01,0.33,1.41,1.44,1.00,Fwd,8.49
1748795510.01,0.33,1.41,2.64,1.00,Fwd,8.49
1748795510.01,0.33,1.41,2.64,0.94,Fwd,8.49
1748795510.01,0.33,1.41,2.64,0.94,Fwd,8.49
1748795510.01,0.33,1.41,2.64,0.94,Fwd,8.49
1748795510.02,0.33,1.41,2.64,0.94,Fwd,8.49
1748795510.11,0.33,1.41,2.64,0.94,Fwd,10.26
1748795510.11,-2.53,1.41,2.64,0.94,Fwd,10.26
1748795510.11,-2.53,3.64,2.64,0.94,Fwd,10.26
1748795510.12,-2.53,3.64,3.38,0.94,Fwd,10.26
1748795510.12,-2.53,3.64,3.38,0.97,Fwd,10.26
1748795510.12,-2.53,3.64,3.38,0.97,Fwd,10.26
1748795510.12,-2.53,3.64,3.38,0.97,Fwd,10.26
1748795510.12,-2.53,3.64,3.38,0.97,Fwd,10.26
1748795510.22,-2.53,3.64,3.38,0.97,Fwd,10.26
1748795510.22,-3.26,3.64,3.38,0.97,Fwd,10.26
1748795510.22,-3.26,6.05,3.38,0.97,Fwd,10.26
1748795510.26,-3.26,6.05,3.26,0.97,Fwd,10.26
1748795510.26,-3.26,6.05,3.26,0.92,Fwd,10.26
1748795510.26,-3.26,6.05,3.26,0.92,Fwd,10.26
1748795510.28,-3.26,6.05,3.26,0.92,Fwd,10.26
1748795510.29,-3.26,6.05,3.26,0.92,Fwd,10.26
1748795510.35,-3.26,6.05,3.26,0.92,Fwd,10.26
1748795510.35,-0.46,6.05,3.26,0.92,Fwd,10.26
1748795510.35,-0.46,5.60,3.26,0.92,Fwd,10.26
1748795510.35,-0.46,5.60,4.22,0.92,Fwd,10.26
1748795510.35,-0.46,5.60,4.22,0.94,Fwd,10.26
1748795510.36,-0.46,5.60,4.22,0.94,Fwd,10.26
1748795510.36,-0.46,5.60,4.22,0.94,Fwd,10.26
1748795510.36,-0.46,5.60,4.22,0.94,Fwd,10.26
1748795510.42,-0.46,5.60,4.22,0.94,Fwd,12.62
1748795510.42,1.89,5.60,4.22,0.94,Fwd,12.62
1748795510.42,1.89,3.65,4.22,0.94,Fwd,12.62
1748795510.42,1.89,3.65,6.51,0.94,Fwd,12.62
1748795510.42,1.89,3.65,6.51,0.75,Fwd,12.62
1748795510.46,1.89,3.65,6.51,0.75,Fwd,12.62
1748795510.46,1.89,3.65,6.51,0.75,Fwd,12.62
1748795510.46,1.89,3.65,6.51,0.75,Fwd,12.62
1748795510.49,1.89,3.65,6.51,0.75,Fwd,12.62
1748795510.49,0.44,3.65,6.51,0.75,Fwd,12.62
1748795510.50,0.44,-0.17,6.51,0.75,Fwd,12.62
1748795510.50,0.44,-0.17,9.47,0.75,Fwd,12.62
1748795510.50,0.44,-0.17,9.47,1.17,Fwd,12.62
1748795510.50,0.44,-0.17,9.47,1.17,Fwd,12.62
1748795510.50,0.44,-0.17,9.47,1.17,Fwd,12.62
1748795510.50,0.44,-0.17,9.47,1.17,Fwd,12.62
1748795510.60,0.44,-0.17,9.47,1.17,Fwd,12.62
1748795510.60,-0.51,-0.17,9.47,1.17,Fwd,12.62
1748795510.60,-0.51,-4.17,9.47,1.17,Fwd,12.62
1748795510.63,-0.51,-4.17,14.35,1.17,Fwd,12.62
1748795510.63,-0.51,-4.17,14.35,0.99,Fwd,12.62
1748795510.64,-0.51,-4.17,14.35,0.99,Fwd,12.62
1748795510.64,-0.51,-4.17,14.35,0.99,Fwd,12.62
1748795510.64,-0.51,-4.17,14.35,0.99,Fwd,12.62
1748795510.70,-0.51,-4.17,14.35,0.99,Fwd,12.88
1748795510.70,1.67,-4.17,14.35,0.99,Fwd,12.88
1748795510.70,1.67,-3.88,14.35,0.99,Fwd,12.88
1748795510.71,1.67,-3.88,17.64,0.99,Fwd,12.88
1748795510.71,1.67,-3.88,17.64,0.95,Fwd,12.88
1748795510.71,1.67,-3.88,17.64,0.95,Fwd,12.88
1748795510.71,1.67,-3.88,17.64,0.95,Fwd,12.88
1748795510.71,1.67,-3.88,17.64,0.95,Fwd,12.88
1748795510.84,1.67,-3.88,17.64,0.95,Fwd,12.88
1748795510.84,1.43,-3.88,17.64,0.95,Fwd,12.88
1748795510.84,1.43,-3.15,17.64,0.95,Fwd,12.88
1748795510.88,1.43,-3.15,18.89,0.95,Fwd,12.88
1748795510.95,1.43,-3.15,18.89,0.98,Fwd,12.88
1748795510.95,1.43,-3.15,18.89,0.98,Fwd,12.88
1748795510.95,1.43,-3.15,18.89,0.98,Fwd,12.88
1748795510.99,1.43,-3.15,18.89,0.98,Fwd,12.88
1748795510.99,1.43,-3.15,18.89,0.98,Fwd,13.58
1748795510.99,-2.70,-3.15,18.89,0.98,Fwd,13.58
1748795510.99,-2.70,-0.24,18.89,0.98,Fwd,13.58
1748795510.99,-2.70,-0.24,17.97,0.98,Fwd,13.58
1748795510.99,-2.70,-0.24,17.97,1.11,Fwd,13.58
1748795510.99,-2.70,-0.24,17.97,1.11,Fwd,13.58
1748795511.00,-2.70,-0.24,17.97,1.11,Fwd,13.58
1748795511.00,-2.70,-0.24,17.97,1.11,Fwd,13.58