1748795412.95,-0.56,-2.11,111.91,0.95,Fwd,6.06
1748795412.98,0.40,-2.11,111.91,0.95,Fwd,6.06
1748795413.02,0.40,-2.57,111.91,0.95,Fwd,6.06
1748795413.02,0.40,-2.57,114.10,0.95,Fwd,6.06
1748795413.02,0.40,-2.57,114.10,0.97,Fwd,6.06
1748795413.02,0.40,-2.57,114.10,0.97,Fwd,6.06
1748795413.02,0.40,-2.57,114.10,0.97,Fwd,6.06
1748795413.03,0.40,-2.57,114.10,0.97,Fwd,6.06
1748795413.03,0.40,-2.57,114.10,0.97,Fwd,6.61
1748795413.03,1.62,-2.57,114.10,0.97,Fwd,6.61
1748795413.06,1.62,-3.15,114.10,0.97,Fwd,6.61
1748795413.09,1.62,-3.15,115.30,0.97,Fwd,6.61
1748795413.12,1.62,-3.15,115.30,0.93,Fwd,6.61
1748795413.16,1.62,-3.15,115.30,0.93,Fwd,6.61
1748795413.19,1.62,-3.15,115.30,0.93,Fwd,6.61
1748795413.23,1.62,-3.15,115.30,0.93,Fwd,6.61
1748795413.23,1.62,-3.15,115.30,0.93,Fwd,6.61
1748795413.23,0.07,-3.15,115.30,0.93,Fwd,6.61
1748795413.23,0.07,-2.75,115.30,0.93,Fwd,6.61
1748795413.24,0.07,-2.75,116.04,0.93,Fwd,6.61
1748795413.24,0.07,-2.75,116.04,0.99,Fwd,6.61
1748795413.24,0.07,-2.75,116.04,0.99,Fwd,6.61
1748795413.24,0.07,-2.75,116.04,0.99,Fwd,6.61
1748795413.24,0.07,-2.75,116.04,0.99,Fwd,6.61
1748795413.24,0.07,-2.75,116.04,0.99,Fwd,6.61
1748795413.24,0.07,-1.57,116.04,0.99,Fwd,6.61
1748795413.24,0.07,-1.57,116.38,0.99,Fwd,6.61
1748795413.24,0.07,-1.57,116.38,0.91,Fwd,6.61
1748795413.24,0.07,-1.57,116.38,0.91,Fwd,6.61
1748795413.24,0.07,-1.57,116.38,0.91,Fwd,6.61
1748795413.25,0.07,-1.57,116.38,0.91,Fwd,6.61
1748795413.30,0.07,-1.57,116.38,0.91,Fwd,6.61
1748795413.30,0.40,-1.57,116.38,0.91,Fwd,6.61
1748795413.30,0.40,1.03,116.38,0.91,Fwd,6.61
1748795413.30,0.40,1.03,116.40,0.91,Fwd,6.61
1748795413.30,0.40,1.03,116.40,1.04,Fwd,6.61
1748795413.30,0.40,1.03,116.40,1.04,Fwd,6.61
1748795413.30,0.40,1.03,116.40,1.04,Fwd,6.61
1748795413.30,0.40,1.03,116.40,1.04,Fwd,6.61
1748795413.40,0.40,1.03,116.40,1.04,Fwd,6.61
1748795413.44,-2.00,1.03,116.40,1.04,Fwd,6.61
1748795413.44,-2.00,4.78,116.40,1.04,Fwd,6.61
1748795413.44,-2.00,4.78,115.84,1.04,Fwd,6.61
1748795413.44,-2.00,4.78,115.84,0.91,Fwd,6.61
1748795413.44,-2.00,4.78,115.84,0.91,Fwd,6.61
1748795413.44,-2.00,4.78,115.84,0.91,Fwd,6.61
1748795413.47,-2.00,4.78,115.84,0.91,Fwd,6.61
1748795413.51,-2.00,4.78,115.84,0.91,Fwd,6.61
1748795413.51,-3.77,4.78,115.84,0.91,Fwd,6.61
1748795413.51,-3.77,8.18,115.84,0.91,Fwd,6.61
1748795413.51,-3.77,8.18,114.89,0.91,Fwd,6.61
1748795413.51,-3.77,8.18,114.89,1.00,Fwd,6.61
1748795413.51,-3.77,8.18,114.89,1.00,Fwd,6.61
1748795413.51,-3.77,8.18,114.89,1.00,Fwd,6.61
1748795413.51,-3.77,8.18,114.89,1.00,Fwd,6.61
1748795413.61,-3.77,8.18,114.89,1.00,Fwd,6.33
1748795413.61,-3.44,8.18,114.89,1.00,Fwd,6.33
1748795413.61,-3.44,9.71,114.89,1.00,Fwd,6.33
1748795413.62,-3.44,9.71,114.98,1.00,Fwd,6.33
1748795413.62,-3.44,9.71,114.98,0.95,Fwd,6.33
1748795413.62,-3.44,9.71,114.98,0.95,Fwd,6.33
1748795413.62,-3.44,9.71,114.98,0.95,Fwd,6.33
1748795413.62,-3.44,9.71,114.98,0.95,Fwd,6.33
1748795413.72,-3.44,9.71,114.98,0.95,Fwd,6.33
1748795413.75,-2.29,9.71,114.98,0.95,Fwd,6.33
1748795413.75,-2.29,8.14,114.98,0.95,Fwd,6.33
1748795413.75,-2.29,8.14,117.30,0.95,Fwd,6.33
1748795413.75,-2.29,8.14,117.30,0.89,Fwd,6.33
1748795413.76,-2.29,8.14,117.30,0.89,Fwd,6.33
1748795413.76,-2.29,8.14,117.30,0.89,Fwd,6.33
1748795413.76,-2.29,8.14,117.30,0.89,Fwd,6.33
1748795413.82,-2.29,8.14,117.30,0.89,Fwd,6.33
1748795413.86,-1.38,8.14,117.30,0.89,Fwd,6.33
1748795413.90,-1.38,5.05,117.30,0.89,Fwd,6.33
1748795413.93,-1.38,5.05,121.28,0.89,Fwd,6.33
1748795413.93,-1.38,5.05,121.28,0.85,Fwd,6.33
1748795413.94,-1.38,5.05,121.28,0.85,Fwd,6.33
1748795413.94,-1.38,5.05,121.28,0.85,Fwd,6.33
1748795413.94,-1.38,5.05,121.28,0.85,Fwd,6.33
1748795413.94,-1.38,5.05,121.28,0.85,Fwd,6.33
1748795413.94,-0.16,5.05,121.28,0.85,Fwd,6.33
1748795413.94,-0.16,1.65,121.28,0.85,Fwd,6.33
1748795413.94,-0.16,1.65,126.37,0.85,Fwd,6.33
1748795414.00,-0.16,1.65,126.37,0.85,Fwd,8.30
1748795414.00,1.33,1.65,126.37,0.85,Fwd,8.30
1748795414.00,1.33,-0.43,126.37,0.85,Fwd,8.30
1748795414.01,1.33,-0.43,131.47,0.85,Fwd,8.30
1748795414.01,1.33,-0.43,131.47,1.00,Fwd,8.30
1748795414.01,1.33,-0.43,131.47,1.00,Fwd,8.30
1748795414.01,1.33,-0.43,131.47,1.00,Fwd,8.30
1748795414.01,1.33,-0.43,131.47,1.00,Fwd,8.30
1748795414.10,1.33,-0.43,131.47,1.00,Fwd,8.30
1748795414.11,1.42,-0.43,131.47,1.00,Fwd,8.30
1748795414.11,1.42,-1.76,131.47,1.00,Fwd,8.30
1748795414.11,1.42,-1.76,135.81,1.00,Fwd,8.30
1748795414.11,1.42,-1.76,135.81,0.96,Fwd,8.30
1748795414.11,1.42,-1.76,135.81,0.96,Fwd,8.30
1748795414.11,1.42,-1.76,135.81,0.96,Fwd,8.30
1748795414.11,1.42,-1.76,135.81,0.96,Fwd,8.30
1748795414.21,1.42,-1.76,135.81,0.96,Fwd,8.30
1748795414.25,1.07,-1.76,135.81,0.96,Fwd,8.30
1748795414.28,1.07,-2.38,135.81,0.96,Fwd,8.30
1748795414.28,1.07,-2.38,139.33,0.96,Fwd,8.30
1748795414.28,1.07,-2.38,139.33,0.91,Fwd,8.30
1748795414.32,1.07,-2.38,139.33,0.91,Fwd,8.30
1748795414.32,1.07,-2.38,139.33,0.91,Fwd,8.30
1748795414.32,1.07,-2.38,139.33,0.91,Fwd,8.30
1748795414.32,1.07,-2.38,139.33,0.91,Fwd,8.30
1748795414.32,0.54,-2.38,139.33,0.91,Fwd,8.30
1748795414.32,0.54,-2.28,139.33,0.91,Fwd,8.30
1748795414.32,0.54,-2.28,141.90,0.91,Fwd,8.30
1748795414.32,0.54,-2.28,141.90,1.07,Fwd,8.30
1748795414.33,0.54,-2.28,141.90,1.07,Fwd,8.30
1748795414.33,0.54,-2.28,141.90,1.07,Fwd,8.30
1748795414.35,0.54,-2.28,141.90,1.07,Fwd,8.30
1748795414.42,0.54,-2.28,141.90,1.07,Fwd,8.30
1748795414.46,0.02,-2.28,141.90,1.07,Fwd,8.30
1748795414.46,0.02,-1.76,141.90,1.07,Fwd,8.30
1748795414.46,0.02,-1.76,143.35,1.07,Fwd,8.30
1748795414.46,0.02,-1.76,143.35,1.02,Fwd,8.30
1748795414.46,0.02,-1.76,143.35,1.02,Fwd,8.30
1748795414.46,0.02,-1.76,143.35,1.02,Fwd,8.30
1748795414.46,0.02,-1.76,143.35,1.02,Fwd,8.30
1748795414.53,0.02,-1.76,143.35,1.02,Fwd,8.30
1748795414.53,-0.10,-1.76,143.35,1.02,Fwd,8.30
1748795414.53,-0.10,-0.68,143.35,1.02,Fwd,8.30
1748795414.53,-0.10,-0.68,143.98,1.02,Fwd,8.30
1748795414.54,-0.10,-0.68,143.98,0.83,Fwd,8.30
1748795414.54,-0.10,-0.68,143.98,0.83,Fwd,8.30
1748795414.54,-0.10,-0.68,143.98,0.83,Fwd,8.30
1748795414.54,-0.10,-0.68,143.98,0.83,Fwd,8.30
1748795414.60,-0.10,-0.68,143.98,0.83,Fwd,7.25
1748795414.60,0.01,-0.68,143.98,0.83,Fwd,7.25
1748795414.60,0.01,0.17,143.98,0.83,Fwd,7.25
1748795414.63,0.01,0.17,144.32,0.83,Fwd,7.25
1748795414.63,0.01,0.17,144.32,0.98,Fwd,7.25
1748795414.63,0.01,0.17,144.32,0.98,Fwd,7.25
1748795414.66,0.01,0.17,144.32,0.98,Fwd,7.25
1748795414.67,0.01,0.17,144.32,0.98,Fwd,7.25
1748795414.70,0.01,0.17,144.32,0.98,Fwd,7.25
1748795414.70,0.48,0.17,144.32,0.98,Fwd,7.25
1748795414.70,0.48,1.28,144.32,0.98,Fwd,7.25
1748795414.71,0.48,1.28,144.96,0.98,Fwd,7.25
1748795414.71,0.48,1.28,144.96,0.86,Fwd,7.25
1748795414.71,0.48,1.28,144.96,0.86,Fwd,7.25
1748795414.71,0.48,1.28,144.96,0.86,Fwd,7.25
1748795414.71,0.48,1.28,144.96,0.86,Fwd,7.25
1748795414.81,0.48,1.28,144.96,0.86,Fwd,7.25
1748795414.81,0.73,1.28,144.96,0.86,Fwd,7.25
1748795414.81,0.73,2.35,144.96,0.86,Fwd,7.25
1748795414.81,0.73,2.35,146.38,0.86,Fwd,7.25
1748795414.81,0.73,2.35,146.38,0.97,Fwd,7.25
1748795414.81,0.73,2.35,146.38,0.97,Fwd,7.25
1748795414.82,0.73,2.35,146.38,0.97,Fwd,7.25
1748795414.82,0.73,2.35,146.38,0.97,Fwd,7.25
1748795414.91,0.73,2.35,146.38,0.97,Fwd,7.25
1748795414.91,0.92,2.35,146.38,0.97,Fwd,7.25
1748795414.91,0.92,3.35,146.38,0.97,Fwd,7.25
1748795414.92,0.92,3.35,148.62,0.97,Fwd,7.25
1748795414.92,0.92,3.35,148.62,0.89,Fwd,7.25
1748795414.92,0.92,3.35,148.62,0.89,Fwd,7.25
1748795414.92,0.92,3.35,148.62,0.89,Fwd,7.25
1748795414.92,0.92,3.35,148.62,0.89,Fwd,7.25
1748795415.02,0.92,3.35,148.62,0.89,Fwd,7.25
1748795415.02,1.18,3.35,148.62,0.89,Fwd,7.25
1748795415.02,1.18,4.23,148.62,0.89,Fwd,7.25
1748795415.02,1.18,4.23,151.48,0.89,Fwd,7.25
1748795415.02,1.18,4.23,151.48,1.04,Fwd,7.25
1748795415.03,1.18,4.23,151.48,1.04,Fwd,7.25
1748795415.03,1.18,4.23,151.48,1.04,Fwd,7.25
1748795415.03,1.18,4.23,151.48,1.04,Fwd,7.25
1748795415.12,1.18,4.23,151.48,1.04,Fwd,7.39
1748795415.12,1.47,4.23,151.48,1.04,Fwd,7.39
1748795415.12,1.47,4.43,151.48,1.04,Fwd,7.39
1748795415.12,1.47,4.43,154.77,1.04,Fwd,7.39
1748795415.13,1.47,4.43,154.77,0.95,Fwd,7.39
1748795415.13,1.47,4.43,154.77,0.95,Fwd,7.39
1748795415.13,1.47,4.43,154.77,0.95,Fwd,7.39
1748795415.13,1.47,4.43,154.77,0.95,Fwd,7.39
1748795415.22,1.47,4.43,154.77,0.95,Fwd,7.39
1748795415.26,1.66,4.43,154.77,0.95,Fwd,7.39
1748795415.30,1.66,3.64,154.77,0.95,Fwd,7.39
1748795415.33,1.66,3.64,158.35,0.95,Fwd,7.39
1748795415.33,1.66,3.64,158.35,0.94,Fwd,7.39
1748795415.33,1.66,3.64,158.35,0.94,Fwd,7.39
1748795415.34,1.66,3.64,158.35,0.94,Fwd,7.39
1748795415.34,1.66,3.64,158.35,0.94,Fwd,7.39
1748795415.34,1.66,3.64,158.35,0.94,Fwd,7.39
1748795415.34,1.73,3.64,158.35,0.94,Fwd,7.39
1748795415.34,1.73,2.56,158.35,0.94,Fwd,7.39
1748795415.34,1.73,2.56,161.76,0.94,Fwd,7.39
1748795415.40,1.73,2.56,161.76,0.94,Fwd,7.39
1748795415.43,1.54,2.56,161.76,0.94,Fwd,7.39
1748795415.44,1.54,1.47,161.76,0.94,Fwd,7.39
1748795415.44,1.54,1.47,165.13,0.94,Fwd,7.39
1748795415.44,1.54,1.47,165.13,0.98,Fwd,7.39
1748795415.44,1.54,1.47,165.13,0.98,Fwd,7.39
1748795415.44,1.54,1.47,165.13,0.98,Fwd,7.39
1748795415.44,1.54,1.47,165.13,0.98,Fwd,7.39
1748795415.51,1.54,1.47,165.13,0.98,Fwd,7.39
1748795415.51,1.51,1.47,165.13,0.98,Fwd,7.39
1748795415.51,1.51,0.32,165.13,0.98,Fwd,7.39
1748795415.51,1.51,0.32,168.79,0.98,Fwd,7.39
1748795415.51,1.51,0.32,168.79,1.06,Fwd,7.39
1748795415.51,1.51,0.32,168.79,1.06,Fwd,7.39
1748795415.51,1.51,0.32,168.79,1.06,Fwd,7.39
1748795415.51,1.51,0.32,168.79,1.06,Fwd,7.39
1748795415.61,1.51,0.32,168.79,1.06,Fwd,7.11
1748795415.61,1.41,0.32,168.79,1.06,Fwd,7.11
1748795415.61,1.41,-0.57,168.79,1.06,Fwd,7.11
1748795415.62,1.41,-0.57,172.45,1.06,Fwd,7.11
1748795415.62,1.41,-0.57,172.45,0.92,Fwd,7.11
1748795415.62,1.41,-0.57,172.45,0.92,Fwd,7.11
1748795415.62,1.41,-0.57,172.45,0.92,Fwd,7.11
1748795415.62,1.41,-0.57,172.45,0.92,Fwd,7.11
1748795415.71,1.41,-0.57,172.45,0.92,Fwd,7.11
1748795415.75,1.33,-0.57,172.45,0.92,Fwd,7.11
1748795415.79,1.33,-0.81,172.45,0.92,Fwd,7.11
1748795415.79,1.33,-0.81,175.30,0.92,Fwd,7.11
1748795415.79,1.33,-0.81,175.30,0.97,Fwd,7.11
1748795415.82,1.33,-0.81,175.30,0.97,Fwd,7.11
1748795415.82,1.33,-0.81,175.30,0.97,Fwd,7.11
1748795415.82,1.33,-0.81,175.30,0.97,Fwd,7.11
1748795415.86,1.33,-0.81,175.30,0.97,Fwd,7.11
1748795415.86,1.48,-0.81,175.30,0.97,Fwd,7.11
1748795415.86,1.48,-0.28,175.30,0.97,Fwd,7.11
1748795415.86,1.48,-0.28,177.14,0.97,Fwd,7.11
1748795415.86,1.48,-0.28,177.14,1.08,Fwd,7.11
1748795415.87,1.48,-0.28,177.14,1.08,Fwd,7.11
1748795415.87,1.48,-0.28,177.14,1.08,Fwd,7.11
1748795415.87,1.48,-0.28,177.14,1.08,Fwd,7.11
1748795415.93,1.48,-0.28,177.14,1.08,Fwd,7.11
1748795415.93,2.26,-0.28,177.14,1.08,Fwd,7.11
1748795415.93,2.26,0.32,177.14,1.08,Fwd,7.11
1748795415.93,2.26,0.32,178.65,1.08,Fwd,7.11
1748795415.93,2.26,0.32,178.65,0.98,Fwd,7.11
1748795415.94,2.26,0.32,178.65,0.98,Fwd,7.11
1748795415.94,2.26,0.32,178.65,0.98,Fwd,7.11
1748795415.94,2.26,0.32,178.65,0.98,Fwd,7.11
1748795416.00,2.26,0.32,178.65,0.98,Fwd,7.11
1748795416.00,3.19,0.32,178.65,0.98,Fwd,7.11
1748795416.00,3.19,0.86,178.65,0.98,Fwd,7.11
1748795416.00,3.19,0.86,180.29,0.98,Fwd,7.11
1748795416.00,3.19,0.86,180.29,0.94,Fwd,7.11
1748795416.00,3.19,0.86,180.29,0.94,Fwd,7.11
1748795416.00,3.19,0.86,180.29,0.94,Fwd,7.11
1748795416.00,3.19,0.86,180.29,0.94,Fwd,7.11
1748795416.10,3.19,0.86,180.29,0.94,Fwd,7.11
1748795416.11,3.36,0.86,180.29,0.94,Fwd,7.11
1748795416.11,3.36,1.41,180.29,0.94,Fwd,7.11
1748795416.11,3.36,1.41,182.20,0.94,Fwd,7.11
1748795416.11,3.36,1.41,182.20,0.97,Fwd,7.11
1748795416.12,3.36,1.41,182.20,0.97,Fwd,7.11
1748795416.12,3.36,1.41,182.20,0.97,Fwd,7.11
1748795416.12,3.36,1.41,182.20,0.97,Fwd,7.11
1748795416.21,3.36,1.41,182.20,0.97,Fwd,6.34
1748795416.21,3.56,1.41,182.20,0.97,Fwd,6.34
1748795416.21,3.56,1.73,182.20,0.97,Fwd,6.34
1748795416.21,3.56,1.73,184.34,0.97,Fwd,6.34
1748795416.21,3.56,1.73,184.34,0.97,Fwd,6.34
1748795416.21,3.56,1.73,184.34,0.97,Fwd,6.34
1748795416.22,3.56,1.73,184.34,0.97,Fwd,6.34
1748795416.22,3.56,1.73,184.34,0.97,Fwd,6.34
1748795416.31,3.56,1.73,184.34,0.97,Fwd,6.34
1748795416.31,3.42,1.73,184.34,0.97,Fwd,6.34
1748795416.32,3.42,2.15,184.34,0.97,Fwd,6.34
1748795416.32,3.42,2.15,186.54,0.97,Fwd,6.34
1748795416.32,3.42,2.15,186.54,0.97,Fwd,6.34
1748795416.32,3.42,2.15,186.54,0.97,Fwd,6.34
1748795416.32,3.42,2.15,186.54,0.97,Fwd,6.34
1748795416.32,3.42,2.15,186.54,0.97,Fwd,6.34
1748795416.42,3.42,2.15,186.54,0.97,Fwd,6.34
1748795416.42,3.25,2.15,186.54,0.97,Fwd,6.34
1748795416.42,3.25,2.77,186.54,0.97,Fwd,6.34
1748795416.42,3.25,2.77,188.64,0.97,Fwd,6.34
1748795416.42,3.25,2.77,188.64,1.00,Fwd,6.34
1748795416.42,3.25,2.77,188.64,1.00,Fwd,6.34
1748795416.43,3.25,2.77,188.64,1.00,Fwd,6.34
1748795416.43,3.25,2.77,188.64,1.00,Fwd,6.34
1748795416.52,3.25,2.77,188.64,1.00,Fwd,6.34
1748795416.52,3.37,2.77,188.64,1.00,Fwd,6.34
1748795416.56,3.37,3.54,188.64,1.00,Fwd,6.34
1748795416.56,3.37,3.54,190.75,1.00,Fwd,6.34
1748795416.56,3.37,3.54,190.75,1.00,Fwd,6.34
1748795416.56,3.37,3.54,190.75,1.00,Fwd,6.34
1748795416.56,3.37,3.54,190.75,1.00,Fwd,6.34
1748795416.56,3.37,3.54,190.75,1.00,Fwd,6.34
1748795416.62,3.37,3.54,190.75,1.00,Fwd,6.34
1748795416.63,3.59,3.54,190.75,1.00,Fwd,6.34
1748795416.63,3.59,4.19,190.75,1.00,Fwd,6.34
1748795416.63,3.59,4.19,193.16,1.00,Fwd,6.34
1748795416.63,3.59,4.19,193.16,0.96,Fwd,6.34
1748795416.63,3.59,4.19,193.16,0.96,Fwd,6.34
1748795416.63,3.59,4.19,193.16,0.96,Fwd,6.34
1748795416.63,3.59,4.19,193.16,0.96,Fwd,6.34
1748795416.70,3.59,4.19,193.16,0.96,Fwd,6.34
1748795416.70,3.37,4.19,193.16,0.96,Fwd,6.34
1748795416.70,3.37,4.51,193.16,0.96,Fwd,6.34
1748795416.70,3.37,4.51,195.77,0.96,Fwd,6.34
1748795416.70,3.37,4.51,195.77,0.92,Fwd,6.34
1748795416.70,3.37,4.51,195.77,0.92,Fwd,6.34
1748795416.70,3.37,4.51,195.77,0.92,Fwd,6.34
1748795416.71,3.37,4.51,195.77,0.92,Fwd,6.34
1748795416.80,3.37,4.51,195.77,0.92,Fwd,6.34
1748795416.80,2.35,4.51,195.77,0.92,Fwd,6.34
1748795416.80,2.35,4.14,195.77,0.92,Fwd,6.34
1748795416.83,2.35,4.14,198.72,0.92,Fwd,6.34
1748795416.87,2.35,4.14,198.72,0.97,Fwd,6.34
1748795416.87,2.35,4.14,198.72,0.97,Fwd,6.34
1748795416.87,2.35,4.14,198.72,0.97,Fwd,6.34
1748795416.91,2.35,4.14,198.72,0.97,Fwd,6.34
1748795416.94,2.35,4.14,198.72,0.97,Fwd,4.91
1748795416.97,1.14,4.14,198.72,0.97,Fwd,4.91
1748795417.01,1.14,2.96,198.72,0.97,Fwd,4.91
1748795417.01,1.14,2.96,202.10,0.97,Fwd,4.91
1748795417.02,1.14,2.96,202.10,0.98,Fwd,4.91
1748795417.02,1.14,2.96,202.10,0.98,Fwd,4.91
1748795417.02,1.14,2.96,202.10,0.98,Fwd,4.91
1748795417.02,1.14,2.96,202.10,0.98,Fwd,4.91
1748795417.02,1.14,2.96,202.10,0.98,Fwd,4.91
1748795417.02,-1.82,2.96,202.10,0.98,Fwd,4.91
1748795417.04,-1.82,1.74,202.10,0.98,Fwd,4.91
1748795417.08,-1.82,1.74,206.56,0.98,Fwd,4.91
1748795417.08,-1.82,1.74,206.56,0.99,Fwd,4.91
1748795417.08,-1.82,1.74,206.56,0.99,Fwd,4.91
1748795417.08,-1.82,1.74,206.56,0.99,Fwd,4.91
1748795417.08,-1.82,1.74,206.56,0.99,Fwd,4.91
1748795417.11,-1.82,1.74,206.56,0.99,Fwd,4.91
1748795417.12,-5.99,1.74,206.56,0.99,Fwd,4.91
1748795417.12,-5.99,1.61,206.56,0.99,Fwd,4.91
1748795417.12,-5.99,1.61,214.20,0.99,Fwd,4.91
1748795417.12,-5.99,1.61,214.20,1.29,Fwd,4.91
1748795417.12,-5.99,1.61,214.20,1.29,Fwd,4.91
1748795417.12,-5.99,1.61,214.20,1.29,Fwd,4.91
1748795417.12,-5.99,1.61,214.20,1.29,Fwd,4.91
1748795417.23,-5.99,1.61,214.20,1.29,Fwd,4.91
1748795417.23,-8.20,1.61,214.20,1.29,Fwd,4.91
1748795417.23,-8.20,2.57,214.20,1.29,Fwd,4.91
1748795417.23,-8.20,2.57,222.74,1.29,Fwd,4.91
1748795417.23,-8.20,2.57,222.74,0.03,Fwd,4.91
1748795417.23,-8.20,2.57,222.74,0.03,Fwd,4.91
1748795417.23,-8.20,2.57,222.74,0.03,Fwd,4.91
1748795417.24,-8.20,2.57,222.74,0.03,Fwd,4.91
1748795417.32,-8.20,2.57,222.74,0.03,Fwd,10.98
1748795417.36,-15.24,2.57,222.74,0.03,Fwd,10.98
1748795417.36,-15.24,5.31,222.74,0.03,Fwd,10.98
1748795417.36,-15.24,5.31,229.88,0.03,Fwd,10.98
1748795417.37,-15.24,5.31,229.88,1.02,Fwd,10.98
1748795417.37,-15.24,5.31,229.88,1.02,Fwd,10.98
1748795417.37,-15.24,5.31,229.88,1.02,Fwd,10.98
1748795417.37,-15.24,5.31,229.88,1.02,Fwd,10.98
1748795417.43,-15.24,5.31,229.88,1.02,Fwd,10.98
1748795417.46,-24.09,5.31,229.88,1.02,Fwd,10.98
1748795417.47,-24.09,9.65,229.88,1.02,Fwd,10.98
1748795417.47,-24.09,9.65,236.24,1.02,Fwd,10.98
1748795417.47,-24.09,9.65,236.24,1.04,Fwd,10.98
1748795417.47,-24.09,9.65,236.24,1.04,Fwd,10.98
1748795417.47,-24.09,9.65,236.24,1.04,Fwd,10.98
1748795417.47,-24.09,9.65,236.24,1.04,Fwd,10.98
1748795417.50,-24.09,9.65,236.24,1.04,Fwd,10.98
1748795417.50,-31.73,9.65,236.24,1.04,Fwd,10.98
1748795417.50,-31.73,11.70,236.24,1.04,Fwd,10.98
1748795417.50,-31.73,11.70,245.26,1.04,Fwd,10.98
1748795417.50,-31.73,11.70,245.26,0.85,Fwd,10.98
1748795417.50,-31.73,11.70,245.26,0.85,Fwd,10.98
1748795417.51,-31.73,11.70,245.26,0.85,Fwd,10.98
1748795417.51,-31.73,11.70,245.26,0.85,Fwd,10.98
1748795417.61,-31.73,11.70,245.26,0.85,Fwd,13.58
1748795417.61,-35.61,11.70,245.26,0.85,Fwd,13.58
1748795417.61,-35.61,10.30,245.26,0.85,Fwd,13.58
1748795417.61,-35.61,10.30,255.77,0.85,Fwd,13.58
1748795417.61,-35.61,10.30,255.77,0.81,Fwd,13.58
1748795417.61,-35.61,10.30,255.77,0.81,Fwd,13.58
1748795417.62,-35.61,10.30,255.77,0.81,Fwd,13.58
1748795417.62,-35.61,10.30,255.77,0.81,Fwd,13.58
1748795417.71,-35.61,10.30,255.77,0.81,Fwd,13.58
1748795417.71,-36.46,10.30,255.77,0.81,Fwd,13.58
1748795417.72,-36.46,7.87,255.77,0.81,Fwd,13.58
1748795417.75,-36.46,7.87,267.64,0.81,Fwd,13.58
1748795417.82,-36.46,7.87,267.64,0.84,Fwd,13.58
1748795417.85,-36.46,7.87,267.64,0.84,Fwd,13.58
1748795417.85,-36.46,7.87,267.64,0.84,Fwd,13.58
1748795417.85,-36.46,7.87,267.64,0.84,Fwd,13.58
1748795417.86,-36.46,7.87,267.64,0.84,Fwd,12.88
1748795417.86,-34.09,7.87,267.64,0.84,Fwd,12.88
1748795417.86,-34.09,6.69,267.64,0.84,Fwd,12.88
1748795417.86,-34.09,6.69,274.89,0.84,Fwd,12.88
1748795417.86,-34.09,6.69,274.89,0.76,Fwd,12.88
1748795417.86,-34.09,6.69,274.89,0.76,Fwd,12.88
1748795417.86,-34.09,6.69,274.89,0.76,Fwd,12.88
1748795417.87,-34.09,6.69,274.89,0.76,Fwd,12.88
1748795417.92,-34.09,6.69,274.89,0.76,Fwd,12.88
1748795417.92,-32.14,6.69,274.89,0.76,Fwd,12.88
1748795417.92,-32.14,5.88,274.89,0.76,Fwd,12.88
1748795417.93,-32.14,5.88,281.03,0.76,Fwd,12.88
1748795417.93,-32.14,5.88,281.03,0.95,Fwd,12.88
1748795417.93,-32.14,5.88,281.03,0.95,Fwd,12.88
1748795417.93,-32.14,5.88,281.03,0.95,Fwd,12.88
1748795417.93,-32.14,5.88,281.03,0.95,Fwd,12.88
1748795418.02,-32.14,5.88,281.03,0.95,Fwd,12.88
1748795418.03,-31.13,5.88,281.03,0.95,Fwd,12.88
1748795418.03,-31.13,5.82,281.03,0.95,Fwd,12.88
1748795418.06,-31.13,5.82,285.41,0.95,Fwd,12.88
1748795418.06,-31.13,5.82,285.41,1.02,Fwd,12.88
1748795418.06,-31.13,5.82,285.41,1.02,Fwd,12.88
1748795418.06,-31.13,5.82,285.41,1.02,Fwd,12.88
1748795418.06,-31.13,5.82,285.41,1.02,Fwd,12.88
1748795418.10,-31.13,5.82,285.41,1.02,Fwd,12.88
1748795418.10,-30.82,5.82,285.41,1.02,Fwd,12.88
1748795418.10,-30.82,5.00,285.41,1.02,Fwd,12.88
1748795418.10,-30.82,5.00,289.48,1.02,Fwd,12.88
1748795418.10,-30.82,5.00,289.48,1.13,Fwd,12.88
1748795418.10,-30.82,5.00,289.48,1.13,Fwd,12.88
1748795418.10,-30.82,5.00,289.48,1.13,Fwd,12.88
1748795418.10,-30.82,5.00,289.48,1.13,Fwd,12.88
1748795418.20,-30.82,5.00,289.48,1.13,Fwd,10.37
1748795418.23,-34.18,5.00,289.48,1.13,Fwd,10.37
1748795418.24,-34.18,3.08,289.48,1.13,Fwd,10.37
1748795418.24,-34.18,3.08,294.40,1.13,Fwd,10.37
1748795418.24,-34.18,3.08,294.40,0.94,Fwd,10.37
1748795418.24,-34.18,3.08,294.40,0.94,Fwd,10.37
1748795418.24,-34.18,3.08,294.40,0.94,Fwd,10.37
1748795418.24,-34.18,3.08,294.40,0.94,Fwd,10.37
1748795418.30,-34.18,3.08,294.40,0.94,Fwd,10.37
1748795418.30,-35.14,3.08,294.40,0.94,Fwd,10.37
1748795418.30,-35.14,1.92,294.40,0.94,Fwd,10.37
1748795418.37,-35.14,1.92,297.72,0.94,Fwd,10.37
1748795418.37,-35.14,1.92,297.72,1.02,Fwd,10.37
1748795418.37,-35.14,1.92,297.72,1.02,Fwd,10.37
1748795418.37,-35.14,1.92,297.72,1.02,Fwd,10.37
1748795418.37,-35.14,1.92,297.72,1.02,Fwd,10.37
1748795418.41,-35.14,1.92,297.72,1.02,Fwd,10.37
1748795418.41,-37.57,1.92,297.72,1.02,Fwd,10.37
1748795418.41,-37.57,2.99,297.72,1.02,Fwd,10.37
1748795418.44,-37.57,2.99,301.79,1.02,Fwd,10.37
1748795418.48,-37.57,2.99,301.79,1.09,Fwd,10.37
1748795418.48,-37.57,2.99,301.79,1.09,Fwd,10.37
1748795418.48,-37.57,2.99,301.79,1.09,Fwd,10.37
1748795418.48,-37.57,2.99,301.79,1.09,Fwd,10.37
1748795418.51,-37.57,2.99,301.79,1.09,Fwd,13.10
1748795418.52,-43.99,2.99,301.79,1.09,Fwd,13.10
1748795418.52,-43.99,3.31,301.79,1.09,Fwd,13.10
1748795418.52,-43.99,3.31,308.06,1.09,Fwd,13.10
1748795418.52,-43.99,3.31,308.06,1.28,Fwd,13.10
1748795418.52,-43.99,3.31,308.06,1.28,Fwd,13.10
1748795418.52,-43.99,3.31,308.06,1.28,Fwd,13.10
1748795418.52,-43.99,3.31,308.06,1.28,Fwd,13.10
1748795418.62,-43.99,3.31,308.06,1.28,Fwd,13.10
1748795418.65,-42.13,3.31,308.06,1.28,Fwd,13.10
1748795418.69,-42.13,5.04,308.06,1.28,Fwd,13.10
1748795418.69,-42.13,5.04,312.35,1.28,Fwd,13.10
1748795418.69,-42.13,5.04,312.35,1.14,Fwd,13.10
1748795418.69,-42.13,5.04,312.35,1.14,Fwd,13.10
1748795418.69,-42.13,5.04,312.35,1.14,Fwd,13.10
1748795418.69,-42.13,5.04,312.35,1.14,Fwd,13.10
1748795418.69,-42.13,5.04,312.35,1.14,Fwd,13.10
1748795418.69,-32.13,5.04,312.35,1.14,Fwd,13.10
1748795418.72,-32.13,7.98,312.35,1.14,Fwd,13.10
1748795418.72,-32.13,7.98,312.97,1.14,Fwd,13.10
1748795418.72,-32.13,7.98,312.97,0.96,Fwd,13.10
1748795418.72,-32.13,7.98,312.97,0.96,Fwd,13.10
1748795418.72,-32.13,7.98,312.97,0.96,Fwd,13.10
1748795418.72,-32.13,7.98,312.97,0.96,Fwd,13.10
1748795418.79,-32.13,7.98,312.97,0.96,Fwd,13.10
1748795418.79,-30.10,7.98,312.97,0.96,Fwd,13.10
1748795418.79,-30.10,8.98,312.97,0.96,Fwd,13.10
1748795418.80,-30.10,8.98,317.31,0.96,Fwd,13.10
1748795418.80,-30.10,8.98,317.31,1.19,Fwd,13.10
1748795418.80,-30.10,8.98,317.31,1.19,Fwd,13.10
1748795418.80,-30.10,8.98,317.31,1.19,Fwd,13.10
1748795418.80,-30.10,8.98,317.31,1.19,Fwd,13.10
1748795418.90,-30.10,8.98,317.31,1.19,Fwd,13.10
1748795418.93,-30.35,8.98,317.31,1.19,Fwd,13.10
1748795418.97,-30.35,10.21,317.31,1.19,Fwd,13.10
1748795418.97,-30.35,10.21,323.15,1.19,Fwd,13.10
1748795418.97,-30.35,10.21,323.15,1.42,Fwd,13.10
1748795418.97,-30.35,10.21,323.15,1.42,Fwd,13.10
1748795418.97,-30.35,10.21,323.15,1.42,Fwd,13.10
1748795418.97,-30.35,10.21,323.15,1.42,Fwd,13.10
1748795419.00,-30.35,10.21,323.15,1.42,Fwd,7.47
1748795419.00,-33.02,10.21,323.15,1.42,Fwd,7.47
1748795419.00,-33.02,11.10,323.15,1.42,Fwd,7.47
1748795419.00,-33.02,11.10,330.35,1.42,Fwd,7.47
1748795419.00,-33.02,11.10,330.35,1.45,Fwd,7.47
1748795419.00,-33.02,11.10,330.35,1.45,Fwd,7.47
1748795419.00,-33.02,11.10,330.35,1.45,Fwd,7.47
1748795419.00,-33.02,11.10,330.35,1.45,Fwd,7.47
1748795419.11,-33.02,11.10,330.35,1.45,Fwd,7.47
1748795419.14,-37.56,11.10,330.35,1.45,Fwd,7.47
1748795419.18,-37.56,12.44,330.35,1.45,Fwd,7.47
1748795419.18,-37.56,12.44,338.69,1.45,Fwd,7.47
1748795419.18,-37.56,12.44,338.69,0.96,Fwd,7.47
1748795419.18,-37.56,12.44,338.69,0.96,Fwd,7.47
1748795419.18,-37.56,12.44,338.69,0.96,Fwd,7.47
1748795419.18,-37.56,12.44,338.69,0.96,Fwd,7.47
1748795419.22,-37.56,12.44,338.69,0.96,Fwd,7.47
1748795419.22,-36.27,12.44,338.69,0.96,Fwd,7.47
1748795419.22,-36.27,12.28,338.69,0.96,Fwd,7.47
1748795419.22,-36.27,12.28,348.01,0.96,Fwd,7.47
1748795419.22,-36.27,12.28,348.01,1.14,Fwd,7.47
1748795419.22,-36.27,12.28,348.01,1.14,Fwd,7.47
1748795419.22,-36.27,12.28,348.01,1.14,Fwd,7.47
1748795419.23,-36.27,12.28,348.01,1.14,Fwd,7.47
1748795419.32,-36.27,12.28,348.01,1.14,Fwd,13.34
1748795419.33,-38.84,12.28,348.01,1.14,Fwd,13.34
1748795419.33,-38.84,10.62,348.01,1.14,Fwd,13.34
1748795419.33,-38.84,10.62,356.59,1.14,Fwd,13.34
1748795419.33,-38.84,10.62,356.59,0.76,Fwd,13.34
1748795419.33,-38.84,10.62,356.59,0.76,Fwd,13.34
1748795419.33,-38.84,10.62,356.59,0.76,Fwd,13.34
1748795419.33,-38.84,10.62,356.59,0.76,Fwd,13.34
1748795419.43,-38.84,10.62,356.59,0.76,Fwd,13.34
1748795419.43,-35.25,10.62,356.59,0.76,Fwd,13.34
1748795419.43,-35.25,9.52,356.59,0.76,Fwd,13.34
1748795419.43,-35.25,9.52,5.08,0.76,Fwd,13.34
1748795419.43,-35.25,9.52,5.08,0.71,Fwd,13.34
1748795419.43,-35.25,9.52,5.08,0.71,Fwd,13.34
1748795419.46,-35.25,9.52,5.08,0.71,Fwd,13.34
1748795419.46,-35.25,9.52,5.08,0.71,Fwd,13.34
1748795419.50,-35.25,9.52,5.08,0.71,Fwd,13.34
1748795419.50,-32.37,9.52,5.08,0.71,Fwd,13.34
1748795419.50,-32.37,8.42,5.08,0.71,Fwd,13.34
1748795419.53,-32.37,8.42,10.30,0.71,Fwd,13.34
1748795419.53,-32.37,8.42,10.30,1.02,Fwd,13.34
1748795419.53,-32.37,8.42,10.30,1.02,Fwd,13.34
1748795419.53,-32.37,8.42,10.30,1.02,Fwd,13.34
1748795419.54,-32.37,8.42,10.30,1.02,Fwd,13.34
1748795419.60,-32.37,8.42,10.30,1.02,Fwd,12.05
1748795419.61,-30.62,8.42,10.30,1.02,Fwd,12.05
1748795419.61,-30.62,7.24,10.30,1.02,Fwd,12.05
1748795419.61,-30.62,7.24,15.05,1.02,Fwd,12.05
1748795419.61,-30.62,7.24,15.05,0.78,Fwd,12.05
1748795419.61,-30.62,7.24,15.05,0.78,Fwd,12.05
1748795419.62,-30.62,7.24,15.05,0.78,Fwd,12.05
1748795419.62,-30.62,7.24,15.05,0.78,Fwd,12.05
1748795419.71,-30.62,7.24,15.05,0.78,Fwd,12.05
1748795419.78,-32.78,7.24,15.05,0.78,Fwd,12.05
1748795419.78,-32.78,4.68,15.05,0.78,Fwd,12.05
1748795419.78,-32.78,4.68,19.41,0.78,Fwd,12.05
1748795419.78,-32.78,4.68,19.41,1.24,Fwd,12.05
1748795419.78,-32.78,4.68,19.41,1.24,Fwd,12.05
1748795419.78,-32.78,4.68,19.41,1.24,Fwd,12.05
1748795419.78,-32.78,4.68,19.41,1.24,Fwd,12.05
1748795419.81,-32.78,4.68,19.41,1.24,Fwd,12.05
1748795419.81,-31.24,4.68,19.41,1.24,Fwd,12.05
1748795419.81,-31.24,2.89,19.41,1.24,Fwd,12.05
1748795419.82,-31.24,2.89,22.21,1.24,Fwd,12.05
1748795419.82,-31.24,2.89,22.21,0.92,Fwd,12.05
1748795419.82,-31.24,2.89,22.21,0.92,Fwd,12.05
1748795419.82,-31.24,2.89,22.21,0.92,Fwd,12.05
1748795419.82,-31.24,2.89,22.21,0.92,Fwd,12.05
1748795419.92,-31.24,2.89,22.21,0.92,Fwd,11.86
1748795419.95,-28.98,2.89,22.21,0.92,Fwd,11.86
1748795419.98,-28.98,3.46,22.21,0.92,Fwd,11.86
1748795419.98,-28.98,3.46,25.41,0.92,Fwd,11.86
1748795419.99,-28.98,3.46,25.41,1.40,Fwd,11.86
1748795419.99,-28.98,3.46,25.41,1.40,Fwd,11.86
1748795419.99,-28.98,3.46,25.41,1.40,Fwd,11.86
1748795419.99,-28.98,3.46,25.41,1.40,Fwd,11.86
1748795420.02,-28.98,3.46,25.41,1.40,Fwd,11.86
1748795420.02,-30.25,3.46,25.41,1.40,Fwd,11.86
1748795420.02,-30.25,3.76,25.41,1.40,Fwd,11.86
1748795420.02,-30.25,3.76,28.94,1.40,Fwd,11.86
1748795420.03,-30.25,3.76,28.94,1.84,Fwd,11.86
1748795420.03,-30.25,3.76,28.94,1.84,Fwd,11.86
1748795420.03,-30.25,3.76,28.94,1.84,Fwd,11.86
1748795420.03,-30.25,3.76,28.94,1.84,Fwd,11.86
1748795420.13,-30.25,3.76,28.94,1.84,Fwd,11.86
1748795420.13,-34.84,3.76,28.94,1.84,Fwd,11.86
1748795420.13,-34.84,4.89,28.94,1.84,Fwd,11.86
1748795420.13,-34.84,4.89,32.14,1.84,Fwd,11.86
1748795420.13,-34.84,4.89,32.14,1.00,Fwd,11.86
1748795420.13,-34.84,4.89,32.14,1.00,Fwd,11.86
1748795420.13,-34.84,4.89,32.14,1.00,Fwd,11.86
1748795420.13,-34.84,4.89,32.14,1.00,Fwd,11.86
1748795420.20,-34.84,4.89,32.14,1.00,Fwd,12.88
1748795420.20,-38.58,4.89,32.14,1.00,Fwd,12.88
1748795420.20,-38.58,5.23,32.14,1.00,Fwd,12.88
1748795420.20,-38.58,5.23,38.28,1.00,Fwd,12.88
1748795420.20,-38.58,5.23,38.28,0.81,Fwd,12.88
1748795420.20,-38.58,5.23,38.28,0.81,Fwd,12.88
1748795420.21,-38.58,5.23,38.28,0.81,Fwd,12.88
1748795420.21,-38.58,5.23,38.28,0.81,Fwd,12.88
1748795420.30,-38.58,5.23,38.28,0.81,Fwd,12.88
1748795420.30,-39.81,5.23,38.28,0.81,Fwd,12.88
1748795420.31,-39.81,3.09,38.28,0.81,Fwd,12.88
1748795420.31,-39.81,3.09,45.10,0.81,Fwd,12.88
1748795420.31,-39.81,3.09,45.10,0.94,Fwd,12.88
1748795420.31,-39.81,3.09,45.10,0.94,Fwd,12.88
1748795420.31,-39.81,3.09,45.10,0.94,Fwd,12.88
1748795420.31,-39.81,3.09,45.10,0.94,Fwd,12.88
1748795420.41,-39.81,3.09,45.10,0.94,Fwd,14.94
1748795420.44,-39.30,3.09,45.10,0.94,Fwd,14.94
1748795420.47,-39.30,1.10,45.10,0.94,Fwd,14.94
1748795420.51,-39.30,1.10,48.77,0.94,Fwd,14.94
1748795420.52,-39.30,1.10,48.77,1.02,Fwd,14.94
1748795420.52,-39.30,1.10,48.77,1.02,Fwd,14.94
1748795420.52,-39.30,1.10,48.77,1.02,Fwd,14.94
1748795420.52,-39.30,1.10,48.77,1.02,Fwd,14.94
1748795420.52,-39.30,1.10,48.77,1.02,Fwd,14.94
1748795420.52,-44.19,1.10,48.77,1.02,Fwd,14.94
1748795420.52,-44.19,-0.00,48.77,1.02,Fwd,14.94
1748795420.52,-44.19,-0.00,51.42,1.02,Fwd,14.94
1748795420.55,-44.19,-0.00,51.42,1.18,Fwd,14.94
1748795420.55,-44.19,-0.00,51.42,1.18,Fwd,14.94
1748795420.55,-44.19,-0.00,51.42,1.18,Fwd,14.94
1748795420.55,-44.19,-0.00,51.42,1.18,Fwd,14.94
1748795420.62,-44.19,-0.00,51.42,1.18,Fwd,14.94
1748795420.62,-51.49,-0.00,51.42,1.18,Fwd,14.94
1748795420.62,-51.49,-0.07,51.42,1.18,Fwd,14.94
1748795420.62,-51.49,-0.07,53.74,1.18,Fwd,14.94
1748795420.63,-51.49,-0.07,53.74,-0.03,Fwd,14.94
1748795420.63,-51.49,-0.07,53.74,-0.03,Fwd,14.94
1748795420.63,-51.49,-0.07,53.74,-0.03,Fwd,14.94
1748795420.63,-51.49,-0.07,53.74,-0.03,Fwd,14.94
1748795420.72,-51.49,-0.07,53.74,-0.03,Fwd,16.24
1748795420.73,-46.08,-0.07,53.74,-0.03,Fwd,16.24
1748795420.73,-46.08,-1.31,53.74,-0.03,Fwd,16.24
1748795420.73,-46.08,-1.31,56.13,-0.03,Fwd,16.24
1748795420.73,-46.08,-1.31,56.13,-0.11,Fwd,16.24
1748795420.73,-46.08,-1.31,56.13,-0.11,Fwd,16.24
1748795420.73,-46.08,-1.31,56.13,-0.11,Fwd,16.24
1748795420.73,-46.08,-1.31,56.13,-0.11,Fwd,16.24
1748795420.83,-46.08,-1.31,56.13,-0.11,Fwd,16.24
1748795420.86,-35.55,-1.31,56.13,-0.11,Fwd,16.24
1748795420.90,-35.55,-4.84,56.13,-0.11,Fwd,16.24
1748795420.90,-35.55,-4.84,62.90,-0.11,Fwd,16.24
1748795420.90,-35.55,-4.84,62.90,1.19,Fwd,16.24
1748795420.90,-35.55,-4.84,62.90,1.19,Fwd,16.24
1748795420.90,-35.55,-4.84,62.90,1.19,Fwd,16.24
1748795420.91,-35.55,-4.84,62.90,1.19,Fwd,16.24
1748795420.91,-35.55,-4.84,62.90,1.19,Fwd,16.24
1748795420.91,-33.27,-4.84,62.90,1.19,Fwd,16.24
1748795420.91,-33.27,-7.40,62.90,1.19,Fwd,16.24
1748795421.00,-33.27,-7.40,62.90,1.19,Fwd,16.24
1748795421.00,-34.13,-7.40,62.90,1.19,Fwd,16.24
1748795421.00,-34.13,-9.16,62.90,1.19,Fwd,16.24
1748795421.01,-34.13,-9.16,62.01,1.19,Fwd,16.24
1748795421.01,-34.13,-9.16,62.01,1.20,Fwd,16.24
1748795421.01,-34.13,-9.16,62.01,1.20,Fwd,16.24
1748795421.01,-34.13,-9.16,62.01,1.20,Fwd,16.24
1748795421.01,-34.13,-9.16,62.01,1.20,Fwd,16.24
1748795421.11,-34.13,-9.16,62.01,1.20,Fwd,16.24
1748795421.11,-35.65,-9.16,62.01,1.20,Fwd,16.24
1748795421.11,-35.65,-10.45,62.01,1.20,Fwd,16.24
1748795421.11,-35.65,-10.45,60.46,1.20,Fwd,16.24
1748795421.11,-35.65,-10.45,60.46,0.88,Fwd,16.24
1748795421.12,-35.65,-10.45,60.46,0.88,Fwd,16.24
1748795421.12,-35.65,-10.45,60.46,0.88,Fwd,16.24
1748795421.12,-35.65,-10.45,60.46,0.88,Fwd,16.24
1748795421.21,-35.65,-10.45,60.46,0.88,Fwd,6.92
1748795421.24,-33.89,-10.45,60.46,0.88,Fwd,6.92
1748795421.25,-33.89,-12.09,60.46,0.88,Fwd,6.92
1748795421.25,-33.89,-12.09,56.82,0.88,Fwd,6.92
1748795421.25,-33.89,-12.09,56.82,0.95,Fwd,6.92
1748795421.25,-33.89,-12.09,56.82,0.95,Fwd,6.92
1748795421.25,-33.89,-12.09,56.82,0.95,Fwd,6.92
1748795421.25,-33.89,-12.09,56.82,0.95,Fwd,6.92
1748795421.32,-33.89,-12.09,56.82,0.95,Fwd,6.92
1748795421.32,-32.83,-12.09,56.82,0.95,Fwd,6.92
1748795421.32,-32.83,-12.61,56.82,0.95,Fwd,6.92
1748795421.32,-32.83,-12.61,51.92,0.95,Fwd,6.92
1748795421.32,-32.83,-12.61,51.92,0.90,Fwd,6.92
1748795421.32,-32.83,-12.61,51.92,0.90,Fwd,6.92
1748795421.32,-32.83,-12.61,51.92,0.90,Fwd,6.92
1748795421.33,-32.83,-12.61,51.92,0.90,Fwd,6.92
1748795421.42,-32.83,-12.61,51.92,0.90,Fwd,6.92
1748795421.42,-32.38,-12.61,51.92,0.90,Fwd,6.92
1748795421.42,-32.38,-10.94,51.92,0.90,Fwd,6.92
1748795421.43,-32.38,-10.94,46.87,0.90,Fwd,6.92
1748795421.43,-32.38,-10.94,46.87,1.15,Fwd,6.92
1748795421.43,-32.38,-10.94,46.87,1.15,Fwd,6.92
1748795421.43,-32.38,-10.94,46.87,1.15,Fwd,6.92
1748795421.43,-32.38,-10.94,46.87,1.15,Fwd,6.92
1748795421.52,-32.38,-10.94,46.87,1.15,Fwd,11.15
1748795421.52,-34.16,-10.94,46.87,1.15,Fwd,11.15
1748795421.53,-34.16,-9.10,46.87,1.15,Fwd,11.15
1748795421.53,-34.16,-9.10,42.41,1.15,Fwd,11.15
1748795421.53,-34.16,-9.10,42.41,0.98,Fwd,11.15
1748795421.53,-34.16,-9.10,42.41,0.98,Fwd,11.15
1748795421.53,-34.16,-9.10,42.41,0.98,Fwd,11.15
1748795421.53,-34.16,-9.10,42.41,0.98,Fwd,11.15
1748795421.60,-34.16,-9.10,42.41,0.98,Fwd,11.15
1748795421.63,-35.04,-9.10,42.41,0.98,Fwd,11.15
1748795421.63,-35.04,-5.74,42.41,0.98,Fwd,11.15
1748795421.63,-35.04,-5.74,39.39,0.98,Fwd,11.15
1748795421.63,-35.04,-5.74,39.39,0.84,Fwd,11.15
1748795421.64,-35.04,-5.74,39.39,0.84,Fwd,11.15
1748795421.64,-35.04,-5.74,39.39,0.84,Fwd,11.15
1748795421.64,-35.04,-5.74,39.39,0.84,Fwd,11.15
1748795421.70,-35.04,-5.74,39.39,0.84,Fwd,11.15
1748795421.71,-35.53,-5.74,39.39,0.84,Fwd,11.15
1748795421.71,-35.53,-2.38,39.39,0.84,Fwd,11.15
1748795421.71,-35.53,-2.38,36.62,0.84,Fwd,11.15
1748795421.71,-35.53,-2.38,36.62,0.91,Fwd,11.15
1748795421.71,-35.53,-2.38,36.62,0.91,Fwd,11.15
1748795421.72,-35.53,-2.38,36.62,0.91,Fwd,11.15
1748795421.72,-35.53,-2.38,36.62,0.91,Fwd,11.15
1748795421.81,-35.53,-2.38,36.62,0.91,Fwd,13.58
1748795421.81,-36.84,-2.38,36.62,0.91,Fwd,13.58
1748795421.82,-36.84,-1.18,36.62,0.91,Fwd,13.58
1748795421.82,-36.84,-1.18,36.57,0.91,Fwd,13.58
1748795421.82,-36.84,-1.18,36.57,0.95,Fwd,13.58
1748795421.82,-36.84,-1.18,36.57,0.95,Fwd,13.58
1748795421.82,-36.84,-1.18,36.57,0.95,Fwd,13.58
1748795421.82,-36.84,-1.18,36.57,0.95,Fwd,13.58
1748795421.91,-36.84,-1.18,36.57,0.95,Fwd,13.58
1748795421.91,-39.14,-1.18,36.57,0.95,Fwd,13.58
1748795421.91,-39.14,-0.93,36.57,0.95,Fwd,13.58
1748795421.91,-39.14,-0.93,37.34,0.95,Fwd,13.58
1748795421.92,-39.14,-0.93,37.34,1.11,Fwd,13.58
1748795421.92,-39.14,-0.93,37.34,1.11,Fwd,13.58
1748795421.92,-39.14,-0.93,37.34,1.11,Fwd,13.58
1748795421.92,-39.14,-0.93,37.34,1.11,Fwd,13.58
1748795422.02,-39.14,-0.93,37.34,1.11,Fwd,13.58
1748795422.05,-44.78,-0.93,37.34,1.11,Fwd,13.58
1748795422.08,-44.78,-0.47,37.34,1.11,Fwd,13.58
1748795422.09,-44.78,-0.47,37.57,1.11,Fwd,13.58
1748795422.09,-44.78,-0.47,37.57,1.15,Fwd,13.58
1748795422.09,-44.78,-0.47,37.57,1.15,Fwd,13.58
1748795422.09,-44.78,-0.47,37.57,1.15,Fwd,13.58
1748795422.09,-44.78,-0.47,37.57,1.15,Fwd,13.58
1748795422.12,-44.78,-0.47,37.57,1.15,Fwd,14.36
1748795422.12,-48.61,-0.47,37.57,1.15,Fwd,14.36
1748795422.12,-48.61,0.85,37.57,1.15,Fwd,14.36
1748795422.12,-48.61,0.85,37.14,1.15,Fwd,14.36
1748795422.12,-48.61,0.85,37.14,0.07,Fwd,14.36
1748795422.13,-48.61,0.85,37.14,0.07,Fwd,14.36
1748795422.13,-48.61,0.85,37.14,0.07,Fwd,14.36
1748795422.13,-48.61,0.85,37.14,0.07,Fwd,14.36
1748795422.23,-48.61,0.85,37.14,0.07,Fwd,14.36
1748795422.23,-37.06,0.85,37.14,0.07,Fwd,14.36
1748795422.23,-37.06,0.23,37.14,0.07,Fwd,14.36
1748795422.23,-37.06,0.23,35.98,0.07,Fwd,14.36
1748795422.23,-37.06,0.23,35.98,0.77,Fwd,14.36
1748795422.23,-37.06,0.23,35.98,0.77,Fwd,14.36
1748795422.23,-37.06,0.23,35.98,0.77,Fwd,14.36
1748795422.23,-37.06,0.23,35.98,0.77,Fwd,14.36
1748795422.30,-37.06,0.23,35.98,0.77,Fwd,14.36
1748795422.33,-34.50,0.23,35.98,0.77,Fwd,14.36
1748795422.33,-34.50,1.37,35.98,0.77,Fwd,14.36
1748795422.33,-34.50,1.37,32.14,0.77,Fwd,14.36
1748795422.34,-34.50,1.37,32.14,1.43,Fwd,14.36
1748795422.34,-34.50,1.37,32.14,1.43,Fwd,14.36
1748795422.34,-34.50,1.37,32.14,1.43,Fwd,14.36
1748795422.34,-34.50,1.37,32.14,1.43,Fwd,14.36
1748795422.41,-34.50,1.37,32.14,1.43,Fwd,14.36
1748795422.41,-35.23,1.37,32.14,1.43,Fwd,14.36
1748795422.41,-35.23,2.40,32.14,1.43,Fwd,14.36
1748795422.41,-35.23,2.40,31.02,1.43,Fwd,14.36
1748795422.41,-35.23,2.40,31.02,1.03,Fwd,14.36
1748795422.41,-35.23,2.40,31.02,1.03,Fwd,14.36
1748795422.41,-35.23,2.40,31.02,1.03,Fwd,14.36
1748795422.41,-35.23,2.40,31.02,1.03,Fwd,14.36
1748795422.50,-35.23,2.40,31.02,1.03,Fwd,14.36
1748795422.54,-34.58,2.40,31.02,1.03,Fwd,14.36
1748795422.54,-34.58,2.79,31.02,1.03,Fwd,14.36
1748795422.54,-34.58,2.79,29.61,1.03,Fwd,14.36
1748795422.54,-34.58,2.79,29.61,1.16,Fwd,14.36
1748795422.54,-34.58,2.79,29.61,1.16,Fwd,14.36
1748795422.55,-34.58,2.79,29.61,1.16,Fwd,14.36
1748795422.55,-34.58,2.79,29.61,1.16,Fwd,14.36
1748795422.61,-34.58,2.79,29.61,1.16,Fwd,7.86
1748795422.61,-35.22,2.79,29.61,1.16,Fwd,7.86
1748795422.61,-35.22,3.77,29.61,1.16,Fwd,7.86
1748795422.62,-35.22,3.77,28.51,1.16,Fwd,7.86
1748795422.62,-35.22,3.77,28.51,1.20,Fwd,7.86
1748795422.62,-35.22,3.77,28.51,1.20,Fwd,7.86
1748795422.62,-35.22,3.77,28.51,1.20,Fwd,7.86
1748795422.62,-35.22,3.77,28.51,1.20,Fwd,7.86
1748795422.72,-35.22,3.77,28.51,1.20,Fwd,7.86
1748795422.72,-35.61,3.77,28.51,1.20,Fwd,7.86
1748795422.72,-35.61,4.98,28.51,1.20,Fwd,7.86
1748795422.72,-35.61,4.98,28.28,1.20,Fwd,7.86
1748795422.72,-35.61,4.98,28.28,0.93,Fwd,7.86
1748795422.72,-35.61,4.98,28.28,0.93,Fwd,7.86
1748795422.72,-35.61,4.98,28.28,0.93,Fwd,7.86
1748795422.72,-35.61,4.98,28.28,0.93,Fwd,7.86
1748795422.82,-35.61,4.98,28.28,0.93,Fwd,7.86
1748795422.82,-36.55,4.98,28.28,0.93,Fwd,7.86
1748795422.82,-36.55,5.89,28.28,0.93,Fwd,7.86
1748795422.86,-36.55,5.89,27.71,0.93,Fwd,7.86
1748795422.86,-36.55,5.89,27.71,0.89,Fwd,7.86
1748795422.86,-36.55,5.89,27.71,0.89,Fwd,7.86
1748795422.86,-36.55,5.89,27.71,0.89,Fwd,7.86
1748795422.86,-36.55,5.89,27.71,0.89,Fwd,7.86