1748795974.91,-0.20,-5.06,217.79,1.01,Fwd,5.75
1748795974.91,0.45,-5.06,217.79,1.01,Fwd,5.75
1748795974.91,0.45,-4.85,217.79,1.01,Fwd,5.75
1748795974.92,0.45,-4.85,215.86,1.01,Fwd,5.75
1748795974.92,0.45,-4.85,215.86,0.97,Fwd,5.75
1748795974.92,0.45,-4.85,215.86,0.97,Fwd,5.75
1748795974.95,0.45,-4.85,215.86,0.97,Fwd,5.75
1748795974.98,0.45,-4.85,215.86,0.97,Fwd,5.75
1748795975.02,0.45,-4.85,215.86,0.97,Fwd,5.75
1748795975.02,1.14,-4.85,215.86,0.97,Fwd,5.75
1748795975.02,1.14,-4.61,215.86,0.97,Fwd,5.75
1748795975.02,1.14,-4.61,213.76,0.97,Fwd,5.75
1748795975.02,1.14,-4.61,213.76,1.00,Fwd,5.75
1748795975.02,1.14,-4.61,213.76,1.00,Fwd,5.75
1748795975.02,1.14,-4.61,213.76,1.00,Fwd,5.75
1748795975.03,1.14,-4.61,213.76,1.00,Fwd,5.75
1748795975.15,1.14,-4.61,213.76,1.00,Fwd,5.75
1748795975.15,1.34,-4.61,213.76,1.00,Fwd,5.75
1748795975.15,1.34,-4.15,213.76,1.00,Fwd,5.75
1748795975.15,1.34,-4.15,211.44,1.00,Fwd,5.75
1748795975.16,1.34,-4.15,211.44,1.06,Fwd,5.75
1748795975.16,1.34,-4.15,211.44,1.06,Fwd,5.75
1748795975.16,1.34,-4.15,211.44,1.06,Fwd,5.75
1748795975.16,1.34,-4.15,211.44,1.06,Fwd,5.75
1748795975.19,1.34,-4.15,211.44,1.06,Fwd,5.75
1748795975.19,1.94,-4.15,211.44,1.06,Fwd,5.75
1748795975.19,1.94,-2.80,211.44,1.06,Fwd,5.75
1748795975.22,1.94,-2.80,209.25,1.06,Fwd,5.75
1748795975.22,1.94,-2.80,209.25,1.06,Fwd,5.75
1748795975.22,1.94,-2.80,209.25,1.06,Fwd,5.75
1748795975.22,1.94,-2.80,209.25,1.06,Fwd,5.75
1748795975.22,1.94,-2.80,209.25,1.06,Fwd,5.75
1748795975.29,1.94,-2.80,209.25,1.06,Fwd,5.75
1748795975.30,1.45,-2.80,209.25,1.06,Fwd,5.75
1748795975.30,1.45,-1.56,209.25,1.06,Fwd,5.75
1748795975.30,1.45,-1.56,207.79,1.06,Fwd,5.75
1748795975.30,1.45,-1.56,207.79,1.04,Fwd,5.75
1748795975.30,1.45,-1.56,207.79,1.04,Fwd,5.75
1748795975.30,1.45,-1.56,207.79,1.04,Fwd,5.75
1748795975.30,1.45,-1.56,207.79,1.04,Fwd,5.75
1748795975.40,1.45,-1.56,207.79,1.04,Fwd,5.75
1748795975.40,1.02,-1.56,207.79,1.04,Fwd,5.75
1748795975.40,1.02,-0.68,207.79,1.04,Fwd,5.75
1748795975.40,1.02,-0.68,206.77,1.04,Fwd,5.75
1748795975.40,1.02,-0.68,206.77,0.92,Fwd,5.75
1748795975.40,1.02,-0.68,206.77,0.92,Fwd,5.75
1748795975.40,1.02,-0.68,206.77,0.92,Fwd,5.75
1748795975.40,1.02,-0.68,206.77,0.92,Fwd,5.75
1748795975.51,1.02,-0.68,206.77,0.92,Fwd,5.75
1748795975.51,0.70,-0.68,206.77,0.92,Fwd,5.75
1748795975.51,0.70,0.29,206.77,0.92,Fwd,5.75
1748795975.51,0.70,0.29,206.23,0.92,Fwd,5.75
1748795975.51,0.70,0.29,206.23,0.90,Fwd,5.75
1748795975.51,0.70,0.29,206.23,0.90,Fwd,5.75
1748795975.51,0.70,0.29,206.23,0.90,Fwd,5.75
1748795975.51,0.70,0.29,206.23,0.90,Fwd,5.75
1748795975.61,0.70,0.29,206.23,0.90,Fwd,5.19
1748795975.68,-0.42,0.29,206.23,0.90,Fwd,5.19
1748795975.68,-0.42,0.60,206.23,0.90,Fwd,5.19
1748795975.68,-0.42,0.60,206.00,0.90,Fwd,5.19
1748795975.68,-0.42,0.60,206.00,0.93,Fwd,5.19
1748795975.68,-0.42,0.60,206.00,0.93,Fwd,5.19
1748795975.68,-0.42,0.60,206.00,0.93,Fwd,5.19
1748795975.69,-0.42,0.60,206.00,0.93,Fwd,5.19
1748795975.72,-0.42,0.60,206.00,0.93,Fwd,5.19
1748795975.72,-2.91,0.60,206.00,0.93,Fwd,5.19
1748795975.72,-2.91,0.51,206.00,0.93,Fwd,5.19
1748795975.72,-2.91,0.51,206.23,0.93,Fwd,5.19
1748795975.72,-2.91,0.51,206.23,1.01,Fwd,5.19
1748795975.72,-2.91,0.51,206.23,1.01,Fwd,5.19
1748795975.73,-2.91,0.51,206.23,1.01,Fwd,5.19
1748795975.73,-2.91,0.51,206.23,1.01,Fwd,5.19
1748795975.82,-2.91,0.51,206.23,1.01,Fwd,5.19
1748795975.82,-4.14,0.51,206.23,1.01,Fwd,5.19
1748795975.83,-4.14,0.62,206.23,1.01,Fwd,5.19
1748795975.83,-4.14,0.62,206.44,1.01,Fwd,5.19
1748795975.83,-4.14,0.62,206.44,1.01,Fwd,5.19
1748795975.83,-4.14,0.62,206.44,1.01,Fwd,5.19
1748795975.83,-4.14,0.62,206.44,1.01,Fwd,5.19
1748795975.83,-4.14,0.62,206.44,1.01,Fwd,5.19
1748795975.89,-4.14,0.62,206.44,1.01,Fwd,5.19
1748795975.92,-3.68,0.62,206.44,1.01,Fwd,5.19
1748795975.96,-3.68,0.57,206.44,1.01,Fwd,5.19
1748795975.96,-3.68,0.57,205.39,1.01,Fwd,5.19
1748795975.96,-3.68,0.57,205.39,0.97,Fwd,5.19
1748795975.96,-3.68,0.57,205.39,0.97,Fwd,5.19
1748795975.97,-3.68,0.57,205.39,0.97,Fwd,5.19
1748795975.97,-3.68,0.57,205.39,0.97,Fwd,5.19
1748795975.99,-3.68,0.57,205.39,0.97,Fwd,5.19
1748795976.03,-3.10,0.57,205.39,0.97,Fwd,5.19
1748795976.04,-3.10,0.39,205.39,0.97,Fwd,5.19
1748795976.04,-3.10,0.39,203.49,0.97,Fwd,5.19
1748795976.04,-3.10,0.39,203.49,0.89,Fwd,5.19
1748795976.04,-3.10,0.39,203.49,0.89,Fwd,5.19
1748795976.04,-3.10,0.39,203.49,0.89,Fwd,5.19
1748795976.04,-3.10,0.39,203.49,0.89,Fwd,5.19
1748795976.11,-3.10,0.39,203.49,0.89,Fwd,7.70
1748795976.11,-2.76,0.39,203.49,0.89,Fwd,7.70
1748795976.11,-2.76,1.42,203.49,0.89,Fwd,7.70
1748795976.11,-2.76,1.42,200.90,0.89,Fwd,7.70
1748795976.11,-2.76,1.42,200.90,0.98,Fwd,7.70
1748795976.11,-2.76,1.42,200.90,0.98,Fwd,7.70
1748795976.11,-2.76,1.42,200.90,0.98,Fwd,7.70
1748795976.11,-2.76,1.42,200.90,0.98,Fwd,7.70
1748795976.20,-2.76,1.42,200.90,0.98,Fwd,7.70
1748795976.24,-2.32,1.42,200.90,0.98,Fwd,7.70
1748795976.27,-2.32,2.65,200.90,0.98,Fwd,7.70
1748795976.28,-2.32,2.65,198.31,0.98,Fwd,7.70
1748795976.28,-2.32,2.65,198.31,0.95,Fwd,7.70
1748795976.28,-2.32,2.65,198.31,0.95,Fwd,7.70
1748795976.28,-2.32,2.65,198.31,0.95,Fwd,7.70
1748795976.28,-2.32,2.65,198.31,0.95,Fwd,7.70
1748795976.34,-2.32,2.65,198.31,0.95,Fwd,7.70
1748795976.34,-2.10,2.65,198.31,0.95,Fwd,7.70
1748795976.35,-2.10,3.39,198.31,0.95,Fwd,7.70
1748795976.35,-2.10,3.39,196.00,0.95,Fwd,7.70
1748795976.35,-2.10,3.39,196.00,0.98,Fwd,7.70
1748795976.35,-2.10,3.39,196.00,0.98,Fwd,7.70
1748795976.35,-2.10,3.39,196.00,0.98,Fwd,7.70
1748795976.38,-2.10,3.39,196.00,0.98,Fwd,7.70
1748795976.41,-2.10,3.39,196.00,0.98,Fwd,7.70
1748795976.45,-1.77,3.39,196.00,0.98,Fwd,7.70
1748795976.45,-1.77,4.10,196.00,0.98,Fwd,7.70
1748795976.45,-1.77,4.10,193.98,0.98,Fwd,7.70
1748795976.45,-1.77,4.10,193.98,1.05,Fwd,7.70
1748795976.45,-1.77,4.10,193.98,1.05,Fwd,7.70
1748795976.45,-1.77,4.10,193.98,1.05,Fwd,7.70
1748795976.46,-1.77,4.10,193.98,1.05,Fwd,7.70
1748795976.52,-1.77,4.10,193.98,1.05,Fwd,7.70
1748795976.52,-1.52,4.10,193.98,1.05,Fwd,7.70
1748795976.52,-1.52,5.18,193.98,1.05,Fwd,7.70
1748795976.52,-1.52,5.18,192.30,1.05,Fwd,7.70
1748795976.52,-1.52,5.18,192.30,0.94,Fwd,7.70
1748795976.52,-1.52,5.18,192.30,0.94,Fwd,7.70
1748795976.52,-1.52,5.18,192.30,0.94,Fwd,7.70
1748795976.53,-1.52,5.18,192.30,0.94,Fwd,7.70
1748795976.59,-1.52,5.18,192.30,0.94,Fwd,7.39
1748795976.59,-1.54,5.18,192.30,0.94,Fwd,7.39
1748795976.59,-1.54,6.25,192.30,0.94,Fwd,7.39
1748795976.63,-1.54,6.25,191.20,0.94,Fwd,7.39
1748795976.66,-1.54,6.25,191.20,0.94,Fwd,7.39
1748795976.66,-1.54,6.25,191.20,0.94,Fwd,7.39
1748795976.66,-1.54,6.25,191.20,0.94,Fwd,7.39
1748795976.66,-1.54,6.25,191.20,0.94,Fwd,7.39
1748795976.70,-1.54,6.25,191.20,0.94,Fwd,7.39
1748795976.70,-1.63,6.25,191.20,0.94,Fwd,7.39
1748795976.70,-1.63,7.12,191.20,0.94,Fwd,7.39
1748795976.70,-1.63,7.12,190.86,0.94,Fwd,7.39
1748795976.71,-1.63,7.12,190.86,0.99,Fwd,7.39
1748795976.71,-1.63,7.12,190.86,0.99,Fwd,7.39
1748795976.71,-1.63,7.12,190.86,0.99,Fwd,7.39
1748795976.71,-1.63,7.12,190.86,0.99,Fwd,7.39
1748795976.80,-1.63,7.12,190.86,0.99,Fwd,7.39
1748795976.80,-1.48,7.12,190.86,0.99,Fwd,7.39
1748795976.81,-1.48,7.70,190.86,0.99,Fwd,7.39
1748795976.81,-1.48,7.70,191.49,0.99,Fwd,7.39
1748795976.81,-1.48,7.70,191.49,1.00,Fwd,7.39
1748795976.81,-1.48,7.70,191.49,1.00,Fwd,7.39
1748795976.83,-1.48,7.70,191.49,1.00,Fwd,7.39
1748795976.87,-1.48,7.70,191.49,1.00,Fwd,7.39
1748795976.91,-1.48,7.70,191.49,1.00,Fwd,7.39
1748795976.91,-1.20,7.70,191.49,1.00,Fwd,7.39
1748795976.91,-1.20,7.70,191.49,1.00,Fwd,7.39
1748795976.91,-1.20,7.70,193.27,1.00,Fwd,7.39
1748795976.91,-1.20,7.70,193.27,1.02,Fwd,7.39
1748795976.91,-1.20,7.70,193.27,1.02,Fwd,7.39
1748795976.91,-1.20,7.70,193.27,1.02,Fwd,7.39
1748795976.92,-1.20,7.70,193.27,1.02,Fwd,7.39
1748795977.01,-1.20,7.70,193.27,1.02,Fwd,7.39
1748795977.01,-0.80,7.70,193.27,1.02,Fwd,7.39
1748795977.02,-0.80,7.38,193.27,1.02,Fwd,7.39
1748795977.02,-0.80,7.38,196.14,1.02,Fwd,7.39
1748795977.02,-0.80,7.38,196.14,0.93,Fwd,7.39
1748795977.02,-0.80,7.38,196.14,0.93,Fwd,7.39
1748795977.02,-0.80,7.38,196.14,0.93,Fwd,7.39
1748795977.02,-0.80,7.38,196.14,0.93,Fwd,7.39
1748795977.12,-0.80,7.38,196.14,0.93,Fwd,7.25
1748795977.12,-0.13,7.38,196.14,0.93,Fwd,7.25
1748795977.12,-0.13,6.16,196.14,0.93,Fwd,7.25
1748795977.12,-0.13,6.16,200.19,0.93,Fwd,7.25
1748795977.12,-0.13,6.16,200.19,0.94,Fwd,7.25
1748795977.12,-0.13,6.16,200.19,0.94,Fwd,7.25
1748795977.13,-0.13,6.16,200.19,0.94,Fwd,7.25
1748795977.13,-0.13,6.16,200.19,0.94,Fwd,7.25
1748795977.22,-0.13,6.16,200.19,0.94,Fwd,7.25
1748795977.22,0.62,6.16,200.19,0.94,Fwd,7.25
1748795977.22,0.62,4.17,200.19,0.94,Fwd,7.25
1748795977.22,0.62,4.17,205.40,0.94,Fwd,7.25
1748795977.22,0.62,4.17,205.40,0.96,Fwd,7.25
1748795977.22,0.62,4.17,205.40,0.96,Fwd,7.25
1748795977.22,0.62,4.17,205.40,0.96,Fwd,7.25
1748795977.23,0.62,4.17,205.40,0.96,Fwd,7.25
1748795977.33,0.62,4.17,205.40,0.96,Fwd,7.25
1748795977.33,1.81,4.17,205.40,0.96,Fwd,7.25
1748795977.33,1.81,1.43,205.40,0.96,Fwd,7.25
1748795977.33,1.81,1.43,211.27,0.96,Fwd,7.25
1748795977.33,1.81,1.43,211.27,0.97,Fwd,7.25
1748795977.33,1.81,1.43,211.27,0.97,Fwd,7.25
1748795977.34,1.81,1.43,211.27,0.97,Fwd,7.25
1748795977.34,1.81,1.43,211.27,0.97,Fwd,7.25
1748795977.40,1.81,1.43,211.27,0.97,Fwd,7.25
1748795977.40,2.33,1.43,211.27,0.97,Fwd,7.25
1748795977.40,2.33,-1.54,211.27,0.97,Fwd,7.25
1748795977.40,2.33,-1.54,217.05,0.97,Fwd,7.25
1748795977.40,2.33,-1.54,217.05,0.93,Fwd,7.25
1748795977.40,2.33,-1.54,217.05,0.93,Fwd,7.25
1748795977.41,2.33,-1.54,217.05,0.93,Fwd,7.25
1748795977.41,2.33,-1.54,217.05,0.93,Fwd,7.25
1748795977.50,2.33,-1.54,217.05,0.93,Fwd,7.25
1748795977.53,1.99,-1.54,217.05,0.93,Fwd,7.25
1748795977.54,1.99,-4.13,217.05,0.93,Fwd,7.25
1748795977.55,1.99,-4.13,221.95,0.93,Fwd,7.25
1748795977.55,1.99,-4.13,221.95,1.02,Fwd,7.25
1748795977.55,1.99,-4.13,221.95,1.02,Fwd,7.25
1748795977.55,1.99,-4.13,221.95,1.02,Fwd,7.25
1748795977.55,1.99,-4.13,221.95,1.02,Fwd,7.25
1748795977.61,1.99,-4.13,221.95,1.02,Fwd,7.25
1748795977.61,1.55,-4.13,221.95,1.02,Fwd,7.25
1748795977.61,1.55,-5.43,221.95,1.02,Fwd,7.25
1748795977.61,1.55,-5.43,225.33,1.02,Fwd,7.25
1748795977.61,1.55,-5.43,225.33,0.97,Fwd,7.25
1748795977.61,1.55,-5.43,225.33,0.97,Fwd,7.25
1748795977.61,1.55,-5.43,225.33,0.97,Fwd,7.25
1748795977.62,1.55,-5.43,225.33,0.97,Fwd,7.25
1748795977.71,1.55,-5.43,225.33,0.97,Fwd,6.44
1748795977.71,1.24,-5.43,225.33,0.97,Fwd,6.44
1748795977.71,1.24,-5.31,225.33,0.97,Fwd,6.44
1748795977.71,1.24,-5.31,226.63,0.97,Fwd,6.44
1748795977.72,1.24,-5.31,226.63,0.92,Fwd,6.44
1748795977.72,1.24,-5.31,226.63,0.92,Fwd,6.44
1748795977.72,1.24,-5.31,226.63,0.92,Fwd,6.44
1748795977.72,1.24,-5.31,226.63,0.92,Fwd,6.44
1748795977.82,1.24,-5.31,226.63,0.92,Fwd,6.44
1748795977.82,1.67,-5.31,226.63,0.92,Fwd,6.44
1748795977.82,1.67,-4.22,226.63,0.92,Fwd,6.44
1748795977.82,1.67,-4.22,225.57,0.92,Fwd,6.44
1748795977.82,1.67,-4.22,225.57,0.97,Fwd,6.44
1748795977.82,1.67,-4.22,225.57,0.97,Fwd,6.44
1748795977.83,1.67,-4.22,225.57,0.97,Fwd,6.44
1748795977.83,1.67,-4.22,225.57,0.97,Fwd,6.44
1748795977.92,1.67,-4.22,225.57,0.97,Fwd,6.44
1748795977.96,2.95,-4.22,225.57,0.97,Fwd,6.44
1748795977.99,2.95,-3.09,225.57,0.97,Fwd,6.44
1748795978.00,2.95,-3.09,222.83,0.97,Fwd,6.44
1748795978.00,2.95,-3.09,222.83,0.99,Fwd,6.44
1748795978.00,2.95,-3.09,222.83,0.99,Fwd,6.44
1748795978.00,2.95,-3.09,222.83,0.99,Fwd,6.44
1748795978.00,2.95,-3.09,222.83,0.99,Fwd,6.44
1748795978.00,2.95,-3.09,222.83,0.99,Fwd,6.44
1748795978.00,3.88,-3.09,222.83,0.99,Fwd,6.44
1748795978.00,3.88,-2.00,222.83,0.99,Fwd,6.44
1748795978.01,3.88,-2.00,217.99,0.99,Fwd,6.44
1748795978.01,3.88,-2.00,217.99,1.17,Fwd,6.44
1748795978.10,3.88,-2.00,217.99,1.17,Fwd,6.44
1748795978.10,8.31,-2.00,217.99,1.17,Fwd,6.44
1748795978.10,8.31,-2.59,217.99,1.17,Fwd,6.44
1748795978.10,8.31,-2.59,214.75,1.17,Fwd,6.44
1748795978.10,8.31,-2.59,214.75,1.56,Fwd,6.44
1748795978.10,8.31,-2.59,214.75,1.56,Fwd,6.44
1748795978.11,8.31,-2.59,214.75,1.56,Fwd,6.44
1748795978.11,8.31,-2.59,214.75,1.56,Fwd,6.44
1748795978.20,8.31,-2.59,214.75,1.56,Fwd,6.44
1748795978.23,13.26,-2.59,214.75,1.56,Fwd,6.44
1748795978.24,13.26,-5.07,214.75,1.56,Fwd,6.44
1748795978.27,13.26,-5.07,202.12,1.56,Fwd,6.44
1748795978.27,13.26,-5.07,202.12,1.39,Fwd,6.44
1748795978.27,13.26,-5.07,202.12,1.39,Fwd,6.44
1748795978.28,13.26,-5.07,202.12,1.39,Fwd,6.44
1748795978.28,13.26,-5.07,202.12,1.39,Fwd,6.44
1748795978.31,13.26,-5.07,202.12,1.39,Fwd,6.44
1748795978.31,18.63,-5.07,202.12,1.39,Fwd,6.44
1748795978.38,18.63,-5.94,202.12,1.39,Fwd,6.44
1748795978.38,18.63,-5.94,182.13,1.39,Fwd,6.44
1748795978.38,18.63,-5.94,182.13,0.57,Fwd,6.44
1748795978.38,18.63,-5.94,182.13,0.57,Fwd,6.44
1748795978.44,18.63,-5.94,182.13,0.57,Fwd,6.44
1748795978.48,18.63,-5.94,182.13,0.57,Fwd,6.44
1748795978.48,18.63,-5.94,182.13,0.57,Fwd,6.44
1748795978.49,21.42,-5.94,182.13,0.57,Fwd,6.44
1748795978.49,21.42,-2.40,182.13,0.57,Fwd,6.44
1748795978.49,21.42,-2.40,161.03,0.57,Fwd,6.44
1748795978.49,21.42,-2.40,161.03,0.19,Fwd,6.44
1748795978.49,21.42,-2.40,161.03,0.19,Fwd,6.44
1748795978.49,21.42,-2.40,161.03,0.19,Fwd,6.44
1748795978.49,21.42,-2.40,161.03,0.19,Fwd,6.44
1748795978.51,21.42,-2.40,161.03,0.19,Fwd,6.44
1748795978.52,20.45,-2.40,161.03,0.19,Fwd,6.44
1748795978.52,20.45,1.37,161.03,0.19,Fwd,6.44
1748795978.52,20.45,1.37,138.45,0.19,Fwd,6.44
1748795978.52,20.45,1.37,138.45,0.45,Fwd,6.44
1748795978.52,20.45,1.37,138.45,0.45,Fwd,6.44
1748795978.52,20.45,1.37,138.45,0.45,Fwd,6.44
1748795978.52,20.45,1.37,138.45,0.45,Fwd,6.44
1748795978.62,20.45,1.37,138.45,0.45,Fwd,6.44
1748795978.62,15.65,1.37,138.45,0.45,Fwd,6.44
1748795978.63,15.65,1.29,138.45,0.45,Fwd,6.44
1748795978.63,15.65,1.29,114.71,0.45,Fwd,6.44
1748795978.63,15.65,1.29,114.71,0.95,Fwd,6.44
1748795978.63,15.65,1.29,114.71,0.95,Fwd,6.44
1748795978.63,15.65,1.29,114.71,0.95,Fwd,6.44
1748795978.63,15.65,1.29,114.71,0.95,Fwd,6.44
1748795978.69,15.65,1.29,114.71,0.95,Fwd,6.44
1748795978.72,10.54,1.29,114.71,0.95,Fwd,6.44
1748795978.76,10.54,-0.02,114.71,0.95,Fwd,6.44
1748795978.80,10.54,-0.02,98.87,0.95,Fwd,6.44
1748795978.83,10.54,-0.02,98.87,1.00,Fwd,6.44
1748795978.86,10.54,-0.02,98.87,1.00,Fwd,6.44
1748795978.86,10.54,-0.02,98.87,1.00,Fwd,6.44
1748795978.87,10.54,-0.02,98.87,1.00,Fwd,6.44
1748795978.87,10.54,-0.02,98.87,1.00,Fwd,6.44
1748795978.87,6.42,-0.02,98.87,1.00,Fwd,6.44
1748795978.87,6.42,-0.69,98.87,1.00,Fwd,6.44
1748795978.90,6.42,-0.69,95.10,1.00,Fwd,6.44
1748795978.93,6.42,-0.69,95.10,-0.03,Fwd,6.44
1748795978.97,6.42,-0.69,95.10,-0.03,Fwd,6.44
1748795978.97,6.42,-0.69,95.10,-0.03,Fwd,6.44
1748795978.97,6.42,-0.69,95.10,-0.03,Fwd,6.44
1748795978.97,6.42,-0.69,95.10,-0.03,Fwd,6.44
1748795978.97,7.63,-0.69,95.10,-0.03,Fwd,6.44
1748795978.98,7.63,-0.48,95.10,-0.03,Fwd,6.44
1748795979.01,7.63,-0.48,95.28,-0.03,Fwd,6.44
1748795979.01,7.63,-0.48,95.28,0.88,Fwd,6.44
1748795979.04,7.63,-0.48,95.28,0.88,Fwd,6.44
1748795979.04,7.63,-0.48,95.28,0.88,Fwd,6.44
1748795979.04,7.63,-0.48,95.28,0.88,Fwd,6.44
1748795979.04,7.63,-0.48,95.28,0.88,Fwd,6.44
1748795979.04,7.65,-0.48,95.28,0.88,Fwd,6.44
1748795979.05,7.65,1.13,95.28,0.88,Fwd,6.44
1748795979.07,7.65,1.13,95.81,0.88,Fwd,6.44
1748795979.11,7.65,1.13,95.81,1.02,Fwd,6.44
1748795979.11,7.65,1.13,95.81,1.02,Fwd,6.44
1748795979.11,7.65,1.13,95.81,1.02,Fwd,6.44
1748795979.14,7.65,1.13,95.81,1.02,Fwd,6.44
1748795979.15,7.65,1.13,95.81,1.02,Fwd,6.44
1748795979.18,8.60,1.13,95.81,1.02,Fwd,6.44
1748795979.21,8.60,1.46,95.81,1.02,Fwd,6.44
1748795979.25,8.60,1.46,96.57,1.02,Fwd,6.44
1748795979.28,8.60,1.46,96.57,0.95,Fwd,6.44
1748795979.28,8.60,1.46,96.57,0.95,Fwd,6.44
1748795979.29,8.60,1.46,96.57,0.95,Fwd,6.44
1748795979.29,8.60,1.46,96.57,0.95,Fwd,6.44
1748795979.29,8.60,1.46,96.57,0.95,Fwd,6.44
1748795979.29,9.60,1.46,96.57,0.95,Fwd,6.44
1748795979.32,9.60,5.51,96.57,0.95,Fwd,6.44
1748795979.35,9.60,5.51,97.95,0.95,Fwd,6.44
1748795979.39,9.60,5.51,97.95,1.09,Fwd,6.44
1748795979.42,9.60,5.51,97.95,1.09,Fwd,6.44
1748795979.46,9.60,5.51,97.95,1.09,Fwd,6.44
1748795979.49,9.60,5.51,97.95,1.09,Fwd,6.44
1748795979.53,9.60,5.51,97.95,1.09,Fwd,6.44
1748795979.56,8.17,5.51,97.95,1.09,Fwd,6.44
1748795979.56,8.17,0.19,97.95,1.09,Fwd,6.44
1748795979.56,8.17,0.19,103.11,1.09,Fwd,6.44
1748795979.60,8.17,0.19,103.11,0.38,Fwd,6.44
1748795979.60,8.17,0.19,103.11,0.38,Fwd,6.44
1748795979.60,8.17,0.19,103.11,0.38,Fwd,6.44
1748795979.60,8.17,0.19,103.11,0.38,Fwd,6.44
1748795979.60,8.17,0.19,103.11,0.38,Fwd,6.44
1748795979.60,9.57,0.19,103.11,0.38,Fwd,6.44
1748795979.63,9.57,-1.29,103.11,0.38,Fwd,6.44
1748795979.67,9.57,-1.29,105.84,0.38,Fwd,6.44
1748795979.67,9.57,-1.29,105.84,0.37,Fwd,6.44
1748795979.67,9.57,-1.29,105.84,0.37,Fwd,6.44
1748795979.67,9.57,-1.29,105.84,0.37,Fwd,6.44
1748795979.67,9.57,-1.29,105.84,0.37,Fwd,6.44
1748795979.67,9.57,-1.29,105.84,0.37,Fwd,6.44
1748795979.67,10.61,-1.29,105.84,0.37,Fwd,6.44
1748795979.67,10.61,-0.47,105.84,0.37,Fwd,6.44
1748795979.70,10.61,-0.47,106.74,0.37,Fwd,6.44
1748795979.74,10.61,-0.47,106.74,1.03,Fwd,6.44
1748795979.74,10.61,-0.47,106.74,1.03,Fwd,6.44
1748795979.74,10.61,-0.47,106.74,1.03,Fwd,6.44
1748795979.74,10.61,-0.47,106.74,1.03,Fwd,6.44
1748795979.74,10.61,-0.47,106.74,1.03,Fwd,6.44
1748795979.74,10.84,-0.47,106.74,1.03,Fwd,6.44
1748795979.74,10.84,1.07,106.74,1.03,Fwd,6.44
1748795979.74,10.84,1.07,107.51,1.03,Fwd,6.44
1748795979.74,10.84,1.07,107.51,0.97,Fwd,6.44
1748795979.74,10.84,1.07,107.51,0.97,Fwd,6.44
1748795979.74,10.84,1.07,107.51,0.97,Fwd,6.44
1748795979.74,10.84,1.07,107.51,0.97,Fwd,6.44
1748795979.74,10.84,1.07,107.51,0.97,Fwd,6.44
1748795979.74,11.46,1.07,107.51,0.97,Fwd,6.44
1748795979.74,11.46,1.73,107.51,0.97,Fwd,6.44
1748795979.74,11.46,1.73,108.17,0.97,Fwd,6.44
1748795979.75,11.46,1.73,108.17,0.99,Fwd,6.44
1748795979.75,11.46,1.73,108.17,0.99,Fwd,6.44
1748795979.75,11.46,1.73,108.17,0.99,Fwd,6.44
1748795979.75,11.46,1.73,108.17,0.99,Fwd,6.44
1748795979.81,11.46,1.73,108.17,0.99,Fwd,6.44
1748795979.81,11.88,1.73,108.17,0.99,Fwd,6.44
1748795979.81,11.88,2.95,108.17,0.99,Fwd,6.44
1748795979.81,11.88,2.95,108.83,0.99,Fwd,6.44
1748795979.81,11.88,2.95,108.83,0.96,Fwd,6.44
1748795979.81,11.88,2.95,108.83,0.96,Fwd,6.44
1748795979.81,11.88,2.95,108.83,0.96,Fwd,6.44
1748795979.81,11.88,2.95,108.83,0.96,Fwd,6.44
1748795979.92,11.88,2.95,108.83,0.96,Fwd,6.44
1748795979.92,12.45,2.95,108.83,0.96,Fwd,6.44
1748795979.92,12.45,3.67,108.83,0.96,Fwd,6.44
1748795979.92,12.45,3.67,109.59,0.96,Fwd,6.44
1748795979.92,12.45,3.67,109.59,1.15,Fwd,6.44
1748795979.92,12.45,3.67,109.59,1.15,Fwd,6.44
1748795979.92,12.45,3.67,109.59,1.15,Fwd,6.44
1748795979.92,12.45,3.67,109.59,1.15,Fwd,6.44
1748795980.02,12.45,3.67,109.59,1.15,Fwd,6.44
1748795980.02,12.73,3.67,109.59,1.15,Fwd,6.44
1748795980.03,12.73,3.33,109.59,1.15,Fwd,6.44
1748795980.03,12.73,3.33,110.06,1.15,Fwd,6.44
1748795980.03,12.73,3.33,110.06,0.87,Fwd,6.44
1748795980.03,12.73,3.33,110.06,0.87,Fwd,6.44
1748795980.05,12.73,3.33,110.06,0.87,Fwd,6.44
1748795980.05,12.73,3.33,110.06,0.87,Fwd,6.44
1748795980.09,12.73,3.33,110.06,0.87,Fwd,6.44
1748795980.09,12.29,3.33,110.06,0.87,Fwd,6.44
1748795980.09,12.29,0.97,110.06,0.87,Fwd,6.44
1748795980.12,12.29,0.97,111.01,0.87,Fwd,6.44
1748795980.13,12.29,0.97,111.01,1.65,Fwd,6.44
1748795980.13,12.29,0.97,111.01,1.65,Fwd,6.44
1748795980.13,12.29,0.97,111.01,1.65,Fwd,6.44
1748795980.13,12.29,0.97,111.01,1.65,Fwd,6.44
1748795980.19,12.29,0.97,111.01,1.65,Fwd,6.44
1748795980.20,13.65,0.97,111.01,1.65,Fwd,6.44
1748795980.20,13.65,0.40,111.01,1.65,Fwd,6.44
1748795980.20,13.65,0.40,111.19,1.65,Fwd,6.44
1748795980.20,13.65,0.40,111.19,1.07,Fwd,6.44
1748795980.20,13.65,0.40,111.19,1.07,Fwd,6.44
1748795980.20,13.65,0.40,111.19,1.07,Fwd,6.44
1748795980.20,13.65,0.40,111.19,1.07,Fwd,6.44
1748795980.30,13.65,0.40,111.19,1.07,Fwd,6.44
1748795980.30,13.90,0.40,111.19,1.07,Fwd,6.44
1748795980.30,13.90,0.82,111.19,1.07,Fwd,6.44
1748795980.30,13.90,0.82,111.95,1.07,Fwd,6.44
1748795980.30,13.90,0.82,111.95,1.00,Fwd,6.44
1748795980.30,13.90,0.82,111.95,1.00,Fwd,6.44
1748795980.30,13.90,0.82,111.95,1.00,Fwd,6.44
1748795980.30,13.90,0.82,111.95,1.00,Fwd,6.44
1748795980.40,13.90,0.82,111.95,1.00,Fwd,6.44
1748795980.44,13.96,0.82,111.95,1.00,Fwd,6.44
1748795980.47,13.96,1.52,111.95,1.00,Fwd,6.44
1748795980.47,13.96,1.52,112.56,1.00,Fwd,6.44
1748795980.47,13.96,1.52,112.56,1.00,Fwd,6.44
1748795980.47,13.96,1.52,112.56,1.00,Fwd,6.44
1748795980.47,13.96,1.52,112.56,1.00,Fwd,6.44
1748795980.48,13.96,1.52,112.56,1.00,Fwd,6.44
1748795980.51,13.96,1.52,112.56,1.00,Fwd,6.44
1748795980.51,14.20,1.52,112.56,1.00,Fwd,6.44
1748795980.51,14.20,1.62,112.56,1.00,Fwd,6.44
1748795980.51,14.20,1.62,113.13,1.00,Fwd,6.44
1748795980.51,14.20,1.62,113.13,0.99,Fwd,6.44
1748795980.51,14.20,1.62,113.13,0.99,Fwd,6.44
1748795980.51,14.20,1.62,113.13,0.99,Fwd,6.44
1748795980.51,14.20,1.62,113.13,0.99,Fwd,6.44
1748795980.62,14.20,1.62,113.13,0.99,Fwd,6.44
1748795980.62,14.40,1.62,113.13,0.99,Fwd,6.44
1748795980.62,14.40,2.63,113.13,0.99,Fwd,6.44
1748795980.62,14.40,2.63,113.89,0.99,Fwd,6.44
1748795980.62,14.40,2.63,113.89,1.02,Fwd,6.44
1748795980.62,14.40,2.63,113.89,1.02,Fwd,6.44
1748795980.62,14.40,2.63,113.89,1.02,Fwd,6.44
1748795980.63,14.40,2.63,113.89,1.02,Fwd,6.44
1748795980.72,14.40,2.63,113.89,1.02,Fwd,0.00
1748795980.75,14.59,2.63,113.89,1.02,Fwd,0.00
1748795980.75,14.59,3.65,113.89,1.02,Fwd,0.00
1748795980.75,14.59,3.65,114.64,1.02,Fwd,0.00
1748795980.76,14.59,3.65,114.64,0.77,Fwd,0.00
1748795980.79,14.59,3.65,114.64,0.77,Fwd,0.00
1748795980.79,14.59,3.65,114.64,0.77,Fwd,0.00
1748795980.79,14.59,3.65,114.64,0.77,Fwd,0.00
1748795980.80,14.59,3.65,114.64,0.77,Fwd,0.00
1748795980.80,15.21,3.65,114.64,0.77,Fwd,0.00
1748795980.80,15.21,3.90,114.64,0.77,Fwd,0.00
1748795980.80,15.21,3.90,115.39,0.77,Fwd,0.00
1748795980.80,15.21,3.90,115.39,1.15,Fwd,0.00
1748795980.80,15.21,3.90,115.39,1.15,Fwd,0.00
1748795980.89,15.21,3.90,115.39,1.15,Fwd,0.00
1748795980.93,14.77,3.90,115.39,1.15,Fwd,0.00
1748795980.96,14.77,5.20,115.39,1.15,Fwd,0.00
1748795981.00,14.77,5.20,116.06,1.15,Fwd,0.00
1748795981.00,14.77,5.20,116.06,1.18,Fwd,0.00
1748795981.00,14.77,5.20,116.06,1.18,Fwd,0.00
1748795981.01,14.77,5.20,116.06,1.18,Fwd,0.00
1748795981.01,14.77,5.20,116.06,1.18,Fwd,0.00
1748795981.01,14.77,5.20,116.06,1.18,Fwd,0.00
1748795981.01,13.97,5.20,116.06,1.18,Fwd,0.00
1748795981.01,13.97,-1.10,116.06,1.18,Fwd,0.00
1748795981.03,13.97,-1.10,119.25,1.18,Fwd,0.00
1748795981.07,13.97,-1.10,119.25,0.47,Fwd,0.00
1748795981.07,13.97,-1.10,119.25,0.47,Fwd,0.00
1748795981.07,13.97,-1.10,119.25,0.47,Fwd,0.00
1748795981.07,13.97,-1.10,119.25,0.47,Fwd,0.00
1748795981.11,13.97,-1.10,119.25,0.47,Fwd,0.00
1748795981.11,15.12,-1.10,119.25,0.47,Fwd,0.00
1748795981.11,15.12,-1.82,119.25,0.47,Fwd,0.00
1748795981.11,15.12,-1.82,119.82,0.47,Fwd,0.00
1748795981.11,15.12,-1.82,119.82,0.87,Fwd,0.00
1748795981.11,15.12,-1.82,119.82,0.87,Fwd,0.00
1748795981.11,15.12,-1.82,119.82,0.87,Fwd,0.00
1748795981.12,15.12,-1.82,119.82,0.87,Fwd,0.00
1748795981.21,15.12,-1.82,119.82,0.87,Fwd,0.00
1748795981.24,15.34,-1.82,119.82,0.87,Fwd,0.00
1748795981.24,15.34,-2.01,119.82,0.87,Fwd,0.00
1748795981.24,15.34,-2.01,120.23,0.87,Fwd,0.00
1748795981.24,15.34,-2.01,120.23,0.98,Fwd,0.00
1748795981.25,15.34,-2.01,120.23,0.98,Fwd,0.00
1748795981.25,15.34,-2.01,120.23,0.98,Fwd,0.00
1748795981.25,15.34,-2.01,120.23,0.98,Fwd,0.00
1748795981.31,15.34,-2.01,120.23,0.98,Fwd,0.00
1748795981.31,15.29,-2.01,120.23,0.98,Fwd,0.00
1748795981.32,15.29,-1.73,120.23,0.98,Fwd,0.00
1748795981.32,15.29,-1.73,120.82,0.98,Fwd,0.00
1748795981.32,15.29,-1.73,120.82,0.96,Fwd,0.00
1748795981.32,15.29,-1.73,120.82,0.96,Fwd,0.00
1748795981.32,15.29,-1.73,120.82,0.96,Fwd,0.00
1748795981.32,15.29,-1.73,120.82,0.96,Fwd,0.00
1748795981.42,15.29,-1.73,120.82,0.96,Fwd,0.00
1748795981.45,15.34,-1.73,120.82,0.96,Fwd,0.00
1748795981.49,15.34,-1.35,120.82,0.96,Fwd,0.00
1748795981.50,15.34,-1.35,121.49,0.96,Fwd,0.00
1748795981.50,15.34,-1.35,121.49,0.89,Fwd,0.00
1748795981.50,15.34,-1.35,121.49,0.89,Fwd,0.00
1748795981.50,15.34,-1.35,121.49,0.89,Fwd,0.00
1748795981.50,15.34,-1.35,121.49,0.89,Fwd,0.00
1748795981.50,15.34,-1.35,121.49,0.89,Fwd,0.00
1748795981.50,15.62,-1.35,121.49,0.89,Fwd,0.00
1748795981.50,15.62,-2.48,121.49,0.89,Fwd,0.00
1748795981.59,15.62,-2.48,121.49,0.89,Fwd,0.00
1748795981.60,15.75,-2.48,121.49,0.89,Fwd,0.00
1748795981.60,15.75,-3.52,121.49,0.89,Fwd,0.00
1748795981.60,15.75,-3.52,121.79,0.89,Fwd,0.00
1748795981.60,15.75,-3.52,121.79,1.21,Fwd,0.00
1748795981.60,15.75,-3.52,121.79,1.21,Fwd,0.00
1748795981.60,15.75,-3.52,121.79,1.21,Fwd,0.00
1748795981.60,15.75,-3.52,121.79,1.21,Fwd,0.00
1748795981.70,15.75,-3.52,121.79,1.21,Fwd,0.00
1748795981.70,15.76,-3.52,121.79,1.21,Fwd,0.00
1748795981.70,15.76,-6.71,121.79,1.21,Fwd,0.00
1748795981.70,15.76,-6.71,121.22,1.21,Fwd,0.00
1748795981.70,15.76,-6.71,121.22,2.04,Fwd,0.00
1748795981.71,15.76,-6.71,121.22,2.04,Fwd,0.00
1748795981.71,15.76,-6.71,121.22,2.04,Fwd,0.00
1748795981.71,15.76,-6.71,121.22,2.04,Fwd,0.00
1748795981.80,15.76,-6.71,121.22,2.04,Fwd,0.00
1748795981.81,12.66,-6.71,121.22,2.04,Fwd,0.00
1748795981.81,12.66,-3.82,121.22,2.04,Fwd,0.00
1748795981.81,12.66,-3.82,115.47,2.04,Fwd,0.00
1748795981.81,12.66,-3.82,115.47,0.70,Fwd,0.00
1748795981.81,12.66,-3.82,115.47,0.70,Fwd,0.00
1748795981.81,12.66,-3.82,115.47,0.70,Fwd,0.00
1748795981.81,12.66,-3.82,115.47,0.70,Fwd,0.00
1748795981.91,12.66,-3.82,115.47,0.70,Fwd,0.00
1748795981.91,12.11,-3.82,115.47,0.70,Fwd,0.00
1748795981.91,12.11,2.29,115.47,0.70,Fwd,0.00
1748795981.91,12.11,2.29,107.01,0.70,Fwd,0.00
1748795981.92,12.11,2.29,107.01,0.71,Fwd,0.00
1748795981.92,12.11,2.29,107.01,0.71,Fwd,0.00
1748795981.92,12.11,2.29,107.01,0.71,Fwd,0.00
1748795981.92,12.11,2.29,107.01,0.71,Fwd,0.00
1748795982.09,12.11,2.29,107.01,0.71,Fwd,0.00
1748795982.09,14.43,2.29,107.01,0.71,Fwd,0.00
1748795982.09,14.43,-1.36,107.01,0.71,Fwd,0.00
1748795982.09,14.43,-1.36,104.61,0.71,Fwd,0.00
1748795982.09,14.43,-1.36,104.61,1.89,Fwd,0.00
1748795982.09,14.43,-1.36,104.61,1.89,Fwd,0.00
1748795982.09,14.43,-1.36,104.61,1.89,Fwd,0.00
1748795982.10,14.43,-1.36,104.61,1.89,Fwd,0.00
1748795982.12,14.43,-1.36,104.61,1.89,Fwd,0.00
1748795982.12,15.06,-1.36,104.61,1.89,Fwd,0.00
1748795982.12,15.06,-3.21,104.61,1.89,Fwd,0.00
1748795982.12,15.06,-3.21,105.16,1.89,Fwd,0.00
1748795982.15,15.06,-3.21,105.16,0.90,Fwd,0.00
1748795982.19,15.06,-3.21,105.16,0.90,Fwd,0.00
1748795982.20,15.06,-3.21,105.16,0.90,Fwd,0.00
1748795982.20,15.06,-3.21,105.16,0.90,Fwd,0.00
1748795982.20,15.06,-3.21,105.16,0.90,Fwd,0.00
1748795982.20,14.98,-3.21,105.16,0.90,Fwd,0.00
1748795982.20,14.98,-3.35,105.16,0.90,Fwd,0.00
1748795982.20,14.98,-3.35,105.60,0.90,Fwd,0.00
1748795982.20,14.98,-3.35,105.60,0.99,Fwd,0.00
1748795982.20,14.98,-3.35,105.60,0.99,Fwd,0.00
1748795982.30,14.98,-3.35,105.60,0.99,Fwd,0.00
1748795982.30,15.19,-3.35,105.60,0.99,Fwd,0.00
1748795982.30,15.19,-3.63,105.60,0.99,Fwd,0.00
1748795982.30,15.19,-3.63,105.90,0.99,Fwd,0.00
1748795982.30,15.19,-3.63,105.90,0.89,Fwd,0.00
1748795982.30,15.19,-3.63,105.90,0.89,Fwd,0.00
1748795982.31,15.19,-3.63,105.90,0.89,Fwd,0.00
1748795982.31,15.19,-3.63,105.90,0.89,Fwd,0.00
1748795982.40,15.19,-3.63,105.90,0.89,Fwd,0.00
1748795982.43,15.41,-3.63,105.90,0.89,Fwd,0.00
1748795982.44,15.41,-4.48,105.90,0.89,Fwd,0.00
1748795982.44,15.41,-4.48,105.92,0.89,Fwd,0.00
1748795982.44,15.41,-4.48,105.92,1.22,Fwd,0.00
1748795982.44,15.41,-4.48,105.92,1.22,Fwd,0.00
1748795982.44,15.41,-4.48,105.92,1.22,Fwd,0.00
1748795982.44,15.41,-4.48,105.92,1.22,Fwd,0.00
1748795982.51,15.41,-4.48,105.92,1.22,Fwd,0.00
1748795982.51,14.34,-4.48,105.92,1.22,Fwd,0.00
1748795982.51,14.34,-7.63,105.92,1.22,Fwd,0.00
1748795982.51,14.34,-7.63,105.05,1.22,Fwd,0.00
1748795982.51,14.34,-7.63,105.05,2.15,Fwd,0.00
1748795982.52,14.34,-7.63,105.05,2.15,Fwd,0.00
1748795982.52,14.34,-7.63,105.05,2.15,Fwd,0.00
1748795982.52,14.34,-7.63,105.05,2.15,Fwd,0.00
1748795982.61,14.34,-7.63,105.05,2.15,Fwd,0.00
1748795982.61,11.18,-7.63,105.05,2.15,Fwd,0.00
1748795982.61,11.18,-0.96,105.05,2.15,Fwd,0.00
1748795982.61,11.18,-0.96,99.27,2.15,Fwd,0.00
1748795982.62,11.18,-0.96,99.27,0.46,Fwd,0.00
1748795982.62,11.18,-0.96,99.27,0.46,Fwd,0.00
1748795982.62,11.18,-0.96,99.27,0.46,Fwd,0.00
1748795982.62,11.18,-0.96,99.27,0.46,Fwd,0.00
1748795982.72,11.18,-0.96,99.27,0.46,Fwd,0.00
1748795982.72,11.80,-0.96,99.27,0.46,Fwd,0.00
1748795982.72,11.80,3.08,99.27,0.46,Fwd,0.00
1748795982.72,11.80,3.08,93.23,0.46,Fwd,0.00
1748795982.72,11.80,3.08,93.23,0.51,Fwd,0.00
1748795982.72,11.80,3.08,93.23,0.51,Fwd,0.00
1748795982.73,11.80,3.08,93.23,0.51,Fwd,0.00
1748795982.73,11.80,3.08,93.23,0.51,Fwd,0.00
1748795982.82,11.80,3.08,93.23,0.51,Fwd,0.00
1748795982.82,12.97,3.08,93.23,0.51,Fwd,0.00
1748795982.82,12.97,1.13,93.23,0.51,Fwd,0.00
1748795982.89,12.97,1.13,92.51,0.51,Fwd,0.00
1748795982.89,12.97,1.13,92.51,0.76,Fwd,0.00
1748795982.92,12.97,1.13,92.51,0.76,Fwd,0.00
1748795982.93,12.97,1.13,92.51,0.76,Fwd,0.00
1748795982.93,12.97,1.13,92.51,0.76,Fwd,0.00
1748795982.93,12.97,1.13,92.51,0.76,Fwd,0.00
1748795982.93,13.51,1.13,92.51,0.76,Fwd,0.00
1748795982.93,13.51,1.58,92.51,0.76,Fwd,0.00
1748795982.93,13.51,1.58,93.18,0.76,Fwd,0.00
1748795982.93,13.51,1.58,93.18,1.24,Fwd,0.00
1748795982.93,13.51,1.58,93.18,1.24,Fwd,0.00
1748795983.00,13.51,1.58,93.18,1.24,Fwd,0.00
1748795983.00,14.13,1.58,93.18,1.24,Fwd,0.00
1748795983.00,14.13,2.19,93.18,1.24,Fwd,0.00
1748795983.00,14.13,2.19,95.22,1.24,Fwd,0.00
1748795983.01,14.13,2.19,95.22,0.87,Fwd,0.00
1748795983.01,14.13,2.19,95.22,0.87,Fwd,0.00
1748795983.01,14.13,2.19,95.22,0.87,Fwd,0.00
1748795983.01,14.13,2.19,95.22,0.87,Fwd,0.00
1748795983.10,14.13,2.19,95.22,0.87,Fwd,0.00
1748795983.10,17.84,2.19,95.22,0.87,Fwd,0.00
1748795983.10,17.84,0.05,95.22,0.87,Fwd,0.00
1748795983.10,17.84,0.05,97.77,0.87,Fwd,0.00
1748795983.11,17.84,0.05,97.77,0.62,Fwd,0.00
1748795983.11,17.84,0.05,97.77,0.62,Fwd,0.00
1748795983.11,17.84,0.05,97.77,0.62,Fwd,0.00
1748795983.11,17.84,0.05,97.77,0.62,Fwd,0.00
1748795983.21,17.84,0.05,97.77,0.62,Fwd,0.00
1748795983.24,17.86,0.05,97.77,0.62,Fwd,0.00
1748795983.27,17.86,-2.04,97.77,0.62,Fwd,0.00
1748795983.31,17.86,-2.04,99.35,0.62,Fwd,0.00
1748795983.32,17.86,-2.04,99.35,1.21,Fwd,0.00
1748795983.32,17.86,-2.04,99.35,1.21,Fwd,0.00
1748795983.32,17.86,-2.04,99.35,1.21,Fwd,0.00
1748795983.32,17.86,-2.04,99.35,1.21,Fwd,0.00
1748795983.32,17.86,-2.04,99.35,1.21,Fwd,0.00
1748795983.32,16.68,-2.04,99.35,1.21,Fwd,0.00
1748795983.32,16.68,-1.07,99.35,1.21,Fwd,0.00
1748795983.32,16.68,-1.07,100.28,1.21,Fwd,0.00
1748795983.33,16.68,-1.07,100.28,1.21,Fwd,0.00
1748795983.33,16.68,-1.07,100.28,1.21,Fwd,0.00
1748795983.33,16.68,-1.07,100.28,1.21,Fwd,0.00
1748795983.45,16.68,-1.07,100.28,1.21,Fwd,0.00
1748795983.45,16.78,-1.07,100.28,1.21,Fwd,0.00
1748795983.45,16.78,-1.20,100.28,1.21,Fwd,0.00
1748795983.46,16.78,-1.20,100.79,1.21,Fwd,0.00
1748795983.46,16.78,-1.20,100.79,0.92,Fwd,0.00
1748795983.46,16.78,-1.20,100.79,0.92,Fwd,0.00
1748795983.46,16.78,-1.20,100.79,0.92,Fwd,0.00
1748795983.46,16.78,-1.20,100.79,0.92,Fwd,0.00
1748795983.52,16.78,-1.20,100.79,0.92,Fwd,0.00
1748795983.52,17.09,-1.20,100.79,0.92,Fwd,0.00
1748795983.52,17.09,-1.80,100.79,0.92,Fwd,0.00
1748795983.53,17.09,-1.80,100.42,0.92,Fwd,0.00
1748795983.53,17.09,-1.80,100.42,1.04,Fwd,0.00
1748795983.53,17.09,-1.80,100.42,1.04,Fwd,0.00
1748795983.53,17.09,-1.80,100.42,1.04,Fwd,0.00
1748795983.53,17.09,-1.80,100.42,1.04,Fwd,0.00
1748795983.59,17.09,-1.80,100.42,1.04,Fwd,0.00
1748795983.59,15.56,-1.80,100.42,1.04,Fwd,0.00
1748795983.59,15.56,-3.27,100.42,1.04,Fwd,0.00
1748795983.66,15.56,-3.27,98.48,1.04,Fwd,0.00
1748795983.69,15.56,-3.27,98.48,0.97,Fwd,0.00
1748795983.69,15.56,-3.27,98.48,0.97,Fwd,0.00
1748795983.70,15.56,-3.27,98.48,0.97,Fwd,0.00
1748795983.70,15.56,-3.27,98.48,0.97,Fwd,0.00
1748795983.70,15.56,-3.27,98.48,0.97,Fwd,0.00
1748795983.70,13.30,-3.27,98.48,0.97,Fwd,0.00
1748795983.73,13.30,1.51,98.48,0.97,Fwd,0.00
1748795983.73,13.30,1.51,94.97,0.97,Fwd,0.00
1748795983.73,13.30,1.51,94.97,0.58,Fwd,0.00
1748795983.73,13.30,1.51,94.97,0.58,Fwd,0.00
1748795983.73,13.30,1.51,94.97,0.58,Fwd,0.00
1748795983.73,13.30,1.51,94.97,0.58,Fwd,0.00
1748795983.83,13.30,1.51,94.97,0.58,Fwd,0.00
1748795983.83,15.65,1.51,94.97,0.58,Fwd,0.00
1748795983.83,15.65,1.21,94.97,0.58,Fwd,0.00
1748795983.84,15.65,1.21,94.17,0.58,Fwd,0.00
1748795983.84,15.65,1.21,94.17,1.67,Fwd,0.00
1748795983.84,15.65,1.21,94.17,1.67,Fwd,0.00
1748795983.87,15.65,1.21,94.17,1.67,Fwd,0.00
1748795983.90,15.65,1.21,94.17,1.67,Fwd,0.00
1748795983.90,15.65,1.21,94.17,1.67,Fwd,0.00
1748795983.94,14.90,1.21,94.17,1.67,Fwd,0.00
1748795983.97,14.90,1.02,94.17,1.67,Fwd,0.00
1748795984.01,14.90,1.02,94.80,1.67,Fwd,0.00
1748795984.11,14.90,1.02,94.80,1.06,Fwd,0.00
1748795984.19,14.90,1.02,94.80,1.06,Fwd,0.00
1748795984.22,14.90,1.02,94.80,1.06,Fwd,0.00
1748795984.26,14.90,1.02,94.80,1.06,Fwd,0.00
1748795984.26,14.90,1.02,94.80,1.06,Fwd,0.00
1748795984.26,14.76,1.02,94.80,1.06,Fwd,0.00
1748795984.26,14.76,-0.26,94.80,1.06,Fwd,0.00
1748795984.26,14.76,-0.26,95.43,1.06,Fwd,0.00
1748795984.26,14.76,-0.26,95.43,1.51,Fwd,0.00
1748795984.29,14.76,-0.26,95.43,1.51,Fwd,0.00
1748795984.29,14.76,-0.26,95.43,1.51,Fwd,0.00
1748795984.29,14.76,-0.26,95.43,1.51,Fwd,0.00
1748795984.29,14.76,-0.26,95.43,1.51,Fwd,11.15
1748795984.29,17.20,-0.26,95.43,1.51,Fwd,11.15
1748795984.30,17.20,-0.97,95.43,1.51,Fwd,11.15
1748795984.36,17.20,-0.97,97.95,1.51,Fwd,11.15
1748795984.39,17.20,-0.97,97.95,0.77,Fwd,11.15
1748795984.43,17.20,-0.97,97.95,0.77,Fwd,11.15
1748795984.46,17.20,-0.97,97.95,0.77,Fwd,11.15
1748795984.54,17.20,-0.97,97.95,0.77,Fwd,11.15
1748795984.57,17.20,-0.97,97.95,0.77,Fwd,11.15
1748795984.60,20.37,-0.97,97.95,0.77,Fwd,11.15
1748795984.64,20.37,-2.08,97.95,0.77,Fwd,11.15
1748795984.71,20.37,-2.08,100.45,0.77,Fwd,11.15
1748795984.78,20.37,-2.08,100.45,0.53,Fwd,11.15
1748795984.78,20.37,-2.08,100.45,0.53,Fwd,11.15
1748795984.78,20.37,-2.08,100.45,0.53,Fwd,11.15
1748795984.78,20.37,-2.08,100.45,0.53,Fwd,11.15
1748795984.78,20.37,-2.08,100.45,0.53,Fwd,11.15
1748795984.80,18.23,-2.08,100.45,0.53,Fwd,11.15
1748795984.80,18.23,-1.06,100.45,0.53,Fwd,11.15
1748795984.80,18.23,-1.06,104.14,0.53,Fwd,11.15
1748795984.80,18.23,-1.06,104.14,1.04,Fwd,11.15
1748795984.80,18.23,-1.06,104.14,1.04,Fwd,11.15
1748795984.80,18.23,-1.06,104.14,1.04,Fwd,11.15
1748795984.80,18.23,-1.06,104.14,1.04,Fwd,11.15
1748795984.80,18.23,-1.06,104.14,1.04,Fwd,11.15
1748795984.80,17.38,-1.06,104.14,1.04,Fwd,11.15
1748795984.81,17.38,-0.50,104.14,1.04,Fwd,11.15
1748795984.81,17.38,-0.50,104.75,1.04,Fwd,11.15
1748795984.81,17.38,-0.50,104.75,0.99,Fwd,11.15
1748795984.81,17.38,-0.50,104.75,0.99,Fwd,11.15
1748795984.81,17.38,-0.50,104.75,0.99,Fwd,11.15
1748795984.81,17.38,-0.50,104.75,0.99,Fwd,11.15
1748795984.81,17.38,-0.50,104.75,0.99,Fwd,11.15
1748795984.82,17.22,-0.50,104.75,0.99,Fwd,11.15
1748795984.82,17.22,-1.20,104.75,0.99,Fwd,11.15
1748795984.82,17.22,-1.20,106.02,0.99,Fwd,11.15
1748795984.82,17.22,-1.20,106.02,0.97,Fwd,11.15
1748795984.82,17.22,-1.20,106.02,0.97,Fwd,11.15
1748795984.82,17.22,-1.20,106.02,0.97,Fwd,11.15
1748795984.82,17.22,-1.20,106.02,0.97,Fwd,11.15