1748795714.44,-1.06,-17.23,95.97,0.96,Fwd,0.00
1748795714.44,-1.06,-17.23,95.97,0.98,Fwd,0.00
1748795714.44,-1.06,-17.23,95.97,0.98,Fwd,0.00
1748795714.44,-1.06,-17.23,95.97,0.98,Fwd,0.00
1748795714.44,-1.06,-17.23,95.97,0.98,Fwd,0.00
1748795714.51,-1.06,-17.23,95.97,0.98,Fwd,0.00
1748795714.51,-1.14,-17.23,95.97,0.98,Fwd,0.00
1748795714.51,-1.14,-16.34,95.97,0.98,Fwd,0.00
1748795714.51,-1.14,-16.34,96.27,0.98,Fwd,0.00
1748795714.51,-1.14,-16.34,96.27,0.98,Fwd,0.00
1748795714.51,-1.14,-16.34,96.27,0.98,Fwd,0.00
1748795714.51,-1.14,-16.34,96.27,0.98,Fwd,0.00
1748795714.51,-1.14,-16.34,96.27,0.98,Fwd,0.00
1748795714.61,-1.14,-16.34,96.27,0.98,Fwd,0.00
1748795714.65,-1.14,-16.34,96.27,0.98,Fwd,0.00
1748795714.65,-1.14,-14.81,96.27,0.98,Fwd,0.00
1748795714.65,-1.14,-14.81,96.47,0.98,Fwd,0.00
1748795714.65,-1.14,-14.81,96.47,0.98,Fwd,0.00
1748795714.65,-1.14,-14.81,96.47,0.98,Fwd,0.00
1748795714.65,-1.14,-14.81,96.47,0.98,Fwd,0.00
1748795714.65,-1.14,-14.81,96.47,0.98,Fwd,0.00
1748795714.72,-1.14,-14.81,96.47,0.98,Fwd,0.00
1748795714.72,-1.03,-14.81,96.47,0.98,Fwd,0.00
1748795714.72,-1.03,-12.54,96.47,0.98,Fwd,0.00
1748795714.72,-1.03,-12.54,96.56,0.98,Fwd,0.00
1748795714.72,-1.03,-12.54,96.56,0.95,Fwd,0.00
1748795714.72,-1.03,-12.54,96.56,0.95,Fwd,0.00
1748795714.72,-1.03,-12.54,96.56,0.95,Fwd,0.00
1748795714.72,-1.03,-12.54,96.56,0.95,Fwd,0.00
1748795714.82,-1.03,-12.54,96.56,0.95,Fwd,0.00
1748795714.86,-1.06,-12.54,96.56,0.95,Fwd,0.00
1748795714.89,-1.06,-10.18,96.56,0.95,Fwd,0.00
1748795714.93,-1.06,-10.18,96.72,0.95,Fwd,0.00
1748795714.93,-1.06,-10.18,96.72,0.98,Fwd,0.00
1748795714.93,-1.06,-10.18,96.72,0.98,Fwd,0.00
1748795714.93,-1.06,-10.18,96.72,0.98,Fwd,0.00
1748795714.93,-1.06,-10.18,96.72,0.98,Fwd,0.00
1748795714.93,-1.06,-10.18,96.72,0.98,Fwd,0.00
1748795714.93,-0.98,-10.18,96.72,0.98,Fwd,0.00
1748795714.93,-0.98,-8.13,96.72,0.98,Fwd,0.00
1748795714.93,-0.98,-8.13,96.97,0.98,Fwd,0.00
1748795714.93,-0.98,-8.13,96.97,0.96,Fwd,0.00
1748795714.93,-0.98,-8.13,96.97,0.96,Fwd,0.00
1748795714.93,-0.98,-8.13,96.97,0.96,Fwd,0.00
1748795714.93,-0.98,-8.13,96.97,0.96,Fwd,0.00
1748795715.00,-0.98,-8.13,96.97,0.96,Fwd,0.00
1748795715.00,-0.96,-8.13,96.97,0.96,Fwd,0.00
1748795715.00,-0.96,-6.38,96.97,0.96,Fwd,0.00
1748795715.00,-0.96,-6.38,97.29,0.96,Fwd,0.00
1748795715.00,-0.96,-6.38,97.29,0.96,Fwd,0.00
1748795715.00,-0.96,-6.38,97.29,0.96,Fwd,0.00
1748795715.00,-0.96,-6.38,97.29,0.96,Fwd,0.00
1748795715.00,-0.96,-6.38,97.29,0.96,Fwd,0.00
1748795715.10,-0.96,-6.38,97.29,0.96,Fwd,0.00
1748795715.11,-0.93,-6.38,97.29,0.96,Fwd,0.00
1748795715.11,-0.93,-4.93,97.29,0.96,Fwd,0.00
1748795715.11,-0.93,-4.93,97.67,0.96,Fwd,0.00
1748795715.11,-0.93,-4.93,97.67,0.97,Fwd,0.00
1748795715.11,-0.93,-4.93,97.67,0.97,Fwd,0.00
1748795715.11,-0.93,-4.93,97.67,0.97,Fwd,0.00
1748795715.11,-0.93,-4.93,97.67,0.97,Fwd,0.00
1748795715.21,-0.93,-4.93,97.67,0.97,Fwd,0.00
1748795715.21,-0.88,-4.93,97.67,0.97,Fwd,0.00
1748795715.21,-0.88,-3.70,97.67,0.97,Fwd,0.00
1748795715.21,-0.88,-3.70,98.11,0.97,Fwd,0.00
1748795715.21,-0.88,-3.70,98.11,0.96,Fwd,0.00
1748795715.21,-0.88,-3.70,98.11,0.96,Fwd,0.00
1748795715.21,-0.88,-3.70,98.11,0.96,Fwd,0.00
1748795715.22,-0.88,-3.70,98.11,0.96,Fwd,0.00
1748795715.32,-0.88,-3.70,98.11,0.96,Fwd,0.00
1748795715.32,-0.84,-3.70,98.11,0.96,Fwd,0.00
1748795715.32,-0.84,-2.21,98.11,0.96,Fwd,0.00
1748795715.32,-0.84,-2.21,98.57,0.96,Fwd,0.00
1748795715.32,-0.84,-2.21,98.57,0.97,Fwd,0.00
1748795715.32,-0.84,-2.21,98.57,0.97,Fwd,0.00
1748795715.32,-0.84,-2.21,98.57,0.97,Fwd,0.00
1748795715.32,-0.84,-2.21,98.57,0.97,Fwd,0.00
1748795715.42,-0.84,-2.21,98.57,0.97,Fwd,0.00
1748795715.42,-0.81,-2.21,98.57,0.97,Fwd,0.00
1748795715.42,-0.81,-0.84,98.57,0.97,Fwd,0.00
1748795715.42,-0.81,-0.84,99.02,0.97,Fwd,0.00
1748795715.42,-0.81,-0.84,99.02,0.97,Fwd,0.00
1748795715.42,-0.81,-0.84,99.02,0.97,Fwd,0.00
1748795715.42,-0.81,-0.84,99.02,0.97,Fwd,0.00
1748795715.42,-0.81,-0.84,99.02,0.97,Fwd,0.00
1748795715.53,-0.81,-0.84,99.02,0.97,Fwd,0.00
1748795715.53,-0.74,-0.84,99.02,0.97,Fwd,0.00
1748795715.53,-0.74,0.11,99.02,0.97,Fwd,0.00
1748795715.53,-0.74,0.11,99.49,0.97,Fwd,0.00
1748795715.53,-0.74,0.11,99.49,0.98,Fwd,0.00
1748795715.53,-0.74,0.11,99.49,0.98,Fwd,0.00
1748795715.54,-0.74,0.11,99.49,0.98,Fwd,0.00
1748795715.54,-0.74,0.11,99.49,0.98,Fwd,0.00
1748795715.60,-0.74,0.11,99.49,0.98,Fwd,0.00
1748795715.63,-0.67,0.11,99.49,0.98,Fwd,0.00
1748795715.63,-0.67,0.10,99.49,0.98,Fwd,0.00
1748795715.63,-0.67,0.10,100.00,0.98,Fwd,0.00
1748795715.63,-0.67,0.10,100.00,0.97,Fwd,0.00
1748795715.63,-0.67,0.10,100.00,0.97,Fwd,0.00
1748795715.63,-0.67,0.10,100.00,0.97,Fwd,0.00
1748795715.64,-0.67,0.10,100.00,0.97,Fwd,0.00
1748795715.70,-0.67,0.10,100.00,0.97,Fwd,0.00
1748795715.70,-0.61,0.10,100.00,0.97,Fwd,0.00
1748795715.70,-0.61,-0.50,100.00,0.97,Fwd,0.00
1748795715.70,-0.61,-0.50,100.48,0.97,Fwd,0.00
1748795715.70,-0.61,-0.50,100.48,0.97,Fwd,0.00
1748795715.71,-0.61,-0.50,100.48,0.97,Fwd,0.00
1748795715.71,-0.61,-0.50,100.48,0.97,Fwd,0.00
1748795715.71,-0.61,-0.50,100.48,0.97,Fwd,0.00
1748795715.80,-0.61,-0.50,100.48,0.97,Fwd,0.00
1748795715.80,-0.55,-0.50,100.48,0.97,Fwd,0.00
1748795715.80,-0.55,-1.28,100.48,0.97,Fwd,0.00
1748795715.80,-0.55,-1.28,100.93,0.97,Fwd,0.00
1748795715.80,-0.55,-1.28,100.93,0.97,Fwd,0.00
1748795715.80,-0.55,-1.28,100.93,0.97,Fwd,0.00
1748795715.81,-0.55,-1.28,100.93,0.97,Fwd,0.00
1748795715.81,-0.55,-1.28,100.93,0.97,Fwd,0.00
1748795715.91,-0.55,-1.28,100.93,0.97,Fwd,0.00
1748795715.91,-0.52,-1.28,100.93,0.97,Fwd,0.00
1748795715.91,-0.52,-2.29,100.93,0.97,Fwd,0.00
1748795715.91,-0.52,-2.29,101.39,0.97,Fwd,0.00
1748795715.91,-0.52,-2.29,101.39,0.97,Fwd,0.00
1748795715.91,-0.52,-2.29,101.39,0.97,Fwd,0.00
1748795715.94,-0.52,-2.29,101.39,0.97,Fwd,0.00
1748795715.94,-0.52,-2.29,101.39,0.97,Fwd,0.00
1748795716.01,-0.52,-2.29,101.39,0.97,Fwd,0.00
1748795716.02,-0.48,-2.29,101.39,0.97,Fwd,0.00
1748795716.02,-0.48,-3.64,101.39,0.97,Fwd,0.00
1748795716.02,-0.48,-3.64,101.86,0.97,Fwd,0.00
1748795716.02,-0.48,-3.64,101.86,0.97,Fwd,0.00
1748795716.02,-0.48,-3.64,101.86,0.97,Fwd,0.00
1748795716.02,-0.48,-3.64,101.86,0.97,Fwd,0.00
1748795716.02,-0.48,-3.64,101.86,0.97,Fwd,0.00
1748795716.12,-0.48,-3.64,101.86,0.97,Fwd,0.00
1748795716.12,-0.44,-3.64,101.86,0.97,Fwd,0.00
1748795716.12,-0.44,-5.59,101.86,0.97,Fwd,0.00
1748795716.12,-0.44,-5.59,102.31,0.97,Fwd,0.00
1748795716.12,-0.44,-5.59,102.31,0.96,Fwd,0.00
1748795716.12,-0.44,-5.59,102.31,0.96,Fwd,0.00
1748795716.12,-0.44,-5.59,102.31,0.96,Fwd,0.00
1748795716.12,-0.44,-5.59,102.31,0.96,Fwd,0.00
1748795716.22,-0.44,-5.59,102.31,0.96,Fwd,0.00
1748795716.22,-0.34,-5.59,102.31,0.96,Fwd,0.00
1748795716.22,-0.34,-8.81,102.31,0.96,Fwd,0.00
1748795716.22,-0.34,-8.81,102.71,0.96,Fwd,0.00
1748795716.22,-0.34,-8.81,102.71,1.03,Fwd,0.00
1748795716.23,-0.34,-8.81,102.71,1.03,Fwd,0.00
1748795716.23,-0.34,-8.81,102.71,1.03,Fwd,0.00
1748795716.23,-0.34,-8.81,102.71,1.03,Fwd,0.00
1748795716.30,-0.34,-8.81,102.71,1.03,Fwd,0.00
1748795716.30,-0.49,-8.81,102.71,1.03,Fwd,0.00
1748795716.30,-0.49,-8.73,102.71,1.03,Fwd,0.00
1748795716.30,-0.49,-8.73,102.88,1.03,Fwd,0.00
1748795716.30,-0.49,-8.73,102.88,1.00,Fwd,0.00
1748795716.31,-0.49,-8.73,102.88,1.00,Fwd,0.00
1748795716.31,-0.49,-8.73,102.88,1.00,Fwd,0.00
1748795716.31,-0.49,-8.73,102.88,1.00,Fwd,0.00
1748795716.40,-0.49,-8.73,102.88,1.00,Fwd,0.00
1748795716.40,-0.38,-8.73,102.88,1.00,Fwd,0.00
1748795716.41,-0.38,-5.64,102.88,1.00,Fwd,0.00
1748795716.41,-0.38,-5.64,103.02,1.00,Fwd,0.00
1748795716.41,-0.38,-5.64,103.02,0.99,Fwd,0.00
1748795716.41,-0.38,-5.64,103.02,0.99,Fwd,0.00
1748795716.41,-0.38,-5.64,103.02,0.99,Fwd,0.00
1748795716.41,-0.38,-5.64,103.02,0.99,Fwd,0.00
1748795716.51,-0.38,-5.64,103.02,0.99,Fwd,0.00
1748795716.54,-0.35,-5.64,103.02,0.99,Fwd,0.00
1748795716.55,-0.35,-3.11,103.02,0.99,Fwd,0.00
1748795716.55,-0.35,-3.11,103.31,0.99,Fwd,0.00
1748795716.55,-0.35,-3.11,103.31,0.98,Fwd,0.00
1748795716.55,-0.35,-3.11,103.31,0.98,Fwd,0.00
1748795716.55,-0.35,-3.11,103.31,0.98,Fwd,0.00
1748795716.56,-0.35,-3.11,103.31,0.98,Fwd,0.00
1748795716.61,-0.35,-3.11,103.31,0.98,Fwd,0.00
1748795716.61,-0.01,-3.11,103.31,0.98,Fwd,0.00
1748795716.61,-0.01,-1.92,103.31,0.98,Fwd,0.00
1748795716.62,-0.01,-1.92,103.77,0.98,Fwd,0.00
1748795716.62,-0.01,-1.92,103.77,1.01,Fwd,0.00
1748795716.62,-0.01,-1.92,103.77,1.01,Fwd,0.00
1748795716.62,-0.01,-1.92,103.77,1.01,Fwd,0.00
1748795716.62,-0.01,-1.92,103.77,1.01,Fwd,0.00
1748795716.72,-0.01,-1.92,103.77,1.01,Fwd,0.00
1748795716.72,0.10,-1.92,103.77,1.01,Fwd,0.00
1748795716.73,0.10,-2.24,103.77,1.01,Fwd,0.00
1748795716.73,0.10,-2.24,104.37,1.01,Fwd,0.00
1748795716.73,0.10,-2.24,104.37,0.95,Fwd,0.00
1748795716.73,0.10,-2.24,104.37,0.95,Fwd,0.00
1748795716.73,0.10,-2.24,104.37,0.95,Fwd,0.00
1748795716.73,0.10,-2.24,104.37,0.95,Fwd,0.00
1748795716.82,0.10,-2.24,104.37,0.95,Fwd,0.00
1748795716.82,0.05,-2.24,104.37,0.95,Fwd,0.00
1748795716.83,0.05,-3.00,104.37,0.95,Fwd,0.00
1748795716.83,0.05,-3.00,104.93,0.95,Fwd,0.00
1748795716.83,0.05,-3.00,104.93,0.96,Fwd,0.00
1748795716.83,0.05,-3.00,104.93,0.96,Fwd,0.00
1748795716.83,0.05,-3.00,104.93,0.96,Fwd,0.00
1748795716.83,0.05,-3.00,104.93,0.96,Fwd,0.00
1748795716.93,0.05,-3.00,104.93,0.96,Fwd,0.00
1748795716.96,-0.07,-3.00,104.93,0.96,Fwd,0.00
1748795716.96,-0.07,-4.44,104.93,0.96,Fwd,0.00
1748795716.96,-0.07,-4.44,105.41,0.96,Fwd,0.00
1748795716.96,-0.07,-4.44,105.41,0.93,Fwd,0.00
1748795716.97,-0.07,-4.44,105.41,0.93,Fwd,0.00
1748795716.97,-0.07,-4.44,105.41,0.93,Fwd,0.00
1748795716.97,-0.07,-4.44,105.41,0.93,Fwd,0.00
1748795716.99,-0.07,-4.44,105.41,0.93,Fwd,0.00
1748795716.99,-0.28,-4.44,105.41,0.93,Fwd,0.00
1748795716.99,-0.28,-5.22,105.41,0.93,Fwd,0.00
1748795717.00,-0.28,-5.22,105.92,0.93,Fwd,0.00
1748795717.00,-0.28,-5.22,105.92,1.23,Fwd,0.00
1748795717.00,-0.28,-5.22,105.92,1.23,Fwd,0.00
1748795717.00,-0.28,-5.22,105.92,1.23,Fwd,0.00
1748795717.00,-0.28,-5.22,105.92,1.23,Fwd,0.00
1748795717.10,-0.28,-5.22,105.92,1.23,Fwd,0.00
1748795717.13,0.90,-5.22,105.92,1.23,Fwd,0.00
1748795717.17,0.90,-3.76,105.92,1.23,Fwd,0.00
1748795717.17,0.90,-3.76,106.27,1.23,Fwd,0.00
1748795717.17,0.90,-3.76,106.27,1.19,Fwd,0.00
1748795717.18,0.90,-3.76,106.27,1.19,Fwd,0.00
1748795717.18,0.90,-3.76,106.27,1.19,Fwd,0.00
1748795717.18,0.90,-3.76,106.27,1.19,Fwd,0.00
1748795717.21,0.90,-3.76,106.27,1.19,Fwd,0.00
1748795717.21,3.13,-3.76,106.27,1.19,Fwd,0.00
1748795717.21,3.13,-1.26,106.27,1.19,Fwd,0.00
1748795717.21,3.13,-1.26,106.76,1.19,Fwd,0.00
1748795717.21,3.13,-1.26,106.76,1.13,Fwd,0.00
1748795717.22,3.13,-1.26,106.76,1.13,Fwd,0.00
1748795717.22,3.13,-1.26,106.76,1.13,Fwd,0.00
1748795717.22,3.13,-1.26,106.76,1.13,Fwd,0.00
1748795717.31,3.13,-1.26,106.76,1.13,Fwd,0.00
1748795717.31,5.92,-1.26,106.76,1.13,Fwd,0.00
1748795717.31,5.92,-0.17,106.76,1.13,Fwd,0.00
1748795717.31,5.92,-0.17,107.56,1.13,Fwd,0.00
1748795717.32,5.92,-0.17,107.56,1.13,Fwd,0.00
1748795717.32,5.92,-0.17,107.56,1.13,Fwd,0.00
1748795717.32,5.92,-0.17,107.56,1.13,Fwd,0.00
1748795717.32,5.92,-0.17,107.56,1.13,Fwd,0.00
1748795717.42,5.92,-0.17,107.56,1.13,Fwd,0.00
1748795717.42,8.73,-0.17,107.56,1.13,Fwd,0.00
1748795717.42,8.73,-0.40,107.56,1.13,Fwd,0.00
1748795717.42,8.73,-0.40,108.37,1.13,Fwd,0.00
1748795717.42,8.73,-0.40,108.37,1.02,Fwd,0.00
1748795717.42,8.73,-0.40,108.37,1.02,Fwd,0.00
1748795717.43,8.73,-0.40,108.37,1.02,Fwd,0.00
1748795717.43,8.73,-0.40,108.37,1.02,Fwd,0.00
1748795717.52,8.73,-0.40,108.37,1.02,Fwd,0.00
1748795717.53,11.27,-0.40,108.37,1.02,Fwd,0.00
1748795717.53,11.27,-1.26,108.37,1.02,Fwd,0.00
1748795717.53,11.27,-1.26,109.03,1.02,Fwd,0.00
1748795717.53,11.27,-1.26,109.03,0.92,Fwd,0.00
1748795717.54,11.27,-1.26,109.03,0.92,Fwd,0.00
1748795717.54,11.27,-1.26,109.03,0.92,Fwd,0.00
1748795717.54,11.27,-1.26,109.03,0.92,Fwd,0.00
1748795717.62,11.27,-1.26,109.03,0.92,Fwd,0.00
1748795717.62,13.05,-1.26,109.03,0.92,Fwd,0.00
1748795717.63,13.05,-2.00,109.03,0.92,Fwd,0.00
1748795717.63,13.05,-2.00,109.65,0.92,Fwd,0.00
1748795717.63,13.05,-2.00,109.65,0.87,Fwd,0.00
1748795717.63,13.05,-2.00,109.65,0.87,Fwd,0.00
1748795717.63,13.05,-2.00,109.65,0.87,Fwd,0.00
1748795717.63,13.05,-2.00,109.65,0.87,Fwd,0.00
1748795717.70,13.05,-2.00,109.65,0.87,Fwd,0.00
1748795717.73,13.84,-2.00,109.65,0.87,Fwd,0.00
1748795717.73,13.84,-2.04,109.65,0.87,Fwd,0.00
1748795717.73,13.84,-2.04,110.28,0.87,Fwd,0.00
1748795717.73,13.84,-2.04,110.28,0.76,Fwd,0.00
1748795717.73,13.84,-2.04,110.28,0.76,Fwd,0.00
1748795717.73,13.84,-2.04,110.28,0.76,Fwd,0.00
1748795717.73,13.84,-2.04,110.28,0.76,Fwd,0.00
1748795717.80,13.84,-2.04,110.28,0.76,Fwd,0.00
1748795717.80,13.74,-2.04,110.28,0.76,Fwd,0.00
1748795717.80,13.74,-1.59,110.28,0.76,Fwd,0.00
1748795717.80,13.74,-1.59,110.85,0.76,Fwd,0.00
1748795717.80,13.74,-1.59,110.85,0.81,Fwd,0.00
1748795717.80,13.74,-1.59,110.85,0.81,Fwd,0.00
1748795717.80,13.74,-1.59,110.85,0.81,Fwd,0.00
1748795717.80,13.74,-1.59,110.85,0.81,Fwd,0.00
1748795717.90,13.74,-1.59,110.85,0.81,Fwd,0.00
1748795717.90,13.07,-1.59,110.85,0.81,Fwd,0.00
1748795717.90,13.07,-0.64,110.85,0.81,Fwd,0.00
1748795717.91,13.07,-0.64,111.18,0.81,Fwd,0.00
1748795717.91,13.07,-0.64,111.18,0.94,Fwd,0.00
1748795717.91,13.07,-0.64,111.18,0.94,Fwd,0.00
1748795717.91,13.07,-0.64,111.18,0.94,Fwd,0.00
1748795717.91,13.07,-0.64,111.18,0.94,Fwd,0.00
1748795718.01,13.07,-0.64,111.18,0.94,Fwd,0.00
1748795718.04,12.21,-0.64,111.18,0.94,Fwd,0.00
1748795718.04,12.21,0.38,111.18,0.94,Fwd,0.00
1748795718.04,12.21,0.38,111.09,0.94,Fwd,0.00
1748795718.04,12.21,0.38,111.09,0.98,Fwd,0.00
1748795718.04,12.21,0.38,111.09,0.98,Fwd,0.00
1748795718.04,12.21,0.38,111.09,0.98,Fwd,0.00
1748795718.08,12.21,0.38,111.09,0.98,Fwd,0.00
1748795718.15,12.21,0.38,111.09,0.98,Fwd,0.00
1748795718.18,11.38,0.38,111.09,0.98,Fwd,0.00
1748795718.22,11.38,0.76,111.09,0.98,Fwd,0.00
1748795718.26,11.38,0.76,110.49,0.98,Fwd,0.00
1748795718.29,11.38,0.76,110.49,1.04,Fwd,0.00
1748795718.29,11.38,0.76,110.49,1.04,Fwd,0.00
1748795718.30,11.38,0.76,110.49,1.04,Fwd,0.00
1748795718.30,11.38,0.76,110.49,1.04,Fwd,0.00
1748795718.30,11.38,0.76,110.49,1.04,Fwd,0.00
1748795718.30,10.83,0.76,110.49,1.04,Fwd,0.00
1748795718.32,10.83,-0.11,110.49,1.04,Fwd,0.00
1748795718.32,10.83,-0.11,109.30,1.04,Fwd,0.00
1748795718.33,10.83,-0.11,109.30,1.01,Fwd,0.00
1748795718.33,10.83,-0.11,109.30,1.01,Fwd,0.00
1748795718.33,10.83,-0.11,109.30,1.01,Fwd,0.00
1748795718.33,10.83,-0.11,109.30,1.01,Fwd,0.00
1748795718.36,10.83,-0.11,109.30,1.01,Fwd,0.00
1748795718.39,10.52,-0.11,109.30,1.01,Fwd,0.00
1748795718.43,10.52,-1.91,109.30,1.01,Fwd,0.00
1748795718.46,10.52,-1.91,107.45,1.01,Fwd,0.00
1748795718.50,10.52,-1.91,107.45,1.01,Fwd,0.00
1748795718.54,10.52,-1.91,107.45,1.01,Fwd,0.00
1748795718.55,10.52,-1.91,107.45,1.01,Fwd,0.00
1748795718.55,10.52,-1.91,107.45,1.01,Fwd,0.00
1748795718.55,10.52,-1.91,107.45,1.01,Fwd,0.00
1748795718.56,10.72,-1.91,107.45,1.01,Fwd,0.00
1748795718.56,10.72,-3.79,107.45,1.01,Fwd,0.00
1748795718.57,10.72,-3.79,104.93,1.01,Fwd,0.00
1748795718.60,10.72,-3.79,104.93,0.94,Fwd,0.00
1748795718.64,10.72,-3.79,104.93,0.94,Fwd,0.00
1748795718.67,10.72,-3.79,104.93,0.94,Fwd,0.00
1748795718.71,10.72,-3.79,104.93,0.94,Fwd,0.00
1748795718.74,10.72,-3.79,104.93,0.94,Fwd,0.00
1748795718.78,11.52,-3.79,104.93,0.94,Fwd,0.00
1748795718.81,11.52,-6.07,104.93,0.94,Fwd,0.00
1748795718.81,11.52,-6.07,101.64,0.94,Fwd,0.00
1748795718.81,11.52,-6.07,101.64,0.92,Fwd,0.00
1748795718.81,11.52,-6.07,101.64,0.92,Fwd,0.00
1748795718.81,11.52,-6.07,101.64,0.92,Fwd,0.00
1748795718.81,11.52,-6.07,101.64,0.92,Fwd,0.00
1748795718.85,11.52,-6.07,101.64,0.92,Fwd,0.00
1748795718.88,12.70,-6.07,101.64,0.92,Fwd,0.00
1748795718.92,12.70,-8.49,101.64,0.92,Fwd,0.00
1748795718.95,12.70,-8.49,97.79,0.92,Fwd,0.00
1748795718.99,12.70,-8.49,97.79,0.89,Fwd,0.00
1748795718.99,12.70,-8.49,97.79,0.89,Fwd,0.00
1748795718.99,12.70,-8.49,97.79,0.89,Fwd,0.00
1748795718.99,12.70,-8.49,97.79,0.89,Fwd,0.00
1748795718.99,12.70,-8.49,97.79,0.89,Fwd,0.00
1748795718.99,13.99,-8.49,97.79,0.89,Fwd,0.00
1748795718.99,13.99,-10.12,97.79,0.89,Fwd,0.00
1748795718.99,13.99,-10.12,93.48,0.89,Fwd,0.00
1748795718.99,13.99,-10.12,93.48,0.89,Fwd,0.00
1748795718.99,13.99,-10.12,93.48,0.89,Fwd,0.00
1748795718.99,13.99,-10.12,93.48,0.89,Fwd,0.00
1748795718.99,13.99,-10.12,93.48,0.89,Fwd,0.00
1748795718.99,13.99,-10.12,93.48,0.89,Fwd,0.00
1748795718.99,15.03,-10.12,93.48,0.89,Fwd,0.00
1748795718.99,15.03,-9.23,93.48,0.89,Fwd,0.00
1748795718.99,15.03,-9.23,88.84,0.89,Fwd,0.00
1748795718.99,15.03,-9.23,88.84,0.90,Fwd,0.00
1748795718.99,15.03,-9.23,88.84,0.90,Fwd,0.00
1748795719.00,15.03,-9.23,88.84,0.90,Fwd,0.00
1748795719.00,15.03,-9.23,88.84,0.90,Fwd,0.00
1748795719.00,15.03,-9.23,88.84,0.90,Fwd,0.00
1748795719.00,15.41,-9.23,88.84,0.90,Fwd,0.00
1748795719.00,15.41,-6.89,88.84,0.90,Fwd,0.00
1748795719.00,15.41,-6.89,84.03,0.90,Fwd,0.00
1748795719.00,15.41,-6.89,84.03,0.99,Fwd,0.00
1748795719.00,15.41,-6.89,84.03,0.99,Fwd,0.00
1748795719.00,15.41,-6.89,84.03,0.99,Fwd,0.00
1748795719.00,15.41,-6.89,84.03,0.99,Fwd,0.00
1748795719.00,15.41,-6.89,84.03,0.99,Fwd,0.00
1748795719.00,14.97,-6.89,84.03,0.99,Fwd,0.00
1748795719.00,14.97,-4.18,84.03,0.99,Fwd,0.00
1748795719.00,14.97,-4.18,78.94,0.99,Fwd,0.00
1748795719.00,14.97,-4.18,78.94,1.01,Fwd,0.00
1748795719.00,14.97,-4.18,78.94,1.01,Fwd,0.00
1748795719.00,14.97,-4.18,78.94,1.01,Fwd,0.00
1748795719.00,14.97,-4.18,78.94,1.01,Fwd,0.00
1748795719.09,14.97,-4.18,78.94,1.01,Fwd,0.00
1748795719.09,13.87,-4.18,78.94,1.01,Fwd,0.00
1748795719.10,13.87,-1.81,78.94,1.01,Fwd,0.00
1748795719.10,13.87,-1.81,73.29,1.01,Fwd,0.00
1748795719.10,13.87,-1.81,73.29,1.02,Fwd,0.00
1748795719.10,13.87,-1.81,73.29,1.02,Fwd,0.00
1748795719.13,13.87,-1.81,73.29,1.02,Fwd,0.00
1748795719.13,13.87,-1.81,73.29,1.02,Fwd,0.00
1748795719.20,13.87,-1.81,73.29,1.02,Fwd,0.00
1748795719.20,12.38,-1.81,73.29,1.02,Fwd,0.00
1748795719.20,12.38,0.20,73.29,1.02,Fwd,0.00
1748795719.20,12.38,0.20,66.97,1.02,Fwd,0.00
1748795719.20,12.38,0.20,66.97,0.97,Fwd,0.00
1748795719.20,12.38,0.20,66.97,0.97,Fwd,0.00
1748795719.20,12.38,0.20,66.97,0.97,Fwd,0.00
1748795719.20,12.38,0.20,66.97,0.97,Fwd,0.00
1748795719.30,12.38,0.20,66.97,0.97,Fwd,0.00
1748795719.30,10.55,0.20,66.97,0.97,Fwd,0.00
1748795719.30,10.55,2.15,66.97,0.97,Fwd,0.00
1748795719.30,10.55,2.15,60.13,0.97,Fwd,0.00
1748795719.30,10.55,2.15,60.13,0.97,Fwd,0.00
1748795719.30,10.55,2.15,60.13,0.97,Fwd,0.00
1748795719.31,10.55,2.15,60.13,0.97,Fwd,0.00
1748795719.31,10.55,2.15,60.13,0.97,Fwd,0.00
1748795719.41,10.55,2.15,60.13,0.97,Fwd,0.00
1748795719.41,8.45,2.15,60.13,0.97,Fwd,0.00
1748795719.41,8.45,3.89,60.13,0.97,Fwd,0.00
1748795719.41,8.45,3.89,53.11,0.97,Fwd,0.00
1748795719.41,8.45,3.89,53.11,0.96,Fwd,0.00
1748795719.41,8.45,3.89,53.11,0.96,Fwd,0.00
1748795719.41,8.45,3.89,53.11,0.96,Fwd,0.00
1748795719.42,8.45,3.89,53.11,0.96,Fwd,0.00
1748795719.51,8.45,3.89,53.11,0.96,Fwd,0.00
1748795719.51,6.65,3.89,53.11,0.96,Fwd,0.00
1748795719.51,6.65,4.72,53.11,0.96,Fwd,0.00
1748795719.51,6.65,4.72,46.57,0.96,Fwd,0.00
1748795719.51,6.65,4.72,46.57,0.95,Fwd,0.00
1748795719.51,6.65,4.72,46.57,0.95,Fwd,0.00
1748795719.51,6.65,4.72,46.57,0.95,Fwd,0.00
1748795719.51,6.65,4.72,46.57,0.95,Fwd,0.00
1748795719.62,6.65,4.72,46.57,0.95,Fwd,0.00
1748795719.65,5.65,4.72,46.57,0.95,Fwd,0.00
1748795719.65,5.65,4.22,46.57,0.95,Fwd,0.00
1748795719.66,5.65,4.22,40.56,0.95,Fwd,0.00
1748795719.69,5.65,4.22,40.56,0.94,Fwd,0.00
1748795719.69,5.65,4.22,40.56,0.94,Fwd,0.00
1748795719.69,5.65,4.22,40.56,0.94,Fwd,0.00
1748795719.69,5.65,4.22,40.56,0.94,Fwd,0.00
1748795719.70,5.65,4.22,40.56,0.94,Fwd,0.00
1748795719.70,5.40,4.22,40.56,0.94,Fwd,0.00
1748795719.72,5.40,3.00,40.56,0.94,Fwd,0.00
1748795719.72,5.40,3.00,34.86,0.94,Fwd,0.00
1748795719.72,5.40,3.00,34.86,0.99,Fwd,0.00
1748795719.72,5.40,3.00,34.86,0.99,Fwd,0.00
1748795719.72,5.40,3.00,34.86,0.99,Fwd,0.00
1748795719.72,5.40,3.00,34.86,0.99,Fwd,0.00
1748795719.79,5.40,3.00,34.86,0.99,Fwd,0.00
1748795719.79,5.75,3.00,34.86,0.99,Fwd,0.00
1748795719.79,5.75,1.23,34.86,0.99,Fwd,0.00
1748795719.80,5.75,1.23,29.37,0.99,Fwd,0.00
1748795719.80,5.75,1.23,29.37,1.03,Fwd,0.00
1748795719.80,5.75,1.23,29.37,1.03,Fwd,0.00
1748795719.80,5.75,1.23,29.37,1.03,Fwd,0.00
1748795719.80,5.75,1.23,29.37,1.03,Fwd,0.00
1748795719.90,5.75,1.23,29.37,1.03,Fwd,0.00
1748795719.90,6.46,1.23,29.37,1.03,Fwd,0.00
1748795719.90,6.46,-0.36,29.37,1.03,Fwd,0.00
1748795719.90,6.46,-0.36,24.01,1.03,Fwd,0.00
1748795719.90,6.46,-0.36,24.01,1.03,Fwd,0.00
1748795719.90,6.46,-0.36,24.01,1.03,Fwd,0.00
1748795719.90,6.46,-0.36,24.01,1.03,Fwd,0.00
1748795719.90,6.46,-0.36,24.01,1.03,Fwd,0.00
1748795720.00,6.46,-0.36,24.01,1.03,Fwd,0.00
1748795720.00,7.32,-0.36,24.01,1.03,Fwd,0.00
1748795720.00,7.32,-1.43,24.01,1.03,Fwd,0.00
1748795720.01,7.32,-1.43,18.54,1.03,Fwd,0.00
1748795720.01,7.32,-1.43,18.54,1.05,Fwd,0.00
1748795720.01,7.32,-1.43,18.54,1.05,Fwd,0.00
1748795720.01,7.32,-1.43,18.54,1.05,Fwd,0.00
1748795720.01,7.32,-1.43,18.54,1.05,Fwd,0.00
1748795720.11,7.32,-1.43,18.54,1.05,Fwd,0.00
1748795720.11,8.24,-1.43,18.54,1.05,Fwd,0.00
1748795720.11,8.24,-1.69,18.54,1.05,Fwd,0.00
1748795720.11,8.24,-1.69,13.00,1.05,Fwd,0.00
1748795720.11,8.24,-1.69,13.00,1.04,Fwd,0.00
1748795720.11,8.24,-1.69,13.00,1.04,Fwd,0.00
1748795720.11,8.24,-1.69,13.00,1.04,Fwd,0.00
1748795720.11,8.24,-1.69,13.00,1.04,Fwd,0.00
1748795720.21,8.24,-1.69,13.00,1.04,Fwd,0.00
1748795720.21,9.18,-1.69,13.00,1.04,Fwd,0.00
1748795720.21,9.18,-1.24,13.00,1.04,Fwd,0.00
1748795720.21,9.18,-1.24,7.43,1.04,Fwd,0.00
1748795720.22,9.18,-1.24,7.43,1.01,Fwd,0.00
1748795720.22,9.18,-1.24,7.43,1.01,Fwd,0.00
1748795720.22,9.18,-1.24,7.43,1.01,Fwd,0.00
1748795720.22,9.18,-1.24,7.43,1.01,Fwd,0.00
1748795720.32,9.18,-1.24,7.43,1.01,Fwd,0.00
1748795720.32,10.16,-1.24,7.43,1.01,Fwd,0.00
1748795720.32,10.16,-0.41,7.43,1.01,Fwd,0.00
1748795720.32,10.16,-0.41,1.90,1.01,Fwd,0.00
1748795720.32,10.16,-0.41,1.90,0.98,Fwd,0.00
1748795720.32,10.16,-0.41,1.90,0.98,Fwd,0.00
1748795720.32,10.16,-0.41,1.90,0.98,Fwd,0.00
1748795720.32,10.16,-0.41,1.90,0.98,Fwd,0.00
1748795720.42,10.16,-0.41,1.90,0.98,Fwd,0.00
1748795720.42,11.17,-0.41,1.90,0.98,Fwd,0.00
1748795720.42,11.17,0.07,1.90,0.98,Fwd,0.00
1748795720.42,11.17,0.07,356.52,0.98,Fwd,0.00
1748795720.42,11.17,0.07,356.52,1.02,Fwd,0.00
1748795720.42,11.17,0.07,356.52,1.02,Fwd,0.00
1748795720.42,11.17,0.07,356.52,1.02,Fwd,0.00
1748795720.43,11.17,0.07,356.52,1.02,Fwd,0.00
1748795720.49,11.17,0.07,356.52,1.02,Fwd,0.00
1748795720.49,12.52,0.07,356.52,1.02,Fwd,0.00
1748795720.49,12.52,0.11,356.52,1.02,Fwd,0.00
1748795720.50,12.52,0.11,351.16,1.02,Fwd,0.00
1748795720.50,12.52,0.11,351.16,1.06,Fwd,0.00
1748795720.50,12.52,0.11,351.16,1.06,Fwd,0.00
1748795720.50,12.52,0.11,351.16,1.06,Fwd,0.00
1748795720.50,12.52,0.11,351.16,1.06,Fwd,0.00
1748795720.60,12.52,0.11,351.16,1.06,Fwd,0.00
1748795720.60,14.45,0.11,351.16,1.06,Fwd,0.00
1748795720.60,14.45,0.52,351.16,1.06,Fwd,0.00
1748795720.60,14.45,0.52,345.64,1.06,Fwd,0.00
1748795720.60,14.45,0.52,345.64,1.02,Fwd,0.00
1748795720.60,14.45,0.52,345.64,1.02,Fwd,0.00
1748795720.60,14.45,0.52,345.64,1.02,Fwd,0.00
1748795720.60,14.45,0.52,345.64,1.02,Fwd,0.00
1748795720.70,14.45,0.52,345.64,1.02,Fwd,0.00
1748795720.70,17.15,0.52,345.64,1.02,Fwd,0.00
1748795720.70,17.15,1.28,345.64,1.02,Fwd,0.00
1748795720.70,17.15,1.28,340.08,1.02,Fwd,0.00
1748795720.70,17.15,1.28,340.08,0.98,Fwd,0.00
1748795720.70,17.15,1.28,340.08,0.98,Fwd,0.00
1748795720.71,17.15,1.28,340.08,0.98,Fwd,0.00
1748795720.71,17.15,1.28,340.08,0.98,Fwd,0.00
1748795720.81,17.15,1.28,340.08,0.98,Fwd,0.00
1748795720.81,20.13,1.28,340.08,0.98,Fwd,0.00
1748795720.81,20.13,2.25,340.08,0.98,Fwd,0.00
1748795720.81,20.13,2.25,334.49,0.98,Fwd,0.00
1748795720.81,20.13,2.25,334.49,1.07,Fwd,0.00
1748795720.81,20.13,2.25,334.49,1.07,Fwd,0.00
1748795720.81,20.13,2.25,334.49,1.07,Fwd,0.00
1748795720.81,20.13,2.25,334.49,1.07,Fwd,0.00
1748795720.91,20.13,2.25,334.49,1.07,Fwd,0.00
1748795720.91,23.29,2.25,334.49,1.07,Fwd,0.00
1748795720.91,23.29,3.81,334.49,1.07,Fwd,0.00
1748795720.95,23.29,3.81,328.90,1.07,Fwd,0.00
1748795720.95,23.29,3.81,328.90,1.11,Fwd,0.00
1748795720.95,23.29,3.81,328.90,1.11,Fwd,0.00
1748795720.95,23.29,3.81,328.90,1.11,Fwd,0.00
1748795720.95,23.29,3.81,328.90,1.11,Fwd,0.00
1748795721.02,23.29,3.81,328.90,1.11,Fwd,0.00
1748795721.02,26.58,3.81,328.90,1.11,Fwd,0.00
1748795721.02,26.58,5.28,328.90,1.11,Fwd,0.00
1748795721.02,26.58,5.28,323.57,1.11,Fwd,0.00
1748795721.02,26.58,5.28,323.57,1.10,Fwd,0.00
1748795721.02,26.58,5.28,323.57,1.10,Fwd,0.00
1748795721.02,26.58,5.28,323.57,1.10,Fwd,0.00
1748795721.02,26.58,5.28,323.57,1.10,Fwd,0.00
1748795721.12,26.58,5.28,323.57,1.10,Fwd,0.00
1748795721.16,29.69,5.28,323.57,1.10,Fwd,0.00
1748795721.16,29.69,6.48,323.57,1.10,Fwd,0.00
1748795721.16,29.69,6.48,318.63,1.10,Fwd,0.00
1748795721.16,29.69,6.48,318.63,1.08,Fwd,0.00
1748795721.16,29.69,6.48,318.63,1.08,Fwd,0.00
1748795721.16,29.69,6.48,318.63,1.08,Fwd,0.00
1748795721.16,29.69,6.48,318.63,1.08,Fwd,0.00
1748795721.19,29.69,6.48,318.63,1.08,Fwd,0.00
1748795721.19,32.37,6.48,318.63,1.08,Fwd,0.00
1748795721.19,32.37,7.11,318.63,1.08,Fwd,0.00
1748795721.19,32.37,7.11,313.99,1.08,Fwd,0.00
1748795721.20,32.37,7.11,313.99,1.00,Fwd,0.00
1748795721.20,32.37,7.11,313.99,1.00,Fwd,0.00
1748795721.20,32.37,7.11,313.99,1.00,Fwd,0.00
1748795721.20,32.37,7.11,313.99,1.00,Fwd,0.00
1748795721.30,32.37,7.11,313.99,1.00,Fwd,0.00
1748795721.30,34.69,7.11,313.99,1.00,Fwd,0.00
1748795721.30,34.69,6.92,313.99,1.00,Fwd,0.00
1748795721.30,34.69,6.92,309.63,1.00,Fwd,0.00
1748795721.30,34.69,6.92,309.63,0.93,Fwd,0.00
1748795721.30,34.69,6.92,309.63,0.93,Fwd,0.00
1748795721.30,34.69,6.92,309.63,0.93,Fwd,0.00
1748795721.30,34.69,6.92,309.63,0.93,Fwd,0.00
1748795721.40,34.69,6.92,309.63,0.93,Fwd,0.00
1748795721.44,36.53,6.92,309.63,0.93,Fwd,0.00
1748795721.44,36.53,5.89,309.63,0.93,Fwd,0.00
1748795721.44,36.53,5.89,305.52,0.93,Fwd,0.00
1748795721.44,36.53,5.89,305.52,0.88,Fwd,0.00
1748795721.44,36.53,5.89,305.52,0.88,Fwd,0.00
1748795721.44,36.53,5.89,305.52,0.88,Fwd,0.00
1748795721.44,36.53,5.89,305.52,0.88,Fwd,0.00
1748795721.51,36.53,5.89,305.52,0.88,Fwd,0.00
1748795721.51,37.67,5.89,305.52,0.88,Fwd,0.00
1748795721.51,37.67,4.04,305.52,0.88,Fwd,0.00
1748795721.51,37.67,4.04,301.85,0.88,Fwd,0.00
1748795721.51,37.67,4.04,301.85,0.90,Fwd,0.00
1748795721.51,37.67,4.04,301.85,0.90,Fwd,0.00
1748795721.51,37.67,4.04,301.85,0.90,Fwd,0.00
1748795721.51,37.67,4.04,301.85,0.90,Fwd,0.00
1748795721.61,37.67,4.04,301.85,0.90,Fwd,0.00
1748795721.62,37.94,4.04,301.85,0.90,Fwd,0.00
1748795721.62,37.94,2.48,301.85,0.90,Fwd,0.00
1748795721.62,37.94,2.48,299.07,0.90,Fwd,0.00
1748795721.62,37.94,2.48,299.07,0.89,Fwd,0.00
1748795721.62,37.94,2.48,299.07,0.89,Fwd,0.00
1748795721.62,37.94,2.48,299.07,0.89,Fwd,0.00
1748795721.62,37.94,2.48,299.07,0.89,Fwd,0.00
1748795721.72,37.94,2.48,299.07,0.89,Fwd,0.00
1748795721.72,37.56,2.48,299.07,0.89,Fwd,0.00
1748795721.72,37.56,1.04,299.07,0.89,Fwd,0.00
1748795721.72,37.56,1.04,297.08,0.89,Fwd,0.00
1748795721.72,37.56,1.04,297.08,0.91,Fwd,0.00
1748795721.72,37.56,1.04,297.08,0.91,Fwd,0.00
1748795721.73,37.56,1.04,297.08,0.91,Fwd,0.00
1748795721.73,37.56,1.04,297.08,0.91,Fwd,0.00
1748795721.82,37.56,1.04,297.08,0.91,Fwd,0.00
1748795721.83,36.61,1.04,297.08,0.91,Fwd,0.00
1748795721.83,36.61,-0.07,297.08,0.91,Fwd,0.00
1748795721.83,36.61,-0.07,296.01,0.91,Fwd,0.00
1748795721.83,36.61,-0.07,296.01,0.97,Fwd,0.00
1748795721.83,36.61,-0.07,296.01,0.97,Fwd,0.00
1748795721.83,36.61,-0.07,296.01,0.97,Fwd,0.00
1748795721.83,36.61,-0.07,296.01,0.97,Fwd,0.00
1748795721.89,36.61,-0.07,296.01,0.97,Fwd,0.00
1748795721.90,34.90,-0.07,296.01,0.97,Fwd,0.00
1748795721.90,34.90,-0.02,296.01,0.97,Fwd,0.00
1748795721.90,34.90,-0.02,295.91,0.97,Fwd,0.00
1748795721.90,34.90,-0.02,295.91,0.95,Fwd,0.00
1748795721.90,34.90,-0.02,295.91,0.95,Fwd,0.00
1748795721.90,34.90,-0.02,295.91,0.95,Fwd,0.00
1748795721.90,34.90,-0.02,295.91,0.95,Fwd,0.00
1748795722.00,34.90,-0.02,295.91,0.95,Fwd,0.00
1748795722.00,32.60,-0.02,295.91,0.95,Fwd,0.00
1748795722.00,32.60,1.33,295.91,0.95,Fwd,0.00
1748795722.00,32.60,1.33,296.41,0.95,Fwd,0.00
1748795722.01,32.60,1.33,296.41,0.91,Fwd,0.00
1748795722.01,32.60,1.33,296.41,0.91,Fwd,0.00
1748795722.01,32.60,1.33,296.41,0.91,Fwd,0.00
1748795722.01,32.60,1.33,296.41,0.91,Fwd,0.00
1748795722.11,32.60,1.33,296.41,0.91,Fwd,0.00
1748795722.14,29.85,1.33,296.41,0.91,Fwd,0.00
1748795722.18,29.85,2.95,296.41,0.91,Fwd,0.00
1748795722.18,29.85,2.95,296.96,0.91,Fwd,0.00
1748795722.18,29.85,2.95,296.96,0.95,Fwd,0.00
1748795722.18,29.85,2.95,296.96,0.95,Fwd,0.00
1748795722.18,29.85,2.95,296.96,0.95,Fwd,0.00
1748795722.18,29.85,2.95,296.96,0.95,Fwd,0.00
1748795722.21,29.85,2.95,296.96,0.95,Fwd,0.00
1748795722.21,25.54,2.95,296.96,0.95,Fwd,0.00
1748795722.21,25.54,2.89,296.96,0.95,Fwd,0.00
1748795722.21,25.54,2.89,297.36,0.95,Fwd,0.00
1748795722.22,25.54,2.89,297.36,0.98,Fwd,0.00
1748795722.22,25.54,2.89,297.36,0.98,Fwd,0.00
1748795722.22,25.54,2.89,297.36,0.98,Fwd,0.00
1748795722.22,25.54,2.89,297.36,0.98,Fwd,0.00
1748795722.32,25.54,2.89,297.36,0.98,Fwd,0.00
1748795722.35,20.49,2.89,297.36,0.98,Fwd,0.00
1748795722.38,20.49,1.01,297.36,0.98,Fwd,0.00
1748795722.42,20.49,1.01,297.56,0.98,Fwd,0.00
1748795722.42,20.49,1.01,297.56,0.94,Fwd,0.00
1748795722.43,20.49,1.01,297.56,0.94,Fwd,0.00
1748795722.43,20.49,1.01,297.56,0.94,Fwd,0.00
1748795722.43,20.49,1.01,297.56,0.94,Fwd,0.00
1748795722.43,20.49,1.01,297.56,0.94,Fwd,0.00
1748795722.43,15.01,1.01,297.56,0.94,Fwd,0.00
1748795722.43,15.01,-0.52,297.56,0.94,Fwd,0.00
1748795722.43,15.01,-0.52,298.02,0.94,Fwd,0.00
1748795722.43,15.01,-0.52,298.02,0.98,Fwd,0.00
1748795722.53,15.01,-0.52,298.02,0.98,Fwd,0.00
1748795722.56,9.17,-0.52,298.02,0.98,Fwd,0.00
1748795722.59,9.17,-0.99,298.02,0.98,Fwd,0.00
1748795722.60,9.17,-0.99,298.55,0.98,Fwd,0.00
1748795722.60,9.17,-0.99,298.55,1.04,Fwd,0.00
1748795722.60,9.17,-0.99,298.55,1.04,Fwd,0.00
1748795722.60,9.17,-0.99,298.55,1.04,Fwd,0.00
1748795722.60,9.17,-0.99,298.55,1.04,Fwd,0.00
1748795722.60,9.17,-0.99,298.55,1.04,Fwd,0.00
1748795722.60,3.41,-0.99,298.55,1.04,Fwd,0.00
1748795722.60,3.41,0.04,298.55,1.04,Fwd,0.00
1748795722.60,3.41,0.04,298.45,1.04,Fwd,0.00
1748795722.70,3.41,0.04,298.45,1.04,Fwd,0.00
1748795722.70,-0.95,0.04,298.45,1.04,Fwd,0.00
1748795722.70,-0.95,1.69,298.45,1.04,Fwd,0.00
1748795722.71,-0.95,1.69,297.59,1.04,Fwd,0.00
1748795722.71,-0.95,1.69,297.59,1.11,Fwd,0.00
1748795722.71,-0.95,1.69,297.59,1.11,Fwd,0.00
1748795722.71,-0.95,1.69,297.59,1.11,Fwd,0.00
1748795722.71,-0.95,1.69,297.59,1.11,Fwd,0.00
1748795722.81,-0.95,1.69,297.59,1.11,Fwd,0.00
1748795722.81,-3.30,1.69,297.59,1.11,Fwd,0.00
1748795722.81,-3.30,1.81,297.59,1.11,Fwd,0.00
1748795722.81,-3.30,1.81,296.68,1.11,Fwd,0.00
1748795722.81,-3.30,1.81,296.68,1.11,Fwd,0.00
1748795722.82,-3.30,1.81,296.68,1.11,Fwd,0.00
1748795722.82,-3.30,1.81,296.68,1.11,Fwd,0.00
1748795722.82,-3.30,1.81,296.68,1.11,Fwd,0.00
1748795722.91,-3.30,1.81,296.68,1.11,Fwd,0.00
1748795722.91,-3.88,1.81,296.68,1.11,Fwd,0.00
1748795722.91,-3.88,0.97,296.68,1.11,Fwd,0.00
1748795722.92,-3.88,0.97,296.11,1.11,Fwd,0.00
1748795722.92,-3.88,0.97,296.11,0.98,Fwd,0.00
1748795722.92,-3.88,0.97,296.11,0.98,Fwd,0.00
1748795722.94,-3.88,0.97,296.11,0.98,Fwd,0.00
1748795722.98,-3.88,0.97,296.11,0.98,Fwd,0.00
1748795723.05,-3.88,0.97,296.11,0.98,Fwd,0.00
1748795723.05,-3.27,0.97,296.11,0.98,Fwd,0.00
1748795723.06,-3.27,0.10,296.11,0.98,Fwd,0.00
1748795723.06,-3.27,0.10,295.95,0.98,Fwd,0.00
1748795723.06,-3.27,0.10,295.95,0.98,Fwd,0.00
1748795723.06,-3.27,0.10,295.95,0.98,Fwd,0.00
1748795723.08,-3.27,0.10,295.95,0.98,Fwd,0.00
1748795723.08,-3.27,0.10,295.95,0.98,Fwd,0.00
1748795723.12,-3.27,0.10,295.95,0.98,Fwd,0.00
1748795723.15,-2.15,0.10,295.95,0.98,Fwd,0.00
1748795723.16,-2.15,-1.05,295.95,0.98,Fwd,0.00
1748795723.16,-2.15,-1.05,296.52,0.98,Fwd,0.00
1748795723.16,-2.15,-1.05,296.52,0.99,Fwd,0.00
1748795723.16,-2.15,-1.05,296.52,0.99,Fwd,0.00
1748795723.16,-2.15,-1.05,296.52,0.99,Fwd,0.00
1748795723.19,-2.15,-1.05,296.52,0.99,Fwd,0.00
1748795723.26,-2.15,-1.05,296.52,0.99,Fwd,0.00
1748795723.29,-0.93,-1.05,296.52,0.99,Fwd,0.00
1748795723.33,-0.93,-2.46,296.52,0.99,Fwd,0.00
1748795723.36,-0.93,-2.46,297.89,0.99,Fwd,0.00
1748795723.36,-0.93,-2.46,297.89,1.01,Fwd,0.00
1748795723.37,-0.93,-2.46,297.89,1.01,Fwd,0.00
1748795723.37,-0.93,-2.46,297.89,1.01,Fwd,0.00
1748795723.37,-0.93,-2.46,297.89,1.01,Fwd,0.00
1748795723.37,-0.93,-2.46,297.89,1.01,Fwd,0.00
1748795723.40,0.24,-2.46,297.89,1.01,Fwd,0.00
1748795723.40,0.24,-2.95,297.89,1.01,Fwd,0.00
1748795723.41,0.24,-2.95,300.15,1.01,Fwd,0.00
1748795723.41,0.24,-2.95,300.15,0.94,Fwd,0.00
1748795723.41,0.24,-2.95,300.15,0.94,Fwd,0.00
1748795723.41,0.24,-2.95,300.15,0.94,Fwd,0.00
1748795723.43,0.24,-2.95,300.15,0.94,Fwd,0.00
1748795723.47,0.24,-2.95,300.15,0.94,Fwd,0.00
1748795723.50,1.61,-2.95,300.15,0.94,Fwd,0.00
1748795723.54,1.61,-4.03,300.15,0.94,Fwd,0.00
1748795723.57,1.61,-4.03,303.00,0.94,Fwd,0.00
1748795723.61,1.61,-4.03,303.00,1.23,Fwd,0.00
1748795723.61,1.61,-4.03,303.00,1.23,Fwd,0.00
1748795723.61,1.61,-4.03,303.00,1.23,Fwd,0.00
1748795723.62,1.61,-4.03,303.00,1.23,Fwd,0.00
1748795723.62,1.61,-4.03,303.00,1.23,Fwd,0.00
1748795723.62,0.47,-4.03,303.00,1.23,Fwd,0.00
1748795723.64,0.47,-1.47,303.00,1.23,Fwd,0.00
1748795723.64,0.47,-1.47,303.12,1.23,Fwd,0.00
1748795723.65,0.47,-1.47,303.12,1.39,Fwd,0.00
1748795723.65,0.47,-1.47,303.12,1.39,Fwd,0.00
1748795723.66,0.47,-1.47,303.12,1.39,Fwd,0.00
1748795723.66,0.47,-1.47,303.12,1.39,Fwd,0.00
1748795723.68,0.47,-1.47,303.12,1.39,Fwd,0.00
1748795723.71,0.15,-1.47,303.12,1.39,Fwd,0.00
1748795723.75,0.15,-1.29,303.12,1.39,Fwd,0.00
1748795723.78,0.15,-1.29,303.67,1.39,Fwd,0.00
1748795723.78,0.15,-1.29,303.67,0.94,Fwd,0.00
1748795723.79,0.15,-1.29,303.67,0.94,Fwd,0.00
1748795723.79,0.15,-1.29,303.67,0.94,Fwd,0.00
1748795723.79,0.15,-1.29,303.67,0.94,Fwd,0.00
1748795723.79,0.15,-1.29,303.67,0.94,Fwd,0.00
1748795723.79,0.12,-1.29,303.67,0.94,Fwd,0.00
1748795723.79,0.12,-1.15,303.67,0.94,Fwd,0.00
1748795723.79,0.12,-1.15,304.12,0.94,Fwd,0.00
1748795723.79,0.12,-1.15,304.12,0.98,Fwd,0.00
1748795723.79,0.12,-1.15,304.12,0.98,Fwd,0.00
1748795723.79,0.12,-1.15,304.12,0.98,Fwd,0.00
1748795723.82,0.12,-1.15,304.12,0.98,Fwd,0.00
1748795723.85,0.12,-1.15,304.12,0.98,Fwd,0.00
1748795723.89,0.07,-1.15,304.12,0.98,Fwd,0.00
1748795723.92,0.07,-0.94,304.12,0.98,Fwd,0.00
1748795723.92,0.07,-0.94,304.61,0.98,Fwd,0.00
1748795723.92,0.07,-0.94,304.61,0.98,Fwd,0.00
1748795723.92,0.07,-0.94,304.61,0.98,Fwd,0.00
1748795723.92,0.07,-0.94,304.61,0.98,Fwd,0.00
1748795723.92,0.07,-0.94,304.61,0.98,Fwd,0.00
1748795723.96,0.07,-0.94,304.61,0.98,Fwd,0.00
1748795723.99,-0.00,-0.94,304.61,0.98,Fwd,0.00
1748795724.03,-0.00,-0.91,304.61,0.98,Fwd,0.00
1748795724.06,-0.00,-0.91,305.13,0.98,Fwd,0.00
1748795724.06,-0.00,-0.91,305.13,0.98,Fwd,0.00
1748795724.06,-0.00,-0.91,305.13,0.98,Fwd,0.00
1748795724.06,-0.00,-0.91,305.13,0.98,Fwd,0.00
1748795724.06,-0.00,-0.91,305.13,0.98,Fwd,0.00
1748795724.07,-0.00,-0.91,305.13,0.98,Fwd,0.00
1748795724.07,-0.12,-0.91,305.13,0.98,Fwd,0.00
1748795724.07,-0.12,-1.12,305.13,0.98,Fwd,0.00
1748795724.07,-0.12,-1.12,305.67,0.98,Fwd,0.00
1748795724.07,-0.12,-1.12,305.67,0.98,Fwd,0.00
1748795724.07,-0.12,-1.12,305.67,0.98,Fwd,0.00
1748795724.07,-0.12,-1.12,305.67,0.98,Fwd,0.00
1748795724.07,-0.12,-1.12,305.67,0.98,Fwd,0.00
1748795724.10,-0.12,-1.12,305.67,0.98,Fwd,0.00
1748795724.10,-0.27,-1.12,305.67,0.98,Fwd,0.00
1748795724.10,-0.27,-1.39,305.67,0.98,Fwd,0.00
1748795724.10,-0.27,-1.39,306.22,0.98,Fwd,0.00
1748795724.10,-0.27,-1.39,306.22,0.97,Fwd,0.00
1748795724.10,-0.27,-1.39,306.22,0.97,Fwd,0.00
1748795724.10,-0.27,-1.39,306.22,0.97,Fwd,0.00
1748795724.11,-0.27,-1.39,306.22,0.97,Fwd,0.00
1748795724.20,-0.27,-1.39,306.22,0.97,Fwd,0.00
1748795724.20,-0.43,-1.39,306.22,0.97,Fwd,0.00
1748795724.20,-0.43,-1.67,306.22,0.97,Fwd,0.00
1748795724.24,-0.43,-1.67,306.80,0.97,Fwd,0.00
1748795724.24,-0.43,-1.67,306.80,0.98,Fwd,0.00
1748795724.24,-0.43,-1.67,306.80,0.98,Fwd,0.00
1748795724.27,-0.43,-1.67,306.80,0.98,Fwd,0.00
1748795724.31,-0.43,-1.67,306.80,0.98,Fwd,0.00
1748795724.31,-0.43,-1.67,306.80,0.98,Fwd,0.00
1748795724.31,-0.22,-1.67,306.80,0.98,Fwd,0.00
1748795724.31,-0.22,-1.89,306.80,0.98,Fwd,0.00
1748795724.31,-0.22,-1.89,307.39,0.98,Fwd,0.00
1748795724.31,-0.22,-1.89,307.39,0.99,Fwd,0.00
1748795724.31,-0.22,-1.89,307.39,0.99,Fwd,0.00
1748795724.31,-0.22,-1.89,307.39,0.99,Fwd,0.00
1748795724.31,-0.22,-1.89,307.39,0.99,Fwd,0.00
1748795724.41,-0.22,-1.89,307.39,0.99,Fwd,0.00
1748795724.41,0.07,-1.89,307.39,0.99,Fwd,0.00
1748795724.42,0.07,-2.01,307.39,0.99,Fwd,0.00
1748795724.42,0.07,-2.01,307.96,0.99,Fwd,0.00
1748795724.42,0.07,-2.01,307.96,0.97,Fwd,0.00
1748795724.42,0.07,-2.01,307.96,0.97,Fwd,0.00
1748795724.42,0.07,-2.01,307.96,0.97,Fwd,0.00
1748795724.42,0.07,-2.01,307.96,0.97,Fwd,0.00