1748795753.08,1.01,-2.51,227.95,1.06,Fwd,7.05
1748795753.11,1.01,-2.51,227.95,1.06,Fwd,7.05
1748795753.11,1.01,-2.51,227.95,1.06,Fwd,7.05
1748795753.12,1.01,-2.51,227.95,1.06,Fwd,7.05
1748795753.12,1.01,-2.51,227.95,1.06,Fwd,7.05
1748795753.12,0.54,-2.51,227.95,1.06,Fwd,7.05
1748795753.12,0.54,-0.32,227.95,1.06,Fwd,7.05
1748795753.15,0.54,-0.32,230.20,1.06,Fwd,7.05
1748795753.18,0.54,-0.32,230.20,0.92,Fwd,7.05
1748795753.18,0.54,-0.32,230.20,0.92,Fwd,7.05
1748795753.18,0.54,-0.32,230.20,0.92,Fwd,7.05
1748795753.18,0.54,-0.32,230.20,0.92,Fwd,7.05
1748795753.22,0.54,-0.32,230.20,0.92,Fwd,7.05
1748795753.25,-1.73,-0.32,230.20,0.92,Fwd,7.05
1748795753.26,-1.73,1.35,230.20,0.92,Fwd,7.05
1748795753.26,-1.73,1.35,232.53,0.92,Fwd,7.05
1748795753.26,-1.73,1.35,232.53,1.00,Fwd,7.05
1748795753.26,-1.73,1.35,232.53,1.00,Fwd,7.05
1748795753.26,-1.73,1.35,232.53,1.00,Fwd,7.05
1748795753.29,-1.73,1.35,232.53,1.00,Fwd,7.05
1748795753.32,-1.73,1.35,232.53,1.00,Fwd,7.05
1748795753.32,-3.24,1.35,232.53,1.00,Fwd,7.05
1748795753.32,-3.24,3.21,232.53,1.00,Fwd,7.05
1748795753.33,-3.24,3.21,235.05,1.00,Fwd,7.05
1748795753.33,-3.24,3.21,235.05,1.07,Fwd,7.05
1748795753.33,-3.24,3.21,235.05,1.07,Fwd,7.05
1748795753.36,-3.24,3.21,235.05,1.07,Fwd,7.05
1748795753.39,-3.24,3.21,235.05,1.07,Fwd,7.05
1748795753.39,-3.24,3.21,235.05,1.07,Fwd,7.05
1748795753.39,-5.24,3.21,235.05,1.07,Fwd,7.05
1748795753.40,-5.24,5.01,235.05,1.07,Fwd,7.05
1748795753.40,-5.24,5.01,237.99,1.07,Fwd,7.05
1748795753.40,-5.24,5.01,237.99,1.09,Fwd,7.05
1748795753.43,-5.24,5.01,237.99,1.09,Fwd,7.05
1748795753.43,-5.24,5.01,237.99,1.09,Fwd,7.05
1748795753.43,-5.24,5.01,237.99,1.09,Fwd,7.05
1748795753.50,-5.24,5.01,237.99,1.09,Fwd,6.67
1748795753.54,-3.96,5.01,237.99,1.09,Fwd,6.67
1748795753.57,-3.96,4.44,237.99,1.09,Fwd,6.67
1748795753.57,-3.96,4.44,242.10,1.09,Fwd,6.67
1748795753.57,-3.96,4.44,242.10,0.73,Fwd,6.67
1748795753.58,-3.96,4.44,242.10,0.73,Fwd,6.67
1748795753.58,-3.96,4.44,242.10,0.73,Fwd,6.67
1748795753.58,-3.96,4.44,242.10,0.73,Fwd,6.67
1748795753.60,-3.96,4.44,242.10,0.73,Fwd,6.67
1748795753.64,-3.29,4.44,242.10,0.73,Fwd,6.67
1748795753.67,-3.29,3.57,242.10,0.73,Fwd,6.67
1748795753.68,-3.29,3.57,247.17,0.73,Fwd,6.67
1748795753.68,-3.29,3.57,247.17,0.85,Fwd,6.67
1748795753.68,-3.29,3.57,247.17,0.85,Fwd,6.67
1748795753.68,-3.29,3.57,247.17,0.85,Fwd,6.67
1748795753.68,-3.29,3.57,247.17,0.85,Fwd,6.67
1748795753.71,-3.29,3.57,247.17,0.85,Fwd,6.67
1748795753.71,-2.48,3.57,247.17,0.85,Fwd,6.67
1748795753.71,-2.48,2.85,247.17,0.85,Fwd,6.67
1748795753.74,-2.48,2.85,252.71,0.85,Fwd,6.67
1748795753.75,-2.48,2.85,252.71,0.96,Fwd,6.67
1748795753.75,-2.48,2.85,252.71,0.96,Fwd,6.67
1748795753.75,-2.48,2.85,252.71,0.96,Fwd,6.67
1748795753.75,-2.48,2.85,252.71,0.96,Fwd,6.67
1748795753.82,-2.48,2.85,252.71,0.96,Fwd,6.67
1748795753.82,-3.25,2.85,252.71,0.96,Fwd,6.67
1748795753.85,-3.25,1.90,252.71,0.96,Fwd,6.67
1748795753.85,-3.25,1.90,258.60,0.96,Fwd,6.67
1748795753.85,-3.25,1.90,258.60,0.94,Fwd,6.67
1748795753.85,-3.25,1.90,258.60,0.94,Fwd,6.67
1748795753.86,-3.25,1.90,258.60,0.94,Fwd,6.67
1748795753.86,-3.25,1.90,258.60,0.94,Fwd,6.67
1748795753.92,-3.25,1.90,258.60,0.94,Fwd,6.67
1748795753.99,-3.16,1.90,258.60,0.94,Fwd,6.67
1748795753.99,-3.16,0.77,258.60,0.94,Fwd,6.67
1748795753.99,-3.16,0.77,265.10,0.94,Fwd,6.67
1748795754.00,-3.16,0.77,265.10,0.97,Fwd,6.67
1748795754.00,-3.16,0.77,265.10,0.97,Fwd,6.67
1748795754.00,-3.16,0.77,265.10,0.97,Fwd,6.67
1748795754.02,-3.16,0.77,265.10,0.97,Fwd,6.67
1748795754.06,-3.16,0.77,265.10,0.97,Fwd,8.21
1748795754.10,-1.71,0.77,265.10,0.97,Fwd,8.21
1748795754.10,-1.71,-0.89,265.10,0.97,Fwd,8.21
1748795754.10,-1.71,-0.89,271.74,0.97,Fwd,8.21
1748795754.10,-1.71,-0.89,271.74,0.75,Fwd,8.21
1748795754.10,-1.71,-0.89,271.74,0.75,Fwd,8.21
1748795754.10,-1.71,-0.89,271.74,0.75,Fwd,8.21
1748795754.11,-1.71,-0.89,271.74,0.75,Fwd,8.21
1748795754.11,-1.71,-0.89,271.74,0.75,Fwd,8.21
1748795754.11,-0.74,-0.89,271.74,0.75,Fwd,8.21
1748795754.11,-0.74,-2.13,271.74,0.75,Fwd,8.21
1748795754.11,-0.74,-2.13,277.97,0.75,Fwd,8.21
1748795754.11,-0.74,-2.13,277.97,0.95,Fwd,8.21
1748795754.11,-0.74,-2.13,277.97,0.95,Fwd,8.21
1748795754.11,-0.74,-2.13,277.97,0.95,Fwd,8.21
1748795754.11,-0.74,-2.13,277.97,0.95,Fwd,8.21
1748795754.20,-0.74,-2.13,277.97,0.95,Fwd,8.21
1748795754.20,-1.10,-2.13,277.97,0.95,Fwd,8.21
1748795754.20,-1.10,-3.34,277.97,0.95,Fwd,8.21
1748795754.20,-1.10,-3.34,284.23,0.95,Fwd,8.21
1748795754.21,-1.10,-3.34,284.23,1.05,Fwd,8.21
1748795754.21,-1.10,-3.34,284.23,1.05,Fwd,8.21
1748795754.21,-1.10,-3.34,284.23,1.05,Fwd,8.21
1748795754.21,-1.10,-3.34,284.23,1.05,Fwd,8.21
1748795754.31,-1.10,-3.34,284.23,1.05,Fwd,8.21
1748795754.31,-1.85,-3.34,284.23,1.05,Fwd,8.21
1748795754.31,-1.85,-4.37,284.23,1.05,Fwd,8.21
1748795754.32,-1.85,-4.37,290.23,1.05,Fwd,8.21
1748795754.32,-1.85,-4.37,290.23,1.14,Fwd,8.21
1748795754.32,-1.85,-4.37,290.23,1.14,Fwd,8.21
1748795754.32,-1.85,-4.37,290.23,1.14,Fwd,8.21
1748795754.32,-1.85,-4.37,290.23,1.14,Fwd,8.21
1748795754.41,-1.85,-4.37,290.23,1.14,Fwd,8.21
1748795754.41,-1.24,-4.37,290.23,1.14,Fwd,8.21
1748795754.42,-1.24,-4.84,290.23,1.14,Fwd,8.21
1748795754.42,-1.24,-4.84,295.31,1.14,Fwd,8.21
1748795754.42,-1.24,-4.84,295.31,0.83,Fwd,8.21
1748795754.42,-1.24,-4.84,295.31,0.83,Fwd,8.21
1748795754.42,-1.24,-4.84,295.31,0.83,Fwd,8.21
1748795754.42,-1.24,-4.84,295.31,0.83,Fwd,8.21
1748795754.52,-1.24,-4.84,295.31,0.83,Fwd,7.39
1748795754.55,-1.08,-4.84,295.31,0.83,Fwd,7.39
1748795754.55,-1.08,-5.99,295.31,0.83,Fwd,7.39
1748795754.55,-1.08,-5.99,299.09,0.83,Fwd,7.39
1748795754.55,-1.08,-5.99,299.09,0.99,Fwd,7.39
1748795754.55,-1.08,-5.99,299.09,0.99,Fwd,7.39
1748795754.55,-1.08,-5.99,299.09,0.99,Fwd,7.39
1748795754.55,-1.08,-5.99,299.09,0.99,Fwd,7.39
1748795754.62,-1.08,-5.99,299.09,0.99,Fwd,7.39
1748795754.62,-0.65,-5.99,299.09,0.99,Fwd,7.39
1748795754.62,-0.65,-5.93,299.09,0.99,Fwd,7.39
1748795754.62,-0.65,-5.93,301.26,0.99,Fwd,7.39
1748795754.62,-0.65,-5.93,301.26,1.12,Fwd,7.39
1748795754.62,-0.65,-5.93,301.26,1.12,Fwd,7.39
1748795754.62,-0.65,-5.93,301.26,1.12,Fwd,7.39
1748795754.62,-0.65,-5.93,301.26,1.12,Fwd,7.39
1748795754.72,-0.65,-5.93,301.26,1.12,Fwd,7.39
1748795754.76,-0.01,-5.93,301.26,1.12,Fwd,7.39
1748795754.79,-0.01,-5.28,301.26,1.12,Fwd,7.39
1748795754.80,-0.01,-5.28,301.99,1.12,Fwd,7.39
1748795754.80,-0.01,-5.28,301.99,0.93,Fwd,7.39
1748795754.80,-0.01,-5.28,301.99,0.93,Fwd,7.39
1748795754.80,-0.01,-5.28,301.99,0.93,Fwd,7.39
1748795754.80,-0.01,-5.28,301.99,0.93,Fwd,7.39
1748795754.80,-0.01,-5.28,301.99,0.93,Fwd,7.39
1748795754.80,0.14,-5.28,301.99,0.93,Fwd,7.39
1748795754.80,0.14,-3.76,301.99,0.93,Fwd,7.39
1748795754.80,0.14,-3.76,301.55,0.93,Fwd,7.39
1748795754.90,0.14,-3.76,301.55,0.93,Fwd,7.39
1748795754.94,-0.04,-3.76,301.55,0.93,Fwd,7.39
1748795754.94,-0.04,-2.29,301.55,0.93,Fwd,7.39
1748795754.94,-0.04,-2.29,300.96,0.93,Fwd,7.39
1748795754.94,-0.04,-2.29,300.96,0.92,Fwd,7.39
1748795754.94,-0.04,-2.29,300.96,0.92,Fwd,7.39
1748795754.94,-0.04,-2.29,300.96,0.92,Fwd,7.39
1748795754.94,-0.04,-2.29,300.96,0.92,Fwd,7.39
1748795755.00,-0.04,-2.29,300.96,0.92,Fwd,7.39
1748795755.00,0.45,-2.29,300.96,0.92,Fwd,7.39
1748795755.00,0.45,-2.65,300.96,0.92,Fwd,7.39
1748795755.04,0.45,-2.65,301.07,0.92,Fwd,7.39
1748795755.04,0.45,-2.65,301.07,0.99,Fwd,7.39
1748795755.04,0.45,-2.65,301.07,0.99,Fwd,7.39
1748795755.04,0.45,-2.65,301.07,0.99,Fwd,7.39
1748795755.04,0.45,-2.65,301.07,0.99,Fwd,7.39
1748795755.11,0.45,-2.65,301.07,0.99,Fwd,6.22
1748795755.11,0.73,-2.65,301.07,0.99,Fwd,6.22
1748795755.11,0.73,-4.05,301.07,0.99,Fwd,6.22
1748795755.11,0.73,-4.05,301.90,0.99,Fwd,6.22
1748795755.18,0.73,-4.05,301.90,0.92,Fwd,6.22
1748795755.21,0.73,-4.05,301.90,0.92,Fwd,6.22
1748795755.21,0.73,-4.05,301.90,0.92,Fwd,6.22
1748795755.22,0.73,-4.05,301.90,0.92,Fwd,6.22
1748795755.22,0.73,-4.05,301.90,0.92,Fwd,6.22
1748795755.22,-0.31,-4.05,301.90,0.92,Fwd,6.22
1748795755.22,-0.31,-4.26,301.90,0.92,Fwd,6.22
1748795755.22,-0.31,-4.26,303.02,0.92,Fwd,6.22
1748795755.22,-0.31,-4.26,303.02,1.04,Fwd,6.22
1748795755.22,-0.31,-4.26,303.02,1.04,Fwd,6.22
1748795755.22,-0.31,-4.26,303.02,1.04,Fwd,6.22
1748795755.22,-0.31,-4.26,303.02,1.04,Fwd,6.22
1748795755.35,-0.31,-4.26,303.02,1.04,Fwd,6.22
1748795755.35,-0.30,-4.26,303.02,1.04,Fwd,6.22
1748795755.35,-0.30,-4.19,303.02,1.04,Fwd,6.22
1748795755.36,-0.30,-4.19,303.78,1.04,Fwd,6.22
1748795755.36,-0.30,-4.19,303.78,0.87,Fwd,6.22
1748795755.36,-0.30,-4.19,303.78,0.87,Fwd,6.22
1748795755.36,-0.30,-4.19,303.78,0.87,Fwd,6.22
1748795755.36,-0.30,-4.19,303.78,0.87,Fwd,6.22
1748795755.42,-0.30,-4.19,303.78,0.87,Fwd,6.22
1748795755.42,-0.15,-4.19,303.78,0.87,Fwd,6.22
1748795755.42,-0.15,-3.40,303.78,0.87,Fwd,6.22
1748795755.42,-0.15,-3.40,303.93,0.87,Fwd,6.22
1748795755.42,-0.15,-3.40,303.93,0.82,Fwd,6.22
1748795755.43,-0.15,-3.40,303.93,0.82,Fwd,6.22
1748795755.43,-0.15,-3.40,303.93,0.82,Fwd,6.22
1748795755.43,-0.15,-3.40,303.93,0.82,Fwd,6.22
1748795755.53,-0.15,-3.40,303.93,0.82,Fwd,6.22
1748795755.53,0.06,-3.40,303.93,0.82,Fwd,6.22
1748795755.53,0.06,-2.75,303.93,0.82,Fwd,6.22
1748795755.56,0.06,-2.75,303.89,0.82,Fwd,6.22
1748795755.56,0.06,-2.75,303.89,1.19,Fwd,6.22
1748795755.56,0.06,-2.75,303.89,1.19,Fwd,6.22
1748795755.56,0.06,-2.75,303.89,1.19,Fwd,6.22
1748795755.56,0.06,-2.75,303.89,1.19,Fwd,6.22
1748795755.60,0.06,-2.75,303.89,1.19,Fwd,6.22
1748795755.60,0.16,-2.75,303.89,1.19,Fwd,6.22
1748795755.60,0.16,-2.75,303.89,1.19,Fwd,6.22
1748795755.60,0.16,-2.75,304.23,1.19,Fwd,6.22
1748795755.60,0.16,-2.75,304.23,0.87,Fwd,6.22
1748795755.60,0.16,-2.75,304.23,0.87,Fwd,6.22
1748795755.60,0.16,-2.75,304.23,0.87,Fwd,6.22
1748795755.60,0.16,-2.75,304.23,0.87,Fwd,6.22
1748795755.71,0.16,-2.75,304.23,0.87,Fwd,6.22
1748795755.71,0.25,-2.75,304.23,0.87,Fwd,6.22
1748795755.71,0.25,-2.26,304.23,0.87,Fwd,6.22
1748795755.71,0.25,-2.26,304.66,0.87,Fwd,6.22
1748795755.71,0.25,-2.26,304.66,0.89,Fwd,6.22
1748795755.71,0.25,-2.26,304.66,0.89,Fwd,6.22
1748795755.71,0.25,-2.26,304.66,0.89,Fwd,6.22
1748795755.72,0.25,-2.26,304.66,0.89,Fwd,6.22
1748795755.81,0.25,-2.26,304.66,0.89,Fwd,6.22
1748795755.84,0.41,-2.26,304.66,0.89,Fwd,6.22
1748795755.88,0.41,-2.49,304.66,0.89,Fwd,6.22
1748795755.88,0.41,-2.49,305.33,0.89,Fwd,6.22
1748795755.88,0.41,-2.49,305.33,1.13,Fwd,6.22
1748795755.88,0.41,-2.49,305.33,1.13,Fwd,6.22
1748795755.88,0.41,-2.49,305.33,1.13,Fwd,6.22
1748795755.89,0.41,-2.49,305.33,1.13,Fwd,6.22
1748795755.91,0.41,-2.49,305.33,1.13,Fwd,6.22
1748795755.91,0.20,-2.49,305.33,1.13,Fwd,6.22
1748795755.92,0.20,-2.22,305.33,1.13,Fwd,6.22
1748795755.92,0.20,-2.22,305.80,1.13,Fwd,6.22
1748795755.92,0.20,-2.22,305.80,0.96,Fwd,6.22
1748795755.92,0.20,-2.22,305.80,0.96,Fwd,6.22
1748795755.92,0.20,-2.22,305.80,0.96,Fwd,6.22
1748795755.92,0.20,-2.22,305.80,0.96,Fwd,6.22
1748795756.02,0.20,-2.22,305.80,0.96,Fwd,6.22
1748795756.03,0.07,-2.22,305.80,0.96,Fwd,6.22
1748795756.03,0.07,-1.80,305.80,0.96,Fwd,6.22
1748795756.03,0.07,-1.80,305.86,0.96,Fwd,6.22
1748795756.03,0.07,-1.80,305.86,1.08,Fwd,6.22
1748795756.03,0.07,-1.80,305.86,1.08,Fwd,6.22
1748795756.05,0.07,-1.80,305.86,1.08,Fwd,6.22
1748795756.09,0.07,-1.80,305.86,1.08,Fwd,6.22
1748795756.13,0.07,-1.80,305.86,1.08,Fwd,6.22
1748795756.13,0.28,-1.80,305.86,1.08,Fwd,6.22
1748795756.13,0.28,-1.51,305.86,1.08,Fwd,6.22
1748795756.13,0.28,-1.51,305.80,1.08,Fwd,6.22
1748795756.14,0.28,-1.51,305.80,1.05,Fwd,6.22
1748795756.14,0.28,-1.51,305.80,1.05,Fwd,6.22
1748795756.14,0.28,-1.51,305.80,1.05,Fwd,6.22
1748795756.14,0.28,-1.51,305.80,1.05,Fwd,6.22
1748795756.20,0.28,-1.51,305.80,1.05,Fwd,6.22
1748795756.20,0.30,-1.51,305.80,1.05,Fwd,6.22
1748795756.20,0.30,-0.24,305.80,1.05,Fwd,6.22
1748795756.20,0.30,-0.24,305.39,1.05,Fwd,6.22
1748795756.20,0.30,-0.24,305.39,0.90,Fwd,6.22
1748795756.20,0.30,-0.24,305.39,0.90,Fwd,6.22
1748795756.21,0.30,-0.24,305.39,0.90,Fwd,6.22
1748795756.21,0.30,-0.24,305.39,0.90,Fwd,6.22
1748795756.30,0.30,-0.24,305.39,0.90,Fwd,6.12
1748795756.31,0.43,-0.24,305.39,0.90,Fwd,6.12
1748795756.31,0.43,1.62,305.39,0.90,Fwd,6.12
1748795756.31,0.43,1.62,304.28,0.90,Fwd,6.12
1748795756.31,0.43,1.62,304.28,1.31,Fwd,6.12
1748795756.31,0.43,1.62,304.28,1.31,Fwd,6.12
1748795756.31,0.43,1.62,304.28,1.31,Fwd,6.12
1748795756.31,0.43,1.62,304.28,1.31,Fwd,6.12
1748795756.41,0.43,1.62,304.28,1.31,Fwd,6.12
1748795756.41,0.38,1.62,304.28,1.31,Fwd,6.12
1748795756.41,0.38,2.01,304.28,1.31,Fwd,6.12
1748795756.41,0.38,2.01,303.54,1.31,Fwd,6.12
1748795756.41,0.38,2.01,303.54,1.05,Fwd,6.12
1748795756.41,0.38,2.01,303.54,1.05,Fwd,6.12
1748795756.41,0.38,2.01,303.54,1.05,Fwd,6.12
1748795756.42,0.38,2.01,303.54,1.05,Fwd,6.12
1748795756.51,0.38,2.01,303.54,1.05,Fwd,6.12
1748795756.51,0.42,2.01,303.54,1.05,Fwd,6.12
1748795756.51,0.42,3.13,303.54,1.05,Fwd,6.12
1748795756.54,0.42,3.13,303.30,1.05,Fwd,6.12
1748795756.58,0.42,3.13,303.30,0.96,Fwd,6.12
1748795756.58,0.42,3.13,303.30,0.96,Fwd,6.12
1748795756.58,0.42,3.13,303.30,0.96,Fwd,6.12
1748795756.58,0.42,3.13,303.30,0.96,Fwd,6.12
1748795756.62,0.42,3.13,303.30,0.96,Fwd,6.12
1748795756.62,0.54,3.13,303.30,0.96,Fwd,6.12
1748795756.62,0.54,2.40,303.30,0.96,Fwd,6.12
1748795756.62,0.54,2.40,303.72,0.96,Fwd,6.12
1748795756.62,0.54,2.40,303.72,1.09,Fwd,6.12
1748795756.62,0.54,2.40,303.72,1.09,Fwd,6.12
1748795756.62,0.54,2.40,303.72,1.09,Fwd,6.12
1748795756.62,0.54,2.40,303.72,1.09,Fwd,6.12
1748795756.72,0.54,2.40,303.72,1.09,Fwd,6.12
1748795756.72,0.35,2.40,303.72,1.09,Fwd,6.12
1748795756.72,0.35,1.71,303.72,1.09,Fwd,6.12
1748795756.73,0.35,1.71,304.84,1.09,Fwd,6.12
1748795756.73,0.35,1.71,304.84,0.88,Fwd,6.12
1748795756.73,0.35,1.71,304.84,0.88,Fwd,6.12
1748795756.73,0.35,1.71,304.84,0.88,Fwd,6.12
1748795756.73,0.35,1.71,304.84,0.88,Fwd,6.12
1748795756.83,0.35,1.71,304.84,0.88,Fwd,6.12
1748795756.83,0.56,1.71,304.84,0.88,Fwd,6.12
1748795756.83,0.56,1.22,304.84,0.88,Fwd,6.12
1748795756.83,0.56,1.22,306.48,0.88,Fwd,6.12
1748795756.83,0.56,1.22,306.48,0.86,Fwd,6.12
1748795756.84,0.56,1.22,306.48,0.86,Fwd,6.12
1748795756.84,0.56,1.22,306.48,0.86,Fwd,6.12
1748795756.84,0.56,1.22,306.48,0.86,Fwd,6.12
1748795756.90,0.56,1.22,306.48,0.86,Fwd,5.84
1748795756.90,1.04,1.22,306.48,0.86,Fwd,5.84
1748795756.90,1.04,-0.75,306.48,0.86,Fwd,5.84
1748795756.90,1.04,-0.75,308.87,0.86,Fwd,5.84
1748795756.90,1.04,-0.75,308.87,1.12,Fwd,5.84
1748795756.90,1.04,-0.75,308.87,1.12,Fwd,5.84
1748795756.91,1.04,-0.75,308.87,1.12,Fwd,5.84
1748795756.91,1.04,-0.75,308.87,1.12,Fwd,5.84
1748795757.00,1.04,-0.75,308.87,1.12,Fwd,5.84
1748795757.00,1.14,-0.75,308.87,1.12,Fwd,5.84
1748795757.00,1.14,-2.44,308.87,1.12,Fwd,5.84
1748795757.00,1.14,-2.44,311.27,1.12,Fwd,5.84
1748795757.03,1.14,-2.44,311.27,0.85,Fwd,5.84
1748795757.03,1.14,-2.44,311.27,0.85,Fwd,5.84
1748795757.03,1.14,-2.44,311.27,0.85,Fwd,5.84
1748795757.04,1.14,-2.44,311.27,0.85,Fwd,5.84
1748795757.11,1.14,-2.44,311.27,0.85,Fwd,5.84
1748795757.11,1.03,-2.44,311.27,0.85,Fwd,5.84
1748795757.11,1.03,-1.34,311.27,0.85,Fwd,5.84
1748795757.11,1.03,-1.34,312.30,0.85,Fwd,5.84
1748795757.11,1.03,-1.34,312.30,1.10,Fwd,5.84
1748795757.11,1.03,-1.34,312.30,1.10,Fwd,5.84
1748795757.11,1.03,-1.34,312.30,1.10,Fwd,5.84
1748795757.12,1.03,-1.34,312.30,1.10,Fwd,5.84
1748795757.21,1.03,-1.34,312.30,1.10,Fwd,5.84
1748795757.21,1.31,-1.34,312.30,1.10,Fwd,5.84
1748795757.21,1.31,-1.18,312.30,1.10,Fwd,5.84
1748795757.21,1.31,-1.18,312.47,1.10,Fwd,5.84
1748795757.21,1.31,-1.18,312.47,1.01,Fwd,5.84
1748795757.22,1.31,-1.18,312.47,1.01,Fwd,5.84
1748795757.22,1.31,-1.18,312.47,1.01,Fwd,5.84
1748795757.22,1.31,-1.18,312.47,1.01,Fwd,5.84
1748795757.32,1.31,-1.18,312.47,1.01,Fwd,5.84
1748795757.32,2.78,-1.18,312.47,1.01,Fwd,5.84
1748795757.32,2.78,1.21,312.47,1.01,Fwd,5.84
1748795757.32,2.78,1.21,312.11,1.01,Fwd,5.84
1748795757.32,2.78,1.21,312.11,0.78,Fwd,5.84
1748795757.33,2.78,1.21,312.11,0.78,Fwd,5.84
1748795757.33,2.78,1.21,312.11,0.78,Fwd,5.84
1748795757.33,2.78,1.21,312.11,0.78,Fwd,5.84
1748795757.42,2.78,1.21,312.11,0.78,Fwd,5.84
1748795757.42,3.43,1.21,312.11,0.78,Fwd,5.84
1748795757.42,3.43,1.12,312.11,0.78,Fwd,5.84
1748795757.42,3.43,1.12,312.39,0.78,Fwd,5.84
1748795757.43,3.43,1.12,312.39,1.11,Fwd,5.84
1748795757.43,3.43,1.12,312.39,1.11,Fwd,5.84
1748795757.46,3.43,1.12,312.39,1.11,Fwd,5.84
1748795757.49,3.43,1.12,312.39,1.11,Fwd,5.84
1748795757.56,3.43,1.12,312.39,1.11,Fwd,5.84
1748795757.56,4.26,1.12,312.39,1.11,Fwd,5.84
1748795757.57,4.26,-1.13,312.39,1.11,Fwd,5.84
1748795757.57,4.26,-1.13,313.39,1.11,Fwd,5.84
1748795757.57,4.26,-1.13,313.39,0.92,Fwd,5.84
1748795757.57,4.26,-1.13,313.39,0.92,Fwd,5.84
1748795757.59,4.26,-1.13,313.39,0.92,Fwd,5.84
1748795757.60,4.26,-1.13,313.39,0.92,Fwd,5.84
1748795757.60,4.26,-1.13,313.39,0.92,Fwd,5.84
1748795757.60,1.01,-1.13,313.39,0.92,Fwd,5.84
1748795757.60,1.01,-3.84,313.39,0.92,Fwd,5.84
1748795757.60,1.01,-3.84,314.71,0.92,Fwd,5.84
1748795757.60,1.01,-3.84,314.71,1.11,Fwd,5.84
1748795757.60,1.01,-3.84,314.71,1.11,Fwd,5.84
1748795757.61,1.01,-3.84,314.71,1.11,Fwd,5.84
1748795757.61,1.01,-3.84,314.71,1.11,Fwd,5.84
1748795757.70,1.01,-3.84,314.71,1.11,Fwd,4.79
1748795757.70,-0.59,-3.84,314.71,1.11,Fwd,4.79
1748795757.70,-0.59,-2.29,314.71,1.11,Fwd,4.79
1748795757.71,-0.59,-2.29,315.99,1.11,Fwd,4.79
1748795757.71,-0.59,-2.29,315.99,0.97,Fwd,4.79
1748795757.71,-0.59,-2.29,315.99,0.97,Fwd,4.79
1748795757.71,-0.59,-2.29,315.99,0.97,Fwd,4.79
1748795757.71,-0.59,-2.29,315.99,0.97,Fwd,4.79
1748795757.80,-0.59,-2.29,315.99,0.97,Fwd,4.79
1748795757.84,-0.69,-2.29,315.99,0.97,Fwd,4.79
1748795757.84,-0.69,-0.21,315.99,0.97,Fwd,4.79
1748795757.84,-0.69,-0.21,315.55,0.97,Fwd,4.79
1748795757.84,-0.69,-0.21,315.55,0.86,Fwd,4.79
1748795757.84,-0.69,-0.21,315.55,0.86,Fwd,4.79
1748795757.84,-0.69,-0.21,315.55,0.86,Fwd,4.79
1748795757.84,-0.69,-0.21,315.55,0.86,Fwd,4.79
1748795757.91,-0.69,-0.21,315.55,0.86,Fwd,4.79
1748795757.91,1.25,-0.21,315.55,0.86,Fwd,4.79
1748795757.91,1.25,1.07,315.55,0.86,Fwd,4.79
1748795757.91,1.25,1.07,315.57,0.86,Fwd,4.79
1748795757.91,1.25,1.07,315.57,0.84,Fwd,4.79
1748795757.91,1.25,1.07,315.57,0.84,Fwd,4.79
1748795757.91,1.25,1.07,315.57,0.84,Fwd,4.79
1748795757.91,1.25,1.07,315.57,0.84,Fwd,4.79
1748795758.01,1.25,1.07,315.57,0.84,Fwd,4.79
1748795758.01,2.74,1.07,315.57,0.84,Fwd,4.79
1748795758.01,2.74,1.16,315.57,0.84,Fwd,4.79
1748795758.01,2.74,1.16,316.47,0.84,Fwd,4.79
1748795758.01,2.74,1.16,316.47,1.20,Fwd,4.79
1748795758.01,2.74,1.16,316.47,1.20,Fwd,4.79
1748795758.05,2.74,1.16,316.47,1.20,Fwd,4.79
1748795758.08,2.74,1.16,316.47,1.20,Fwd,4.79
1748795758.15,2.74,1.16,316.47,1.20,Fwd,4.79
1748795758.15,3.37,1.16,316.47,1.20,Fwd,4.79
1748795758.15,3.37,0.55,316.47,1.20,Fwd,4.79
1748795758.15,3.37,0.55,318.25,1.20,Fwd,4.79
1748795758.16,3.37,0.55,318.25,1.63,Fwd,4.79
1748795758.16,3.37,0.55,318.25,1.63,Fwd,4.79
1748795758.19,3.37,0.55,318.25,1.63,Fwd,4.79
1748795758.19,3.37,0.55,318.25,1.63,Fwd,4.79
1748795758.22,3.37,0.55,318.25,1.63,Fwd,4.79
1748795758.26,11.70,0.55,318.25,1.63,Fwd,4.79
1748795758.29,11.70,2.16,318.25,1.63,Fwd,4.79
1748795758.29,11.70,2.16,319.41,1.63,Fwd,4.79
1748795758.29,11.70,2.16,319.41,-0.12,Fwd,4.79
1748795758.29,11.70,2.16,319.41,-0.12,Fwd,4.79
1748795758.30,11.70,2.16,319.41,-0.12,Fwd,4.79
1748795758.30,11.70,2.16,319.41,-0.12,Fwd,4.79
1748795758.33,11.70,2.16,319.41,-0.12,Fwd,4.79
1748795758.33,20.79,2.16,319.41,-0.12,Fwd,4.79
1748795758.33,20.79,3.53,319.41,-0.12,Fwd,4.79
1748795758.33,20.79,3.53,323.64,-0.12,Fwd,4.79
1748795758.33,20.79,3.53,323.64,1.15,Fwd,4.79
1748795758.33,20.79,3.53,323.64,1.15,Fwd,4.79
1748795758.36,20.79,3.53,323.64,1.15,Fwd,4.79
1748795758.40,20.79,3.53,323.64,1.15,Fwd,4.79
1748795758.47,20.79,3.53,323.64,1.15,Fwd,4.79
1748795758.47,28.48,3.53,323.64,1.15,Fwd,4.79
1748795758.47,28.48,3.36,323.64,1.15,Fwd,4.79
1748795758.50,28.48,3.36,329.83,1.15,Fwd,4.79
1748795758.51,28.48,3.36,329.83,1.53,Fwd,4.79
1748795758.51,28.48,3.36,329.83,1.53,Fwd,4.79
1748795758.51,28.48,3.36,329.83,1.53,Fwd,4.79
1748795758.51,28.48,3.36,329.83,1.53,Fwd,4.79
1748795758.51,28.48,3.36,329.83,1.53,Fwd,4.42
1748795758.54,35.31,3.36,329.83,1.53,Fwd,4.42
1748795758.54,35.31,1.05,329.83,1.53,Fwd,4.42
1748795758.54,35.31,1.05,335.25,1.53,Fwd,4.42
1748795758.54,35.31,1.05,335.25,1.09,Fwd,4.42
1748795758.54,35.31,1.05,335.25,1.09,Fwd,4.42
1748795758.54,35.31,1.05,335.25,1.09,Fwd,4.42
1748795758.57,35.31,1.05,335.25,1.09,Fwd,4.42
1748795758.61,35.31,1.05,335.25,1.09,Fwd,4.42
1748795758.61,40.00,1.05,335.25,1.09,Fwd,4.42
1748795758.61,40.00,0.65,335.25,1.09,Fwd,4.42
1748795758.61,40.00,0.65,339.00,1.09,Fwd,4.42
1748795758.61,40.00,0.65,339.00,0.54,Fwd,4.42
1748795758.61,40.00,0.65,339.00,0.54,Fwd,4.42
1748795758.64,40.00,0.65,339.00,0.54,Fwd,4.42
1748795758.64,40.00,0.65,339.00,0.54,Fwd,4.42
1748795758.71,40.00,0.65,339.00,0.54,Fwd,4.42
1748795758.75,41.28,0.65,339.00,0.54,Fwd,4.42
1748795758.78,41.28,-0.96,339.00,0.54,Fwd,4.42
1748795758.82,41.28,-0.96,343.33,0.54,Fwd,4.42
1748795758.86,41.28,-0.96,343.33,0.60,Fwd,4.42
1748795758.86,41.28,-0.96,343.33,0.60,Fwd,4.42
1748795758.86,41.28,-0.96,343.33,0.60,Fwd,4.42
1748795758.86,41.28,-0.96,343.33,0.60,Fwd,4.42
1748795758.86,41.28,-0.96,343.33,0.60,Fwd,4.42
1748795758.86,39.59,-0.96,343.33,0.60,Fwd,4.42
1748795758.93,39.59,-2.85,343.33,0.60,Fwd,4.42
1748795758.93,39.59,-2.85,348.87,0.60,Fwd,4.42
1748795758.93,39.59,-2.85,348.87,0.89,Fwd,4.42
1748795758.93,39.59,-2.85,348.87,0.89,Fwd,4.42
1748795758.93,39.59,-2.85,348.87,0.89,Fwd,4.42
1748795758.93,39.59,-2.85,348.87,0.89,Fwd,4.42
1748795758.96,39.59,-2.85,348.87,0.89,Fwd,4.42
1748795758.99,36.51,-2.85,348.87,0.89,Fwd,4.42
1748795759.03,36.51,-4.83,348.87,0.89,Fwd,4.42
1748795759.07,36.51,-4.83,354.62,0.89,Fwd,4.42
1748795759.07,36.51,-4.83,354.62,1.07,Fwd,4.42
1748795759.07,36.51,-4.83,354.62,1.07,Fwd,4.42
1748795759.07,36.51,-4.83,354.62,1.07,Fwd,4.42
1748795759.07,36.51,-4.83,354.62,1.07,Fwd,4.42
1748795759.07,36.51,-4.83,354.62,1.07,Fwd,4.42
1748795759.10,32.44,-4.83,354.62,1.07,Fwd,4.42
1748795759.10,32.44,-6.49,354.62,1.07,Fwd,4.42
1748795759.10,32.44,-6.49,0.77,1.07,Fwd,4.42
1748795759.11,32.44,-6.49,0.77,1.10,Fwd,4.42
1748795759.11,32.44,-6.49,0.77,1.10,Fwd,4.42
1748795759.11,32.44,-6.49,0.77,1.10,Fwd,4.42
1748795759.11,32.44,-6.49,0.77,1.10,Fwd,4.42
1748795759.11,32.44,-6.49,0.77,1.10,Fwd,4.42
1748795759.11,27.00,-6.49,0.77,1.10,Fwd,4.42
1748795759.11,27.00,-6.54,0.77,1.10,Fwd,4.42
1748795759.11,27.00,-6.54,6.14,1.10,Fwd,4.42
1748795759.11,27.00,-6.54,6.14,1.04,Fwd,4.42
1748795759.12,27.00,-6.54,6.14,1.04,Fwd,4.42
1748795759.21,27.00,-6.54,6.14,1.04,Fwd,4.42
1748795759.21,22.36,-6.54,6.14,1.04,Fwd,4.42
1748795759.21,22.36,-7.48,6.14,1.04,Fwd,4.42
1748795759.21,22.36,-7.48,7.78,1.04,Fwd,4.42
1748795759.21,22.36,-7.48,7.78,2.32,Fwd,4.42
1748795759.21,22.36,-7.48,7.78,2.32,Fwd,4.42
1748795759.21,22.36,-7.48,7.78,2.32,Fwd,4.42
1748795759.21,22.36,-7.48,7.78,2.32,Fwd,4.42
1748795759.34,22.36,-7.48,7.78,2.32,Fwd,4.42
1748795759.35,20.29,-7.48,7.78,2.32,Fwd,4.42
1748795759.35,20.29,-5.84,7.78,2.32,Fwd,4.42
1748795759.35,20.29,-5.84,8.96,2.32,Fwd,4.42
1748795759.35,20.29,-5.84,8.96,1.33,Fwd,4.42
1748795759.35,20.29,-5.84,8.96,1.33,Fwd,4.42
1748795759.38,20.29,-5.84,8.96,1.33,Fwd,4.42
1748795759.42,20.29,-5.84,8.96,1.33,Fwd,4.42
1748795759.42,20.29,-5.84,8.96,1.33,Fwd,4.42
1748795759.42,20.47,-5.84,8.96,1.33,Fwd,4.42
1748795759.42,20.47,-4.80,8.96,1.33,Fwd,4.42
1748795759.42,20.47,-4.80,9.84,1.33,Fwd,4.42
1748795759.42,20.47,-4.80,9.84,1.15,Fwd,4.42
1748795759.42,20.47,-4.80,9.84,1.15,Fwd,4.42
1748795759.42,20.47,-4.80,9.84,1.15,Fwd,4.42
1748795759.42,20.47,-4.80,9.84,1.15,Fwd,4.42
1748795759.52,20.47,-4.80,9.84,1.15,Fwd,4.42
1748795759.52,19.89,-4.80,9.84,1.15,Fwd,4.42
1748795759.52,19.89,-3.98,9.84,1.15,Fwd,4.42
1748795759.52,19.89,-3.98,11.59,1.15,Fwd,4.42
1748795759.53,19.89,-3.98,11.59,1.05,Fwd,4.42
1748795759.53,19.89,-3.98,11.59,1.05,Fwd,4.42
1748795759.53,19.89,-3.98,11.59,1.05,Fwd,4.42
1748795759.53,19.89,-3.98,11.59,1.05,Fwd,4.42
1748795759.62,19.89,-3.98,11.59,1.05,Fwd,4.42
1748795759.66,16.77,-3.98,11.59,1.05,Fwd,4.42
1748795759.66,16.77,-6.25,11.59,1.05,Fwd,4.42
1748795759.66,16.77,-6.25,16.13,1.05,Fwd,4.42
1748795759.66,16.77,-6.25,16.13,0.43,Fwd,4.42
1748795759.67,16.77,-6.25,16.13,0.43,Fwd,4.42
1748795759.67,16.77,-6.25,16.13,0.43,Fwd,4.42
1748795759.67,16.77,-6.25,16.13,0.43,Fwd,4.42
1748795759.69,16.77,-6.25,16.13,0.43,Fwd,4.42
1748795759.70,17.90,-6.25,16.13,0.43,Fwd,4.42
1748795759.70,17.90,-7.07,16.13,0.43,Fwd,4.42
1748795759.70,17.90,-7.07,18.86,0.43,Fwd,4.42
1748795759.70,17.90,-7.07,18.86,0.11,Fwd,4.42
1748795759.70,17.90,-7.07,18.86,0.11,Fwd,4.42
1748795759.70,17.90,-7.07,18.86,0.11,Fwd,4.42
1748795759.71,17.90,-7.07,18.86,0.11,Fwd,4.42
1748795759.80,17.90,-7.07,18.86,0.11,Fwd,4.42
1748795759.83,17.97,-7.07,18.86,0.11,Fwd,4.42
1748795759.87,17.97,-8.46,18.86,0.11,Fwd,4.42
1748795759.87,17.97,-8.46,19.10,0.11,Fwd,4.42
1748795759.87,17.97,-8.46,19.10,1.14,Fwd,4.42
1748795759.87,17.97,-8.46,19.10,1.14,Fwd,4.42
1748795759.88,17.97,-8.46,19.10,1.14,Fwd,4.42
1748795759.88,17.97,-8.46,19.10,1.14,Fwd,4.42
1748795759.90,17.97,-8.46,19.10,1.14,Fwd,4.42
1748795759.91,17.66,-8.46,19.10,1.14,Fwd,4.42
1748795759.91,17.66,-7.45,19.10,1.14,Fwd,4.42
1748795759.91,17.66,-7.45,19.78,1.14,Fwd,4.42
1748795759.91,17.66,-7.45,19.78,1.02,Fwd,4.42
1748795759.91,17.66,-7.45,19.78,1.02,Fwd,4.42
1748795759.91,17.66,-7.45,19.78,1.02,Fwd,4.42
1748795759.91,17.66,-7.45,19.78,1.02,Fwd,4.42
1748795760.01,17.66,-7.45,19.78,1.02,Fwd,4.42
1748795760.04,17.09,-7.45,19.78,1.02,Fwd,4.42
1748795760.08,17.09,-7.18,19.78,1.02,Fwd,4.42
1748795760.11,17.09,-7.18,20.14,1.02,Fwd,4.42
1748795760.11,17.09,-7.18,20.14,1.10,Fwd,4.42
1748795760.12,17.09,-7.18,20.14,1.10,Fwd,4.42
1748795760.12,17.09,-7.18,20.14,1.10,Fwd,4.42
1748795760.12,17.09,-7.18,20.14,1.10,Fwd,4.42
1748795760.12,17.09,-7.18,20.14,1.10,Fwd,4.42
1748795760.12,17.79,-7.18,20.14,1.10,Fwd,4.42
1748795760.12,17.79,-7.28,20.14,1.10,Fwd,4.42
1748795760.12,17.79,-7.28,19.83,1.10,Fwd,4.42
1748795760.13,17.79,-7.28,19.83,1.12,Fwd,4.42
1748795760.13,17.79,-7.28,19.83,1.12,Fwd,4.42
1748795760.13,17.79,-7.28,19.83,1.12,Fwd,4.42
1748795760.13,17.79,-7.28,19.83,1.12,Fwd,4.42
1748795760.22,17.79,-7.28,19.83,1.12,Fwd,4.42
1748795760.22,13.68,-7.28,19.83,1.12,Fwd,4.42
1748795760.25,13.68,-9.71,19.83,1.12,Fwd,4.42
1748795760.26,13.68,-9.71,16.80,1.12,Fwd,4.42
1748795760.26,13.68,-9.71,16.80,1.23,Fwd,4.42
1748795760.26,13.68,-9.71,16.80,1.23,Fwd,4.42
1748795760.26,13.68,-9.71,16.80,1.23,Fwd,4.42
1748795760.26,13.68,-9.71,16.80,1.23,Fwd,4.42
1748795760.32,13.68,-9.71,16.80,1.23,Fwd,4.42
1748795760.36,1.83,-9.71,16.80,1.23,Fwd,4.42
1748795760.39,1.83,-7.26,16.80,1.23,Fwd,4.42
1748795760.40,1.83,-7.26,12.90,1.23,Fwd,4.42
1748795760.40,1.83,-7.26,12.90,0.82,Fwd,4.42
1748795760.40,1.83,-7.26,12.90,0.82,Fwd,4.42
1748795760.40,1.83,-7.26,12.90,0.82,Fwd,4.42
1748795760.40,1.83,-7.26,12.90,0.82,Fwd,4.42
1748795760.40,1.83,-7.26,12.90,0.82,Fwd,4.42
1748795760.40,-6.59,-7.26,12.90,0.82,Fwd,4.42
1748795760.40,-6.59,-2.05,12.90,0.82,Fwd,4.42
1748795760.40,-6.59,-2.05,2.32,0.82,Fwd,4.42
1748795760.40,-6.59,-2.05,2.32,0.74,Fwd,4.42
1748795760.40,-6.59,-2.05,2.32,0.74,Fwd,4.42
1748795760.40,-6.59,-2.05,2.32,0.74,Fwd,4.42
1748795760.50,-6.59,-2.05,2.32,0.74,Fwd,4.42
1748795760.50,-14.09,-2.05,2.32,0.74,Fwd,4.42
1748795760.50,-14.09,3.07,2.32,0.74,Fwd,4.42
1748795760.50,-14.09,3.07,348.11,0.74,Fwd,4.42
1748795760.50,-14.09,3.07,348.11,0.77,Fwd,4.42
1748795760.50,-14.09,3.07,348.11,0.77,Fwd,4.42
1748795760.50,-14.09,3.07,348.11,0.77,Fwd,4.42
1748795760.50,-14.09,3.07,348.11,0.77,Fwd,4.42
1748795760.61,-14.09,3.07,348.11,0.77,Fwd,4.42
1748795760.61,-16.63,3.07,348.11,0.77,Fwd,4.42
1748795760.61,-16.63,4.62,348.11,0.77,Fwd,4.42
1748795760.61,-16.63,4.62,336.72,0.77,Fwd,4.42
1748795760.61,-16.63,4.62,336.72,0.64,Fwd,4.42
1748795760.61,-16.63,4.62,336.72,0.64,Fwd,4.42
1748795760.61,-16.63,4.62,336.72,0.64,Fwd,4.42
1748795760.61,-16.63,4.62,336.72,0.64,Fwd,4.42
1748795760.71,-16.63,4.62,336.72,0.64,Fwd,4.42
1748795760.71,-15.75,4.62,336.72,0.64,Fwd,4.42
1748795760.71,-15.75,2.57,336.72,0.64,Fwd,4.42
1748795760.71,-15.75,2.57,332.78,0.64,Fwd,4.42
1748795760.71,-15.75,2.57,332.78,0.80,Fwd,4.42
1748795760.71,-15.75,2.57,332.78,0.80,Fwd,4.42
1748795760.71,-15.75,2.57,332.78,0.80,Fwd,4.42
1748795760.71,-15.75,2.57,332.78,0.80,Fwd,4.42
1748795760.81,-15.75,2.57,332.78,0.80,Fwd,4.42
1748795760.85,-12.67,2.57,332.78,0.80,Fwd,4.42
1748795760.88,-12.67,1.36,332.78,0.80,Fwd,4.42
1748795760.88,-12.67,1.36,334.03,0.80,Fwd,4.42
1748795760.88,-12.67,1.36,334.03,0.68,Fwd,4.42
1748795760.88,-12.67,1.36,334.03,0.68,Fwd,4.42
1748795760.88,-12.67,1.36,334.03,0.68,Fwd,4.42
1748795760.88,-12.67,1.36,334.03,0.68,Fwd,4.42
1748795760.92,-12.67,1.36,334.03,0.68,Fwd,4.42
1748795760.92,-14.05,1.36,334.03,0.68,Fwd,4.42
1748795760.92,-14.05,2.16,334.03,0.68,Fwd,4.42
1748795760.92,-14.05,2.16,335.54,0.68,Fwd,4.42
1748795760.92,-14.05,2.16,335.54,1.04,Fwd,4.42
1748795760.92,-14.05,2.16,335.54,1.04,Fwd,4.42
1748795760.92,-14.05,2.16,335.54,1.04,Fwd,4.42
1748795760.92,-14.05,2.16,335.54,1.04,Fwd,4.42
1748795761.02,-14.05,2.16,335.54,1.04,Fwd,4.42
1748795761.06,-17.46,2.16,335.54,1.04,Fwd,4.42
1748795761.06,-17.46,2.10,335.54,1.04,Fwd,4.42
1748795761.06,-17.46,2.10,338.91,1.04,Fwd,4.42
1748795761.06,-17.46,2.10,338.91,1.01,Fwd,4.42
1748795761.06,-17.46,2.10,338.91,1.01,Fwd,4.42
1748795761.06,-17.46,2.10,338.91,1.01,Fwd,4.42
1748795761.06,-17.46,2.10,338.91,1.01,Fwd,4.42
1748795761.09,-17.46,2.10,338.91,1.01,Fwd,4.42
1748795761.09,-14.02,2.10,338.91,1.01,Fwd,4.42
1748795761.09,-14.02,0.06,338.91,1.01,Fwd,4.42
1748795761.09,-14.02,0.06,347.30,1.01,Fwd,4.42
1748795761.10,-14.02,0.06,347.30,0.24,Fwd,4.42
1748795761.10,-14.02,0.06,347.30,0.24,Fwd,4.42
1748795761.10,-14.02,0.06,347.30,0.24,Fwd,4.42
1748795761.10,-14.02,0.06,347.30,0.24,Fwd,4.42
1748795761.20,-14.02,0.06,347.30,0.24,Fwd,4.42
1748795761.23,-4.81,0.06,347.30,0.24,Fwd,4.42
1748795761.23,-4.81,-2.31,347.30,0.24,Fwd,4.42
1748795761.23,-4.81,-2.31,355.73,0.24,Fwd,4.42
1748795761.23,-4.81,-2.31,355.73,0.13,Fwd,4.42
1748795761.24,-4.81,-2.31,355.73,0.13,Fwd,4.42
1748795761.24,-4.81,-2.31,355.73,0.13,Fwd,4.42
1748795761.24,-4.81,-2.31,355.73,0.13,Fwd,4.42
1748795761.30,-4.81,-2.31,355.73,0.13,Fwd,4.42
1748795761.30,-4.16,-2.31,355.73,0.13,Fwd,4.42
1748795761.30,-4.16,-0.43,355.73,0.13,Fwd,4.42
1748795761.31,-4.16,-0.43,357.66,0.13,Fwd,4.42
1748795761.31,-4.16,-0.43,357.66,1.68,Fwd,4.42
1748795761.31,-4.16,-0.43,357.66,1.68,Fwd,4.42
1748795761.34,-4.16,-0.43,357.66,1.68,Fwd,4.42
1748795761.34,-4.16,-0.43,357.66,1.68,Fwd,4.42
1748795761.34,-4.16,-0.43,357.66,1.68,Fwd,4.42
1748795761.41,-4.16,-0.43,357.66,1.68,Fwd,4.42
1748795761.41,-4.96,-0.43,357.66,1.68,Fwd,4.42
1748795761.41,-4.96,-3.26,357.66,1.68,Fwd,4.42
1748795761.41,-4.96,-3.26,1.43,1.68,Fwd,4.42
1748795761.41,-4.96,-3.26,1.43,0.91,Fwd,4.42
1748795761.41,-4.96,-3.26,1.43,0.91,Fwd,4.42
1748795761.41,-4.96,-3.26,1.43,0.91,Fwd,4.42
1748795761.41,-4.96,-3.26,1.43,0.91,Fwd,4.42
1748795761.51,-4.96,-3.26,1.43,0.91,Fwd,0.00
1748795761.51,-2.30,-3.26,1.43,0.91,Fwd,0.00
1748795761.51,-2.30,-2.66,1.43,0.91,Fwd,0.00
1748795761.52,-2.30,-2.66,2.82,0.91,Fwd,0.00
1748795761.52,-2.30,-2.66,2.82,0.44,Fwd,0.00
1748795761.52,-2.30,-2.66,2.82,0.44,Fwd,0.00
1748795761.52,-2.30,-2.66,2.82,0.44,Fwd,0.00
1748795761.52,-2.30,-2.66,2.82,0.44,Fwd,0.00
1748795761.62,-2.30,-2.66,2.82,0.44,Fwd,0.00
1748795761.62,9.16,-2.66,2.82,0.44,Fwd,0.00
1748795761.63,9.16,-2.95,2.82,0.44,Fwd,0.00
1748795761.63,9.16,-2.95,5.53,0.44,Fwd,0.00
1748795761.63,9.16,-2.95,5.53,1.91,Fwd,0.00
1748795761.63,9.16,-2.95,5.53,1.91,Fwd,0.00
1748795761.63,9.16,-2.95,5.53,1.91,Fwd,0.00
1748795761.63,9.16,-2.95,5.53,1.91,Fwd,0.00
1748795761.72,9.16,-2.95,5.53,1.91,Fwd,0.00
1748795761.76,7.04,-2.95,5.53,1.91,Fwd,0.00
1748795761.76,7.04,-2.47,5.53,1.91,Fwd,0.00
1748795761.76,7.04,-2.47,5.97,1.91,Fwd,0.00
1748795761.77,7.04,-2.47,5.97,1.48,Fwd,0.00
1748795761.77,7.04,-2.47,5.97,1.48,Fwd,0.00
1748795761.77,7.04,-2.47,5.97,1.48,Fwd,0.00
1748795761.77,7.04,-2.47,5.97,1.48,Fwd,0.00
1748795761.80,7.04,-2.47,5.97,1.48,Fwd,16.31
1748795761.80,4.67,-2.47,5.97,1.48,Fwd,16.31
1748795761.80,4.67,-1.44,5.97,1.48,Fwd,16.31
1748795761.80,4.67,-1.44,5.87,1.48,Fwd,16.31
1748795761.80,4.67,-1.44,5.87,0.99,Fwd,16.31
1748795761.80,4.67,-1.44,5.87,0.99,Fwd,16.31
1748795761.80,4.67,-1.44,5.87,0.99,Fwd,16.31
1748795761.80,4.67,-1.44,5.87,0.99,Fwd,16.31
1748795761.91,4.67,-1.44,5.87,0.99,Fwd,16.31
1748795761.91,5.52,-1.44,5.87,0.99,Fwd,16.31
1748795761.91,5.52,0.64,5.87,0.99,Fwd,16.31
1748795761.94,5.52,0.64,4.41,0.99,Fwd,16.31
1748795761.97,5.52,0.64,4.41,1.01,Fwd,16.31
1748795762.01,5.52,0.64,4.41,1.01,Fwd,16.31
1748795762.01,5.52,0.64,4.41,1.01,Fwd,16.31
1748795762.04,5.52,0.64,4.41,1.01,Fwd,16.31
1748795762.04,5.52,0.64,4.41,1.01,Fwd,16.31
1748795762.05,6.07,0.64,4.41,1.01,Fwd,16.31
1748795762.05,6.07,0.46,4.41,1.01,Fwd,16.31
1748795762.05,6.07,0.46,2.59,1.01,Fwd,16.31
1748795762.05,6.07,0.46,2.59,0.91,Fwd,16.31
1748795762.05,6.07,0.46,2.59,0.91,Fwd,16.31
1748795762.05,6.07,0.46,2.59,0.91,Fwd,16.31
1748795762.06,6.07,0.46,2.59,0.91,Fwd,16.31
1748795762.11,6.07,0.46,2.59,0.91,Fwd,16.31
1748795762.11,10.27,0.46,2.59,0.91,Fwd,16.31
1748795762.11,10.27,-0.97,2.59,0.91,Fwd,16.31
1748795762.11,10.27,-0.97,2.09,0.91,Fwd,16.31
1748795762.11,10.27,-0.97,2.09,0.99,Fwd,16.31
1748795762.11,10.27,-0.97,2.09,0.99,Fwd,16.31
1748795762.11,10.27,-0.97,2.09,0.99,Fwd,16.31
1748795762.11,10.27,-0.97,2.09,0.99,Fwd,16.31
1748795762.21,10.27,-0.97,2.09,0.99,Fwd,16.31
1748795762.25,9.81,-0.97,2.09,0.99,Fwd,16.31
1748795762.28,9.81,-1.08,2.09,0.99,Fwd,16.31
1748795762.32,9.81,-1.08,2.56,0.99,Fwd,16.31
1748795762.32,9.81,-1.08,2.56,1.02,Fwd,16.31
1748795762.32,9.81,-1.08,2.56,1.02,Fwd,16.31
1748795762.32,9.81,-1.08,2.56,1.02,Fwd,16.31
1748795762.32,9.81,-1.08,2.56,1.02,Fwd,16.31
1748795762.33,9.81,-1.08,2.56,1.02,Fwd,16.31
1748795762.33,9.88,-1.08,2.56,1.02,Fwd,16.31
1748795762.33,9.88,-2.14,2.56,1.02,Fwd,16.31
1748795762.33,9.88,-2.14,2.98,1.02,Fwd,16.31
1748795762.33,9.88,-2.14,2.98,0.94,Fwd,16.31
1748795762.33,9.88,-2.14,2.98,0.94,Fwd,16.31
1748795762.33,9.88,-2.14,2.98,0.94,Fwd,16.31
1748795762.33,9.88,-2.14,2.98,0.94,Fwd,16.31
1748795762.42,9.88,-2.14,2.98,0.94,Fwd,16.31
1748795762.43,9.66,-2.14,2.98,0.94,Fwd,16.31
1748795762.43,9.66,-2.94,2.98,0.94,Fwd,16.31
1748795762.43,9.66,-2.94,3.40,0.94,Fwd,16.31
1748795762.43,9.66,-2.94,3.40,1.09,Fwd,16.31
1748795762.43,9.66,-2.94,3.40,1.09,Fwd,16.31
1748795762.43,9.66,-2.94,3.40,1.09,Fwd,16.31
1748795762.43,9.66,-2.94,3.40,1.09,Fwd,16.31
1748795762.49,9.66,-2.94,3.40,1.09,Fwd,16.31
1748795762.49,10.95,-2.94,3.40,1.09,Fwd,16.31
1748795762.49,10.95,-6.48,3.40,1.09,Fwd,16.31
1748795762.49,10.95,-6.48,3.01,1.09,Fwd,16.31
1748795762.49,10.95,-6.48,3.01,1.61,Fwd,16.31
1748795762.49,10.95,-6.48,3.01,1.61,Fwd,16.31
1748795762.50,10.95,-6.48,3.01,1.61,Fwd,16.31
1748795762.50,10.95,-6.48,3.01,1.61,Fwd,16.31
1748795762.60,10.95,-6.48,3.01,1.61,Fwd,16.31
1748795762.60,2.44,-6.48,3.01,1.61,Fwd,16.31
1748795762.60,2.44,-9.51,3.01,1.61,Fwd,16.31
1748795762.60,2.44,-9.51,2.46,1.61,Fwd,16.31
1748795762.61,2.44,-9.51,2.46,1.35,Fwd,16.31
1748795762.61,2.44,-9.51,2.46,1.35,Fwd,16.31
1748795762.61,2.44,-9.51,2.46,1.35,Fwd,16.31
1748795762.61,2.44,-9.51,2.46,1.35,Fwd,16.31
1748795762.70,2.44,-9.51,2.46,1.35,Fwd,16.31
1748795762.71,-6.22,-9.51,2.46,1.35,Fwd,16.31
1748795762.71,-6.22,-5.22,2.46,1.35,Fwd,16.31
1748795762.71,-6.22,-5.22,355.20,1.35,Fwd,16.31
1748795762.72,-6.22,-5.22,355.20,0.56,Fwd,16.31
1748795762.72,-6.22,-5.22,355.20,0.56,Fwd,16.31
1748795762.72,-6.22,-5.22,355.20,0.56,Fwd,16.31
1748795762.72,-6.22,-5.22,355.20,0.56,Fwd,16.31
1748795762.81,-6.22,-5.22,355.20,0.56,Fwd,16.31
1748795762.84,-13.73,-5.22,355.20,0.56,Fwd,16.31
1748795762.88,-13.73,2.07,355.20,0.56,Fwd,16.31
1748795762.88,-13.73,2.07,343.52,0.56,Fwd,16.31
1748795762.88,-13.73,2.07,343.52,0.59,Fwd,16.31
1748795762.88,-13.73,2.07,343.52,0.59,Fwd,16.31
1748795762.88,-13.73,2.07,343.52,0.59,Fwd,16.31
1748795762.88,-13.73,2.07,343.52,0.59,Fwd,16.31
1748795762.91,-13.73,2.07,343.52,0.59,Fwd,16.31
1748795762.91,-17.34,2.07,343.52,0.59,Fwd,16.31
1748795762.91,-17.34,3.61,343.52,0.59,Fwd,16.31
1748795762.92,-17.34,3.61,336.01,0.59,Fwd,16.31
1748795762.92,-17.34,3.61,336.01,0.56,Fwd,16.31
1748795762.92,-17.34,3.61,336.01,0.56,Fwd,16.31
1748795762.92,-17.34,3.61,336.01,0.56,Fwd,16.31
1748795762.92,-17.34,3.61,336.01,0.56,Fwd,16.31
1748795763.02,-17.34,3.61,336.01,0.56,Fwd,16.31
1748795763.02,-15.31,3.61,336.01,0.56,Fwd,16.31
1748795763.02,-15.31,1.47,336.01,0.56,Fwd,16.31
1748795763.05,-15.31,1.47,334.34,0.56,Fwd,16.31
1748795763.06,-15.31,1.47,334.34,0.42,Fwd,16.31
1748795763.06,-15.31,1.47,334.34,0.42,Fwd,16.31
1748795763.06,-15.31,1.47,334.34,0.42,Fwd,16.31
1748795763.06,-15.31,1.47,334.34,0.42,Fwd,16.31