1748796053.45,0.46,-2.33,290.01,1.03,Fwd,5.88
1748796053.45,0.73,-2.33,290.01,1.03,Fwd,5.88
1748796053.45,0.73,-2.70,290.01,1.03,Fwd,5.88
1748796053.45,0.73,-2.70,292.81,1.03,Fwd,5.88
1748796053.45,0.73,-2.70,292.81,1.00,Fwd,5.88
1748796053.45,0.73,-2.70,292.81,1.00,Fwd,5.88
1748796053.45,0.73,-2.70,292.81,1.00,Fwd,5.88
1748796053.45,0.73,-2.70,292.81,1.00,Fwd,5.88
1748796053.52,0.73,-2.70,292.81,1.00,Fwd,5.88
1748796053.52,0.92,-2.70,292.81,1.00,Fwd,5.88
1748796053.52,0.92,-2.23,292.81,1.00,Fwd,5.88
1748796053.52,0.92,-2.23,294.87,1.00,Fwd,5.88
1748796053.52,0.92,-2.23,294.87,0.96,Fwd,5.88
1748796053.52,0.92,-2.23,294.87,0.96,Fwd,5.88
1748796053.52,0.92,-2.23,294.87,0.96,Fwd,5.88
1748796053.52,0.92,-2.23,294.87,0.96,Fwd,5.88
1748796053.59,0.92,-2.23,294.87,0.96,Fwd,5.88
1748796053.62,1.19,-2.23,294.87,0.96,Fwd,5.88
1748796053.66,1.19,-2.01,294.87,0.96,Fwd,5.88
1748796053.66,1.19,-2.01,296.31,0.96,Fwd,5.88
1748796053.66,1.19,-2.01,296.31,0.96,Fwd,5.88
1748796053.67,1.19,-2.01,296.31,0.96,Fwd,5.88
1748796053.67,1.19,-2.01,296.31,0.96,Fwd,5.88
1748796053.67,1.19,-2.01,296.31,0.96,Fwd,5.88
1748796053.69,1.19,-2.01,296.31,0.96,Fwd,5.88
1748796053.69,1.30,-2.01,296.31,0.96,Fwd,5.88
1748796053.69,1.30,-1.59,296.31,0.96,Fwd,5.88
1748796053.70,1.30,-1.59,297.50,0.96,Fwd,5.88
1748796053.70,1.30,-1.59,297.50,0.94,Fwd,5.88
1748796053.70,1.30,-1.59,297.50,0.94,Fwd,5.88
1748796053.70,1.30,-1.59,297.50,0.94,Fwd,5.88
1748796053.70,1.30,-1.59,297.50,0.94,Fwd,5.88
1748796053.87,1.30,-1.59,297.50,0.94,Fwd,5.88
1748796053.94,1.35,-1.59,297.50,0.94,Fwd,5.88
1748796053.94,1.35,-1.38,297.50,0.94,Fwd,5.88
1748796053.95,1.35,-1.38,298.52,0.94,Fwd,5.88
1748796053.95,1.35,-1.38,298.52,0.96,Fwd,5.88
1748796053.95,1.35,-1.38,298.52,0.96,Fwd,5.88
1748796053.95,1.35,-1.38,298.52,0.96,Fwd,5.88
1748796053.97,1.35,-1.38,298.52,0.96,Fwd,5.88
1748796054.01,1.35,-1.38,298.52,0.96,Fwd,5.12
1748796054.09,1.36,-1.38,298.52,0.96,Fwd,5.12
1748796054.15,1.36,-0.91,298.52,0.96,Fwd,5.12
1748796054.18,1.36,-0.91,299.29,0.96,Fwd,5.12
1748796054.19,1.36,-0.91,299.29,1.03,Fwd,5.12
1748796054.19,1.36,-0.91,299.29,1.03,Fwd,5.12
1748796054.19,1.36,-0.91,299.29,1.03,Fwd,5.12
1748796054.19,1.36,-0.91,299.29,1.03,Fwd,5.12
1748796054.19,1.36,-0.91,299.29,1.03,Fwd,5.12
1748796054.22,1.55,-0.91,299.29,1.03,Fwd,5.12
1748796054.25,1.55,-0.35,299.29,1.03,Fwd,5.12
1748796054.29,1.55,-0.35,299.70,1.03,Fwd,5.12
1748796054.32,1.55,-0.35,299.70,0.99,Fwd,5.12
1748796054.36,1.55,-0.35,299.70,0.99,Fwd,5.12
1748796054.39,1.55,-0.35,299.70,0.99,Fwd,5.12
1748796054.43,1.55,-0.35,299.70,0.99,Fwd,5.12
1748796054.43,1.55,-0.35,299.70,0.99,Fwd,5.12
1748796054.43,1.44,-0.35,299.70,0.99,Fwd,5.12
1748796054.43,1.44,0.17,299.70,0.99,Fwd,5.12
1748796054.43,1.44,0.17,300.14,0.99,Fwd,5.12
1748796054.43,1.44,0.17,300.14,1.00,Fwd,5.12
1748796054.46,1.44,0.17,300.14,1.00,Fwd,5.12
1748796054.46,1.44,0.17,300.14,1.00,Fwd,5.12
1748796054.47,1.44,0.17,300.14,1.00,Fwd,5.12
1748796054.47,1.44,0.17,300.14,1.00,Fwd,5.12
1748796054.47,1.04,0.17,300.14,1.00,Fwd,5.12
1748796054.47,1.04,-0.21,300.14,1.00,Fwd,5.12
1748796054.50,1.04,-0.21,301.03,1.00,Fwd,5.12
1748796054.57,1.04,-0.21,301.03,0.96,Fwd,5.12
1748796054.57,1.04,-0.21,301.03,0.96,Fwd,5.12
1748796054.57,1.04,-0.21,301.03,0.96,Fwd,5.12
1748796054.57,1.04,-0.21,301.03,0.96,Fwd,5.12
1748796054.58,1.04,-0.21,301.03,0.96,Fwd,5.12
1748796054.58,0.49,-0.21,301.03,0.96,Fwd,5.12
1748796054.60,0.49,-0.91,301.03,0.96,Fwd,5.12
1748796054.64,0.49,-0.91,302.55,0.96,Fwd,5.12
1748796054.71,0.49,-0.91,302.55,0.99,Fwd,5.12
1748796054.74,0.49,-0.91,302.55,0.99,Fwd,5.12
1748796054.78,0.49,-0.91,302.55,0.99,Fwd,5.12
1748796054.82,0.49,-0.91,302.55,0.99,Fwd,5.12
1748796054.82,0.49,-0.91,302.55,0.99,Fwd,5.12
1748796054.82,4.59,-0.91,302.55,0.99,Fwd,5.12
1748796054.82,4.59,-3.78,302.55,0.99,Fwd,5.12
1748796054.82,4.59,-3.78,308.53,0.99,Fwd,5.12
1748796054.82,4.59,-3.78,308.53,0.80,Fwd,5.12
1748796054.83,4.59,-3.78,308.53,0.80,Fwd,5.12
1748796054.83,4.59,-3.78,308.53,0.80,Fwd,5.12
1748796054.83,4.59,-3.78,308.53,0.80,Fwd,5.12
1748796054.83,4.59,-3.78,308.53,0.80,Fwd,5.12
1748796054.85,4.59,-3.78,308.53,0.80,Fwd,5.12
1748796054.85,4.59,-3.78,308.53,0.80,Fwd,5.12
1748796054.85,4.59,-3.78,308.53,0.80,Fwd,5.12
1748796054.85,5.16,-3.78,308.53,0.80,Fwd,5.12
1748796054.86,5.16,-2.81,308.53,0.80,Fwd,5.12
1748796054.86,5.16,-2.81,309.11,0.80,Fwd,5.12
1748796054.86,5.16,-2.81,309.11,0.98,Fwd,5.12
1748796054.86,5.16,-2.81,309.11,0.98,Fwd,5.12
1748796054.95,5.16,-2.81,309.11,0.98,Fwd,3.93
1748796054.95,2.22,-2.81,309.11,0.98,Fwd,3.93
1748796054.96,2.22,-0.81,309.11,0.98,Fwd,3.93
1748796054.96,2.22,-0.81,308.56,0.98,Fwd,3.93
1748796054.96,2.22,-0.81,308.56,0.98,Fwd,3.93
1748796054.96,2.22,-0.81,308.56,0.98,Fwd,3.93
1748796054.96,2.22,-0.81,308.56,0.98,Fwd,3.93
1748796054.96,2.22,-0.81,308.56,0.98,Fwd,3.93
1748796054.99,2.22,-0.81,308.56,0.98,Fwd,3.93
1748796054.99,1.48,-0.81,308.56,0.98,Fwd,3.93
1748796054.99,1.48,0.54,308.56,0.98,Fwd,3.93
1748796054.99,1.48,0.54,307.11,0.98,Fwd,3.93
1748796055.02,1.48,0.54,307.11,1.03,Fwd,3.93
1748796055.02,1.48,0.54,307.11,1.03,Fwd,3.93
1748796055.02,1.48,0.54,307.11,1.03,Fwd,3.93
1748796055.02,1.48,0.54,307.11,1.03,Fwd,3.93
1748796055.09,1.48,0.54,307.11,1.03,Fwd,3.93
1748796055.09,2.15,0.54,307.11,1.03,Fwd,3.93
1748796055.09,2.15,1.60,307.11,1.03,Fwd,3.93
1748796055.09,2.15,1.60,305.83,1.03,Fwd,3.93
1748796055.09,2.15,1.60,305.83,0.99,Fwd,3.93
1748796055.09,2.15,1.60,305.83,0.99,Fwd,3.93
1748796055.10,2.15,1.60,305.83,0.99,Fwd,3.93
1748796055.10,2.15,1.60,305.83,0.99,Fwd,3.93
1748796055.20,2.15,1.60,305.83,0.99,Fwd,3.93
1748796055.20,2.84,1.60,305.83,0.99,Fwd,3.93
1748796055.20,2.84,1.53,305.83,0.99,Fwd,3.93
1748796055.20,2.84,1.53,305.69,0.99,Fwd,3.93
1748796055.20,2.84,1.53,305.69,1.00,Fwd,3.93
1748796055.20,2.84,1.53,305.69,1.00,Fwd,3.93
1748796055.20,2.84,1.53,305.69,1.00,Fwd,3.93
1748796055.20,2.84,1.53,305.69,1.00,Fwd,3.93
1748796055.30,2.84,1.53,305.69,1.00,Fwd,3.93
1748796055.30,3.40,1.53,305.69,1.00,Fwd,3.93
1748796055.31,3.40,1.44,305.69,1.00,Fwd,3.93
1748796055.31,3.40,1.44,306.48,1.00,Fwd,3.93
1748796055.31,3.40,1.44,306.48,0.94,Fwd,3.93
1748796055.31,3.40,1.44,306.48,0.94,Fwd,3.93
1748796055.31,3.40,1.44,306.48,0.94,Fwd,3.93
1748796055.31,3.40,1.44,306.48,0.94,Fwd,3.93
1748796055.41,3.40,1.44,306.48,0.94,Fwd,3.93
1748796055.41,4.15,1.44,306.48,0.94,Fwd,3.93
1748796055.41,4.15,1.42,306.48,0.94,Fwd,3.93
1748796055.41,4.15,1.42,307.81,0.94,Fwd,3.93
1748796055.41,4.15,1.42,307.81,0.98,Fwd,3.93
1748796055.41,4.15,1.42,307.81,0.98,Fwd,3.93
1748796055.42,4.15,1.42,307.81,0.98,Fwd,3.93
1748796055.42,4.15,1.42,307.81,0.98,Fwd,3.93
1748796055.51,4.15,1.42,307.81,0.98,Fwd,3.93
1748796055.51,4.58,1.42,307.81,0.98,Fwd,3.93
1748796055.51,4.58,0.83,307.81,0.98,Fwd,3.93
1748796055.52,4.58,0.83,309.10,0.98,Fwd,3.93
1748796055.52,4.58,0.83,309.10,0.96,Fwd,3.93
1748796055.52,4.58,0.83,309.10,0.96,Fwd,3.93
1748796055.55,4.58,0.83,309.10,0.96,Fwd,3.93
1748796055.55,4.58,0.83,309.10,0.96,Fwd,3.93
1748796055.62,4.58,0.83,309.10,0.96,Fwd,3.93
1748796055.62,2.79,0.83,309.10,0.96,Fwd,3.93
1748796055.62,2.79,-0.88,309.10,0.96,Fwd,3.93
1748796055.62,2.79,-0.88,310.77,0.96,Fwd,3.93
1748796055.62,2.79,-0.88,310.77,0.96,Fwd,3.93
1748796055.62,2.79,-0.88,310.77,0.96,Fwd,3.93
1748796055.62,2.79,-0.88,310.77,0.96,Fwd,3.93
1748796055.62,2.79,-0.88,310.77,0.96,Fwd,3.93
1748796055.69,2.79,-0.88,310.77,0.96,Fwd,3.93
1748796055.69,1.04,-0.88,310.77,0.96,Fwd,3.93
1748796055.69,1.04,-2.49,310.77,0.96,Fwd,3.93
1748796055.69,1.04,-2.49,313.63,0.96,Fwd,3.93
1748796055.69,1.04,-2.49,313.63,0.98,Fwd,3.93
1748796055.72,1.04,-2.49,313.63,0.98,Fwd,3.93
1748796055.72,1.04,-2.49,313.63,0.98,Fwd,3.93
1748796055.72,1.04,-2.49,313.63,0.98,Fwd,3.93
1748796055.79,1.04,-2.49,313.63,0.98,Fwd,3.93
1748796055.83,-0.21,-2.49,313.63,0.98,Fwd,3.93
1748796055.83,-0.21,-4.02,313.63,0.98,Fwd,3.93
1748796055.83,-0.21,-4.02,316.94,0.98,Fwd,3.93
1748796055.83,-0.21,-4.02,316.94,0.97,Fwd,3.93
1748796055.83,-0.21,-4.02,316.94,0.97,Fwd,3.93
1748796055.90,-0.21,-4.02,316.94,0.97,Fwd,3.93
1748796055.90,-0.21,-4.02,316.94,0.97,Fwd,3.93
1748796055.90,-0.21,-4.02,316.94,0.97,Fwd,3.93
1748796055.90,-1.63,-4.02,316.94,0.97,Fwd,3.93
1748796055.90,-1.63,-3.99,316.94,0.97,Fwd,3.93
1748796055.90,-1.63,-3.99,319.53,0.97,Fwd,3.93
1748796055.90,-1.63,-3.99,319.53,0.97,Fwd,3.93
1748796055.90,-1.63,-3.99,319.53,0.97,Fwd,3.93
1748796055.90,-1.63,-3.99,319.53,0.97,Fwd,3.93
1748796055.90,-1.63,-3.99,319.53,0.97,Fwd,3.93
1748796056.00,-1.63,-3.99,319.53,0.97,Fwd,3.93
1748796056.00,-3.12,-3.99,319.53,0.97,Fwd,3.93
1748796056.00,-3.12,-3.65,319.53,0.97,Fwd,3.93
1748796056.01,-3.12,-3.65,321.59,0.97,Fwd,3.93
1748796056.01,-3.12,-3.65,321.59,1.02,Fwd,3.93
1748796056.01,-3.12,-3.65,321.59,1.02,Fwd,3.93
1748796056.01,-3.12,-3.65,321.59,1.02,Fwd,3.93
1748796056.01,-3.12,-3.65,321.59,1.02,Fwd,3.93
1748796056.11,-3.12,-3.65,321.59,1.02,Fwd,3.06
1748796056.11,-2.00,-3.65,321.59,1.02,Fwd,3.06
1748796056.11,-2.00,-2.46,321.59,1.02,Fwd,3.06
1748796056.11,-2.00,-2.46,323.52,1.02,Fwd,3.06
1748796056.11,-2.00,-2.46,323.52,1.08,Fwd,3.06
1748796056.11,-2.00,-2.46,323.52,1.08,Fwd,3.06
1748796056.11,-2.00,-2.46,323.52,1.08,Fwd,3.06
1748796056.11,-2.00,-2.46,323.52,1.08,Fwd,3.06
1748796056.22,-2.00,-2.46,323.52,1.08,Fwd,3.06
1748796056.25,-1.86,-2.46,323.52,1.08,Fwd,3.06
1748796056.29,-1.86,-1.88,323.52,1.08,Fwd,3.06
1748796056.29,-1.86,-1.88,325.05,1.08,Fwd,3.06
1748796056.29,-1.86,-1.88,325.05,0.87,Fwd,3.06
1748796056.29,-1.86,-1.88,325.05,0.87,Fwd,3.06
1748796056.29,-1.86,-1.88,325.05,0.87,Fwd,3.06
1748796056.29,-1.86,-1.88,325.05,0.87,Fwd,3.06
1748796056.32,-1.86,-1.88,325.05,0.87,Fwd,3.06
1748796056.32,-0.95,-1.88,325.05,0.87,Fwd,3.06
1748796056.32,-0.95,-1.32,325.05,0.87,Fwd,3.06
1748796056.33,-0.95,-1.32,326.33,0.87,Fwd,3.06
1748796056.33,-0.95,-1.32,326.33,1.08,Fwd,3.06
1748796056.33,-0.95,-1.32,326.33,1.08,Fwd,3.06
1748796056.33,-0.95,-1.32,326.33,1.08,Fwd,3.06
1748796056.33,-0.95,-1.32,326.33,1.08,Fwd,3.06
1748796056.39,-0.95,-1.32,326.33,1.08,Fwd,3.06
1748796056.39,-0.32,-1.32,326.33,1.08,Fwd,3.06
1748796056.40,-0.32,-0.71,326.33,1.08,Fwd,3.06
1748796056.40,-0.32,-0.71,327.25,1.08,Fwd,3.06
1748796056.40,-0.32,-0.71,327.25,0.98,Fwd,3.06
1748796056.42,-0.32,-0.71,327.25,0.98,Fwd,3.06
1748796056.43,-0.32,-0.71,327.25,0.98,Fwd,3.06
1748796056.43,-0.32,-0.71,327.25,0.98,Fwd,3.06
1748796056.49,-0.32,-0.71,327.25,0.98,Fwd,3.06
1748796056.50,0.16,-0.71,327.25,0.98,Fwd,3.06
1748796056.50,0.16,-0.16,327.25,0.98,Fwd,3.06
1748796056.50,0.16,-0.16,327.79,0.98,Fwd,3.06
1748796056.53,0.16,-0.16,327.79,1.03,Fwd,3.06
1748796056.53,0.16,-0.16,327.79,1.03,Fwd,3.06
1748796056.54,0.16,-0.16,327.79,1.03,Fwd,3.06
1748796056.54,0.16,-0.16,327.79,1.03,Fwd,3.06
1748796056.60,0.16,-0.16,327.79,1.03,Fwd,3.06
1748796056.63,0.34,-0.16,327.79,1.03,Fwd,3.06
1748796056.74,0.34,0.25,327.79,1.03,Fwd,3.06
1748796056.78,0.34,0.25,328.47,1.03,Fwd,3.06
1748796056.78,0.34,0.25,328.47,0.97,Fwd,3.06
1748796056.78,0.34,0.25,328.47,0.97,Fwd,3.06
1748796056.78,0.34,0.25,328.47,0.97,Fwd,3.06
1748796056.78,0.34,0.25,328.47,0.97,Fwd,3.06
1748796056.78,0.34,0.25,328.47,0.97,Fwd,5.66
1748796056.78,0.25,0.25,328.47,0.97,Fwd,5.66
1748796056.81,0.25,0.08,328.47,0.97,Fwd,5.66
1748796056.81,0.25,0.08,329.67,0.97,Fwd,5.66
1748796056.81,0.25,0.08,329.67,1.03,Fwd,5.66
1748796056.81,0.25,0.08,329.67,1.03,Fwd,5.66
1748796056.81,0.25,0.08,329.67,1.03,Fwd,5.66
1748796056.81,0.25,0.08,329.67,1.03,Fwd,5.66
1748796056.82,0.25,0.08,329.67,1.03,Fwd,5.66
1748796056.82,0.12,0.08,329.67,1.03,Fwd,5.66
1748796056.82,0.12,-0.39,329.67,1.03,Fwd,5.66
1748796056.82,0.12,-0.39,331.27,1.03,Fwd,5.66
1748796056.84,0.12,-0.39,331.27,0.92,Fwd,5.66
1748796056.91,0.12,-0.39,331.27,0.92,Fwd,5.66
1748796056.95,0.12,-0.39,331.27,0.92,Fwd,5.66
1748796057.02,0.12,-0.39,331.27,0.92,Fwd,5.66
1748796057.02,0.12,-0.39,331.27,0.92,Fwd,5.66
1748796057.03,1.56,-0.39,331.27,0.92,Fwd,5.66
1748796057.03,1.56,-1.34,331.27,0.92,Fwd,5.66
1748796057.03,1.56,-1.34,333.86,0.92,Fwd,5.66
1748796057.03,1.56,-1.34,333.86,0.96,Fwd,5.66
1748796057.03,1.56,-1.34,333.86,0.96,Fwd,5.66
1748796057.03,1.56,-1.34,333.86,0.96,Fwd,5.66
1748796057.03,1.56,-1.34,333.86,0.96,Fwd,5.66
1748796057.09,1.56,-1.34,333.86,0.96,Fwd,5.66
1748796057.09,2.26,-1.34,333.86,0.96,Fwd,5.66
1748796057.09,2.26,-0.76,333.86,0.96,Fwd,5.66
1748796057.12,2.26,-0.76,334.50,0.96,Fwd,5.66
1748796057.19,2.26,-0.76,334.50,1.05,Fwd,5.66
1748796057.19,2.26,-0.76,334.50,1.05,Fwd,5.66
1748796057.19,2.26,-0.76,334.50,1.05,Fwd,5.66
1748796057.19,2.26,-0.76,334.50,1.05,Fwd,5.66
1748796057.19,2.26,-0.76,334.50,1.05,Fwd,5.66
1748796057.20,2.26,-0.76,334.50,1.05,Fwd,5.66
1748796057.20,2.26,0.21,334.50,1.05,Fwd,5.66
1748796057.20,2.26,0.21,335.01,1.05,Fwd,5.66
1748796057.20,2.26,0.21,335.01,0.98,Fwd,5.66
1748796057.20,2.26,0.21,335.01,0.98,Fwd,5.66
1748796057.20,2.26,0.21,335.01,0.98,Fwd,5.66
1748796057.20,2.26,0.21,335.01,0.98,Fwd,5.66
1748796057.30,2.26,0.21,335.01,0.98,Fwd,5.66
1748796057.30,1.39,0.21,335.01,0.98,Fwd,5.66
1748796057.30,1.39,0.03,335.01,0.98,Fwd,5.66
1748796057.30,1.39,0.03,335.40,0.98,Fwd,5.66
1748796057.30,1.39,0.03,335.40,0.96,Fwd,5.66
1748796057.30,1.39,0.03,335.40,0.96,Fwd,5.66
1748796057.30,1.39,0.03,335.40,0.96,Fwd,5.66
1748796057.30,1.39,0.03,335.40,0.96,Fwd,5.66
1748796057.40,1.39,0.03,335.40,0.96,Fwd,5.66
1748796057.44,0.37,0.03,335.40,0.96,Fwd,5.66
1748796057.47,0.37,-0.95,335.40,0.96,Fwd,5.66
1748796057.51,0.37,-0.95,335.71,0.96,Fwd,5.66
1748796057.54,0.37,-0.95,335.71,0.93,Fwd,5.66
1748796057.58,0.37,-0.95,335.71,0.93,Fwd,5.66
1748796057.62,0.37,-0.95,335.71,0.93,Fwd,5.66
1748796057.62,0.37,-0.95,335.71,0.93,Fwd,5.66
1748796057.62,0.37,-0.95,335.71,0.93,Fwd,4.98
1748796057.62,-0.37,-0.95,335.71,0.93,Fwd,4.98
1748796057.62,-0.37,-0.82,335.71,0.93,Fwd,4.98
1748796057.63,-0.37,-0.82,336.02,0.93,Fwd,4.98
1748796057.63,-0.37,-0.82,336.02,1.16,Fwd,4.98
1748796057.63,-0.37,-0.82,336.02,1.16,Fwd,4.98
1748796057.63,-0.37,-0.82,336.02,1.16,Fwd,4.98
1748796057.63,-0.37,-0.82,336.62,1.16,Fwd,4.98
1748796057.63,-0.37,-0.82,336.62,0.98,Fwd,4.98
1748796057.63,-0.37,-0.82,336.62,0.98,Fwd,4.98
1748796057.72,-0.37,-0.82,336.62,0.98,Fwd,4.98
1748796057.72,-3.02,-0.82,336.62,0.98,Fwd,4.98
1748796057.72,-3.02,-0.33,336.62,0.98,Fwd,4.98
1748796057.72,-3.02,-0.33,337.38,0.98,Fwd,4.98
1748796057.73,-3.02,-0.33,337.38,1.08,Fwd,4.98
1748796057.73,-3.02,-0.33,337.38,1.08,Fwd,4.98
1748796057.73,-3.02,-0.33,337.38,1.08,Fwd,4.98
1748796057.73,-3.02,-0.33,337.38,1.08,Fwd,4.98
1748796057.79,-3.02,-0.33,337.38,1.08,Fwd,4.98
1748796057.83,-8.03,-0.33,337.38,1.08,Fwd,4.98
1748796057.83,-8.03,0.15,337.38,1.08,Fwd,4.98
1748796057.83,-8.03,0.15,338.25,1.08,Fwd,4.98
1748796057.83,-8.03,0.15,338.25,1.37,Fwd,4.98
1748796057.83,-8.03,0.15,338.25,1.37,Fwd,4.98
1748796057.83,-8.03,0.15,338.25,1.37,Fwd,4.98
1748796057.83,-8.03,0.15,338.25,1.37,Fwd,4.98
1748796057.90,-8.03,0.15,338.25,1.37,Fwd,8.68
1748796057.90,-12.64,0.15,338.25,1.37,Fwd,8.68
1748796057.90,-12.64,-1.28,338.25,1.37,Fwd,8.68
1748796057.90,-12.64,-1.28,342.17,1.37,Fwd,8.68
1748796057.91,-12.64,-1.28,342.17,0.10,Fwd,8.68
1748796057.91,-12.64,-1.28,342.17,0.10,Fwd,8.68
1748796057.91,-12.64,-1.28,342.17,0.10,Fwd,8.68
1748796057.91,-12.64,-1.28,342.17,0.10,Fwd,8.68
1748796058.00,-12.64,-1.28,342.17,0.10,Fwd,8.68
1748796058.03,-19.63,-1.28,342.17,0.10,Fwd,8.68
1748796058.04,-19.63,-3.62,342.17,0.10,Fwd,8.68
1748796058.04,-19.63,-3.62,345.36,0.10,Fwd,8.68
1748796058.04,-19.63,-3.62,345.36,0.88,Fwd,8.68
1748796058.04,-19.63,-3.62,345.36,0.88,Fwd,8.68
1748796058.04,-19.63,-3.62,345.36,0.88,Fwd,8.68
1748796058.04,-19.63,-3.62,345.36,0.88,Fwd,8.68
1748796058.11,-19.63,-3.62,345.36,0.88,Fwd,8.68
1748796058.11,-28.19,-3.62,345.36,0.88,Fwd,8.68
1748796058.11,-28.19,-2.85,345.36,0.88,Fwd,8.68
1748796058.11,-28.19,-2.85,347.62,0.88,Fwd,8.68
1748796058.11,-28.19,-2.85,347.62,0.97,Fwd,8.68
1748796058.11,-28.19,-2.85,347.62,0.97,Fwd,8.68
1748796058.11,-28.19,-2.85,347.62,0.97,Fwd,8.68
1748796058.12,-28.19,-2.85,347.62,0.97,Fwd,8.68
1748796058.21,-28.19,-2.85,347.62,0.97,Fwd,8.68
1748796058.25,-34.79,-2.85,347.62,0.97,Fwd,8.68
1748796058.25,-34.79,-2.16,347.62,0.97,Fwd,8.68
1748796058.25,-34.79,-2.16,348.92,0.97,Fwd,8.68
1748796058.25,-34.79,-2.16,348.92,0.82,Fwd,8.68
1748796058.25,-34.79,-2.16,348.92,0.82,Fwd,8.68
1748796058.25,-34.79,-2.16,348.92,0.82,Fwd,8.68
1748796058.25,-34.79,-2.16,348.92,0.82,Fwd,8.68
1748796058.32,-34.79,-2.16,348.92,0.82,Fwd,8.68
1748796058.32,-42.84,-2.16,348.92,0.82,Fwd,8.68
1748796058.32,-42.84,-0.78,348.92,0.82,Fwd,8.68
1748796058.32,-42.84,-0.78,349.73,0.82,Fwd,8.68
1748796058.32,-42.84,-0.78,349.73,0.84,Fwd,8.68
1748796058.32,-42.84,-0.78,349.73,0.84,Fwd,8.68
1748796058.32,-42.84,-0.78,349.73,0.84,Fwd,8.68
1748796058.33,-42.84,-0.78,349.73,0.84,Fwd,8.68
1748796058.42,-42.84,-0.78,349.73,0.84,Fwd,8.68
1748796058.42,-51.83,-0.78,349.73,0.84,Fwd,8.68
1748796058.42,-51.83,0.55,349.73,0.84,Fwd,8.68
1748796058.45,-51.83,0.55,350.52,0.84,Fwd,8.68
1748796058.46,-51.83,0.55,350.52,1.03,Fwd,8.68
1748796058.46,-51.83,0.55,350.52,1.03,Fwd,8.68
1748796058.49,-51.83,0.55,350.52,1.03,Fwd,8.68
1748796058.49,-51.83,0.55,350.52,1.03,Fwd,8.68
1748796058.49,-51.83,0.55,350.52,1.03,Fwd,8.68
1748796058.50,-46.09,0.55,350.52,1.03,Fwd,8.68
1748796058.50,-46.09,0.26,350.52,1.03,Fwd,8.68
1748796058.50,-46.09,0.26,350.67,1.03,Fwd,8.68
1748796058.50,-46.09,0.26,350.67,1.85,Fwd,8.68
1748796058.50,-46.09,0.26,350.67,1.85,Fwd,8.68
1748796058.50,-46.09,0.26,350.67,1.85,Fwd,8.68
1748796058.59,-46.09,0.26,350.67,1.85,Fwd,8.68
1748796058.60,-39.01,0.26,350.67,1.85,Fwd,8.68
1748796058.60,-39.01,-0.38,350.67,1.85,Fwd,8.68
1748796058.60,-39.01,-0.38,351.31,1.85,Fwd,8.68
1748796058.60,-39.01,-0.38,351.31,0.89,Fwd,8.68
1748796058.60,-39.01,-0.38,351.31,0.89,Fwd,8.68
1748796058.60,-39.01,-0.38,351.31,0.89,Fwd,8.68
1748796058.60,-39.01,-0.38,351.31,0.89,Fwd,8.68
1748796058.70,-39.01,-0.38,351.31,0.89,Fwd,8.68
1748796058.70,-31.59,-0.38,351.31,0.89,Fwd,8.68
1748796058.70,-31.59,-1.61,351.31,0.89,Fwd,8.68
1748796058.70,-31.59,-1.61,349.56,0.89,Fwd,8.68
1748796058.71,-31.59,-1.61,349.56,0.83,Fwd,8.68
1748796058.71,-31.59,-1.61,349.56,0.83,Fwd,8.68
1748796058.71,-31.59,-1.61,349.56,0.83,Fwd,8.68
1748796058.71,-31.59,-1.61,349.56,0.83,Fwd,8.68
1748796058.80,-31.59,-1.61,349.56,0.83,Fwd,8.68
1748796058.84,-22.56,-1.61,349.56,0.83,Fwd,8.68
1748796058.84,-22.56,-0.83,349.56,0.83,Fwd,8.68
1748796058.84,-22.56,-0.83,345.95,0.83,Fwd,8.68
1748796058.88,-22.56,-0.83,345.95,0.95,Fwd,8.68
1748796058.88,-22.56,-0.83,345.95,0.95,Fwd,8.68
1748796058.88,-22.56,-0.83,345.95,0.95,Fwd,8.68
1748796058.88,-22.56,-0.83,345.95,0.95,Fwd,8.68
1748796058.91,-22.56,-0.83,345.95,0.95,Fwd,8.68
1748796058.95,-12.04,-0.83,345.95,0.95,Fwd,8.68
1748796058.98,-12.04,0.98,345.95,0.95,Fwd,8.68
1748796059.02,-12.04,0.98,343.55,0.95,Fwd,8.68
1748796059.02,-12.04,0.98,343.55,0.80,Fwd,8.68
1748796059.02,-12.04,0.98,343.55,0.80,Fwd,8.68
1748796059.02,-12.04,0.98,343.55,0.80,Fwd,8.68
1748796059.02,-12.04,0.98,343.55,0.80,Fwd,8.68
1748796059.02,-12.04,0.98,343.55,0.80,Fwd,8.68
1748796059.05,0.46,0.98,343.55,0.80,Fwd,8.68
1748796059.05,0.46,1.94,343.55,0.80,Fwd,8.68
1748796059.05,0.46,1.94,342.58,0.80,Fwd,8.68
1748796059.05,0.46,1.94,342.58,1.06,Fwd,8.68
1748796059.06,0.46,1.94,342.58,1.06,Fwd,8.68
1748796059.06,0.46,1.94,342.58,1.06,Fwd,8.68
1748796059.08,0.46,1.94,342.58,1.06,Fwd,8.68
1748796059.16,0.46,1.94,342.58,1.06,Fwd,8.68
1748796059.19,3.38,1.94,342.58,1.06,Fwd,8.68
1748796059.23,3.38,5.19,342.58,1.06,Fwd,8.68
1748796059.23,3.38,5.19,342.91,1.06,Fwd,8.68
1748796059.23,3.38,5.19,342.91,0.11,Fwd,8.68
1748796059.23,3.38,5.19,342.91,0.11,Fwd,8.68
1748796059.23,3.38,5.19,342.91,0.11,Fwd,8.68
1748796059.23,3.38,5.19,342.91,0.11,Fwd,8.68
1748796059.26,3.38,5.19,342.91,0.11,Fwd,8.68
1748796059.30,3.56,5.19,342.91,0.11,Fwd,8.68
1748796059.33,3.56,4.62,342.91,0.11,Fwd,8.68
1748796059.36,3.56,4.62,344.02,0.11,Fwd,8.68
1748796059.37,3.56,4.62,344.02,1.13,Fwd,8.68
1748796059.37,3.56,4.62,344.02,1.13,Fwd,8.68
1748796059.37,3.56,4.62,344.02,1.13,Fwd,8.68
1748796059.37,3.56,4.62,344.02,1.13,Fwd,8.68
1748796059.37,3.56,4.62,344.02,1.13,Fwd,8.68
1748796059.40,2.80,4.62,344.02,1.13,Fwd,8.68
1748796059.43,2.80,4.07,344.02,1.13,Fwd,8.68
1748796059.44,2.80,4.07,344.43,1.13,Fwd,8.68
1748796059.44,2.80,4.07,344.43,1.11,Fwd,8.68
1748796059.44,2.80,4.07,344.43,1.11,Fwd,8.68
1748796059.44,2.80,4.07,344.43,1.11,Fwd,8.68
1748796059.44,2.80,4.07,344.43,1.11,Fwd,8.68
1748796059.47,2.80,4.07,344.43,1.11,Fwd,8.68
1748796059.50,1.24,4.07,344.43,1.11,Fwd,8.68
1748796059.54,1.24,4.80,344.43,1.11,Fwd,8.68
1748796059.57,1.24,4.80,344.68,1.11,Fwd,8.68
1748796059.57,1.24,4.80,344.68,1.00,Fwd,8.68
1748796059.57,1.24,4.80,344.68,1.00,Fwd,8.68
1748796059.57,1.24,4.80,344.68,1.00,Fwd,8.68
1748796059.58,1.24,4.80,344.68,1.00,Fwd,8.68
1748796059.58,1.24,4.80,344.68,1.00,Fwd,8.68
1748796059.61,0.04,4.80,344.68,1.00,Fwd,8.68
1748796059.61,0.04,6.30,344.68,1.00,Fwd,8.68
1748796059.61,0.04,6.30,344.88,1.00,Fwd,8.68
1748796059.61,0.04,6.30,344.88,1.02,Fwd,8.68
1748796059.61,0.04,6.30,344.88,1.02,Fwd,8.68
1748796059.61,0.04,6.30,344.88,1.02,Fwd,8.68
1748796059.64,0.04,6.30,344.88,1.02,Fwd,8.68
1748796059.68,0.04,6.30,344.88,1.02,Fwd,8.68
1748796059.71,-0.72,6.30,344.88,1.02,Fwd,8.68
1748796059.75,-0.72,7.55,344.88,1.02,Fwd,8.68
1748796059.79,-0.72,7.55,345.41,1.02,Fwd,8.68
1748796059.79,-0.72,7.55,345.41,0.95,Fwd,8.68
1748796059.79,-0.72,7.55,345.41,0.95,Fwd,8.68
1748796059.79,-0.72,7.55,345.41,0.95,Fwd,8.68
1748796059.79,-0.72,7.55,345.41,0.95,Fwd,8.68
1748796059.79,-0.72,7.55,345.41,0.95,Fwd,8.68
1748796059.82,-0.77,7.55,345.41,0.95,Fwd,8.68
1748796059.85,-0.77,8.30,345.41,0.95,Fwd,8.68
1748796059.86,-0.77,8.30,346.71,0.95,Fwd,8.68
1748796059.86,-0.77,8.30,346.71,0.98,Fwd,8.68
1748796059.86,-0.77,8.30,346.71,0.98,Fwd,8.68
1748796059.86,-0.77,8.30,346.71,0.98,Fwd,8.68
1748796059.86,-0.77,8.30,346.71,0.98,Fwd,8.68
1748796059.86,-0.77,8.30,346.71,0.98,Fwd,2.59
1748796059.86,-0.56,8.30,346.71,0.98,Fwd,2.59
1748796059.89,-0.56,8.45,346.71,0.98,Fwd,2.59
1748796059.89,-0.56,8.45,348.89,0.98,Fwd,2.59
1748796059.89,-0.56,8.45,348.89,0.90,Fwd,2.59
1748796059.89,-0.56,8.45,348.89,0.90,Fwd,2.59
1748796059.89,-0.56,8.45,348.89,0.90,Fwd,2.59
1748796059.89,-0.56,8.45,348.89,0.90,Fwd,2.59
1748796059.90,-0.56,8.45,348.89,0.90,Fwd,2.59
1748796059.90,-0.25,8.45,348.89,0.90,Fwd,2.59
1748796059.90,-0.25,8.00,348.89,0.90,Fwd,2.59
1748796059.90,-0.25,8.00,352.28,0.90,Fwd,2.59
1748796059.90,-0.25,8.00,352.28,0.97,Fwd,2.59
1748796060.00,-0.25,8.00,352.28,0.97,Fwd,2.59
1748796060.00,0.01,8.00,352.28,0.97,Fwd,2.59
1748796060.00,0.01,7.33,352.28,0.97,Fwd,2.59
1748796060.00,0.01,7.33,357.03,0.97,Fwd,2.59
1748796060.00,0.01,7.33,357.03,0.95,Fwd,2.59
1748796060.01,0.01,7.33,357.03,0.95,Fwd,2.59
1748796060.01,0.01,7.33,357.03,0.95,Fwd,2.59
1748796060.01,0.01,7.33,357.03,0.95,Fwd,2.59
1748796060.10,0.01,7.33,357.03,0.95,Fwd,2.59
1748796060.10,0.54,7.33,357.03,0.95,Fwd,2.59
1748796060.10,0.54,6.28,357.03,0.95,Fwd,2.59
1748796060.10,0.54,6.28,3.25,0.95,Fwd,2.59
1748796060.10,0.54,6.28,3.25,0.95,Fwd,2.59
1748796060.10,0.54,6.28,3.25,0.95,Fwd,2.59
1748796060.13,0.54,6.28,3.25,0.95,Fwd,2.59
1748796060.13,0.54,6.28,3.25,0.95,Fwd,2.59
1748796060.24,0.54,6.28,3.25,0.95,Fwd,2.59
1748796060.24,0.96,6.28,3.25,0.95,Fwd,2.59
1748796060.24,0.96,5.08,3.25,0.95,Fwd,2.59
1748796060.24,0.96,5.08,10.92,0.95,Fwd,2.59
1748796060.24,0.96,5.08,10.92,0.96,Fwd,2.59
1748796060.24,0.96,5.08,10.92,0.96,Fwd,2.59
1748796060.24,0.96,5.08,10.92,0.96,Fwd,2.59
1748796060.24,0.96,5.08,10.92,0.96,Fwd,2.59
1748796060.31,0.96,5.08,10.92,0.96,Fwd,2.59
1748796060.31,1.15,5.08,10.92,0.96,Fwd,2.59
1748796060.31,1.15,4.06,10.92,0.96,Fwd,2.59
1748796060.31,1.15,4.06,19.51,0.96,Fwd,2.59
1748796060.31,1.15,4.06,19.51,1.09,Fwd,2.59
1748796060.31,1.15,4.06,19.51,1.09,Fwd,2.59
1748796060.31,1.15,4.06,19.51,1.09,Fwd,2.59
1748796060.31,1.15,4.06,19.51,1.09,Fwd,2.59
1748796060.41,1.15,4.06,19.51,1.09,Fwd,6.44
1748796060.48,1.14,4.06,19.51,1.09,Fwd,6.44
1748796060.48,1.14,3.44,19.51,1.09,Fwd,6.44
1748796060.48,1.14,3.44,28.33,1.09,Fwd,6.44
1748796060.48,1.14,3.44,28.33,1.02,Fwd,6.44
1748796060.48,1.14,3.44,28.33,1.02,Fwd,6.44
1748796060.48,1.14,3.44,28.33,1.02,Fwd,6.44
1748796060.49,1.14,3.44,28.33,1.02,Fwd,6.44
1748796060.52,1.14,3.44,28.33,1.02,Fwd,6.44
1748796060.52,1.28,3.44,28.33,1.02,Fwd,6.44
1748796060.52,1.28,2.55,28.33,1.02,Fwd,6.44
1748796060.55,1.28,2.55,37.25,1.02,Fwd,6.44
1748796060.56,1.28,2.55,37.25,1.02,Fwd,6.44
1748796060.56,1.28,2.55,37.25,1.02,Fwd,6.44
1748796060.56,1.28,2.55,37.25,1.02,Fwd,6.44
1748796060.56,1.28,2.55,37.25,1.02,Fwd,6.44
1748796060.59,1.28,2.55,37.25,1.02,Fwd,6.44
1748796060.59,1.33,2.55,37.25,1.02,Fwd,6.44
1748796060.59,1.33,2.08,37.25,1.02,Fwd,6.44
1748796060.59,1.33,2.08,45.68,1.02,Fwd,6.44
1748796060.59,1.33,2.08,45.68,1.01,Fwd,6.44
1748796060.62,1.33,2.08,45.68,1.01,Fwd,6.44
1748796060.66,1.33,2.08,45.68,1.01,Fwd,6.44
1748796060.66,1.33,2.08,45.68,1.01,Fwd,6.44
1748796060.69,1.33,2.08,45.68,1.01,Fwd,6.44
1748796060.70,1.23,2.08,45.68,1.01,Fwd,6.44
1748796060.70,1.23,2.09,45.68,1.01,Fwd,6.44
1748796060.70,1.23,2.09,53.65,1.01,Fwd,6.44
1748796060.70,1.23,2.09,53.65,1.05,Fwd,6.44
1748796060.70,1.23,2.09,53.65,1.05,Fwd,6.44
1748796060.70,1.23,2.09,53.65,1.05,Fwd,6.44
1748796060.70,1.23,2.09,53.65,1.05,Fwd,6.44
1748796060.80,1.23,2.09,53.65,1.05,Fwd,6.44
1748796060.80,1.10,2.09,53.65,1.05,Fwd,6.44
1748796060.80,1.10,2.09,53.65,1.05,Fwd,6.44
1748796060.80,1.10,2.09,61.47,1.05,Fwd,6.44
1748796060.80,1.10,2.09,61.47,1.06,Fwd,6.44
1748796060.81,1.10,2.09,61.47,1.06,Fwd,6.44
1748796060.81,1.10,2.09,61.47,1.06,Fwd,6.44
1748796060.81,1.10,2.09,61.47,1.06,Fwd,6.44
1748796060.91,1.10,2.09,61.47,1.06,Fwd,6.33
1748796060.91,1.01,2.09,61.47,1.06,Fwd,6.33
1748796060.91,1.01,2.07,61.47,1.06,Fwd,6.33
1748796060.92,1.01,2.07,69.31,1.06,Fwd,6.33
1748796060.92,1.01,2.07,69.31,0.93,Fwd,6.33
1748796060.92,1.01,2.07,69.31,0.93,Fwd,6.33
1748796060.92,1.01,2.07,69.31,0.93,Fwd,6.33
1748796060.92,1.01,2.07,69.31,0.93,Fwd,6.33
1748796061.01,1.01,2.07,69.31,0.93,Fwd,6.33
1748796061.01,0.83,2.07,69.31,0.93,Fwd,6.33
1748796061.01,0.83,1.53,69.31,0.93,Fwd,6.33
1748796061.02,0.83,1.53,77.24,0.93,Fwd,6.33
1748796061.02,0.83,1.53,77.24,0.97,Fwd,6.33
1748796061.02,0.83,1.53,77.24,0.97,Fwd,6.33
1748796061.02,0.83,1.53,77.24,0.97,Fwd,6.33
1748796061.02,0.83,1.53,77.24,0.97,Fwd,6.33
1748796061.12,0.83,1.53,77.24,0.97,Fwd,6.33
1748796061.15,0.52,1.53,77.24,0.97,Fwd,6.33
1748796061.19,0.52,1.22,77.24,0.97,Fwd,6.33
1748796061.19,0.52,1.22,85.35,0.97,Fwd,6.33
1748796061.19,0.52,1.22,85.35,1.05,Fwd,6.33
1748796061.19,0.52,1.22,85.35,1.05,Fwd,6.33
1748796061.19,0.52,1.22,85.35,1.05,Fwd,6.33
1748796061.19,0.52,1.22,85.35,1.05,Fwd,6.33
1748796061.22,0.52,1.22,85.35,1.05,Fwd,6.33
1748796061.22,0.00,1.22,85.35,1.05,Fwd,6.33
1748796061.23,0.00,0.94,85.35,1.05,Fwd,6.33
1748796061.23,0.00,0.94,93.69,1.05,Fwd,6.33
1748796061.23,0.00,0.94,93.69,0.96,Fwd,6.33
1748796061.23,0.00,0.94,93.69,0.96,Fwd,6.33
1748796061.23,0.00,0.94,93.69,0.96,Fwd,6.33
1748796061.23,0.00,0.94,93.69,0.96,Fwd,6.33
1748796061.29,0.00,0.94,93.69,0.96,Fwd,6.33
1748796061.29,-0.38,0.94,93.69,0.96,Fwd,6.33
1748796061.29,-0.38,0.61,93.69,0.96,Fwd,6.33
1748796061.29,-0.38,0.61,102.93,0.96,Fwd,6.33
1748796061.30,-0.38,0.61,102.93,0.94,Fwd,6.33
1748796061.32,-0.38,0.61,102.93,0.94,Fwd,6.33
1748796061.32,-0.38,0.61,102.93,0.94,Fwd,6.33
1748796061.33,-0.38,0.61,102.93,0.94,Fwd,6.33
1748796061.40,-0.38,0.61,102.93,0.94,Fwd,6.33
1748796061.40,-0.61,0.61,102.93,0.94,Fwd,6.33
1748796061.40,-0.61,0.25,102.93,0.94,Fwd,6.33
1748796061.40,-0.61,0.25,113.28,0.94,Fwd,6.33
1748796061.40,-0.61,0.25,113.28,1.03,Fwd,6.33
1748796061.40,-0.61,0.25,113.28,1.03,Fwd,6.33
1748796061.40,-0.61,0.25,113.28,1.03,Fwd,6.33
1748796061.41,-0.61,0.25,113.28,1.03,Fwd,6.33
1748796061.50,-0.61,0.25,113.28,1.03,Fwd,6.33
1748796061.50,-0.53,0.25,113.28,1.03,Fwd,6.33
1748796061.50,-0.53,-0.80,113.28,1.03,Fwd,6.33
1748796061.53,-0.53,-0.80,124.48,1.03,Fwd,6.33
1748796061.54,-0.53,-0.80,124.48,0.97,Fwd,6.33
1748796061.54,-0.53,-0.80,124.48,0.97,Fwd,6.33
1748796061.54,-0.53,-0.80,124.48,0.97,Fwd,6.33
1748796061.54,-0.53,-0.80,124.48,0.97,Fwd,6.33
1748796061.60,-0.53,-0.80,124.48,0.97,Fwd,6.02
1748796061.61,-1.06,-0.80,124.48,0.97,Fwd,6.02
1748796061.61,-1.06,-2.58,124.48,0.97,Fwd,6.02
1748796061.61,-1.06,-2.58,136.15,0.97,Fwd,6.02
1748796061.61,-1.06,-2.58,136.15,1.01,Fwd,6.02
1748796061.61,-1.06,-2.58,136.15,1.01,Fwd,6.02
1748796061.62,-1.06,-2.58,136.15,1.01,Fwd,6.02
1748796061.62,-1.06,-2.58,136.15,1.01,Fwd,6.02
1748796061.71,-1.06,-2.58,136.15,1.01,Fwd,6.02
1748796061.74,-1.49,-2.58,136.15,1.01,Fwd,6.02
1748796061.75,-1.49,-4.49,136.15,1.01,Fwd,6.02
1748796061.75,-1.49,-4.49,147.26,1.01,Fwd,6.02
1748796061.75,-1.49,-4.49,147.26,0.89,Fwd,6.02
1748796061.75,-1.49,-4.49,147.26,0.89,Fwd,6.02
1748796061.75,-1.49,-4.49,147.26,0.89,Fwd,6.02
1748796061.75,-1.49,-4.49,147.26,0.89,Fwd,6.02
1748796061.82,-1.49,-4.49,147.26,0.89,Fwd,6.02
1748796061.82,-1.56,-4.49,147.26,0.89,Fwd,6.02
1748796061.82,-1.56,-5.88,147.26,0.89,Fwd,6.02
1748796061.82,-1.56,-5.88,155.85,0.89,Fwd,6.02
1748796061.82,-1.56,-5.88,155.85,0.94,Fwd,6.02
1748796061.82,-1.56,-5.88,155.85,0.94,Fwd,6.02
1748796061.82,-1.56,-5.88,155.85,0.94,Fwd,6.02
1748796061.83,-1.56,-5.88,155.85,0.94,Fwd,6.02
1748796061.92,-1.56,-5.88,155.85,0.94,Fwd,6.02
1748796061.93,-1.39,-5.88,155.85,0.94,Fwd,6.02
1748796061.93,-1.39,-6.01,155.85,0.94,Fwd,6.02
1748796061.93,-1.39,-6.01,160.81,0.94,Fwd,6.02
1748796061.93,-1.39,-6.01,160.81,0.95,Fwd,6.02
1748796061.93,-1.39,-6.01,160.81,0.95,Fwd,6.02
1748796061.93,-1.39,-6.01,160.81,0.95,Fwd,6.02
1748796061.93,-1.39,-6.01,160.81,0.95,Fwd,6.02
1748796061.99,-1.39,-6.01,160.81,0.95,Fwd,6.02
1748796061.99,-1.21,-6.01,160.81,0.95,Fwd,6.02
1748796061.99,-1.21,-5.76,160.81,0.95,Fwd,6.02
1748796061.99,-1.21,-5.76,162.97,0.95,Fwd,6.02
1748796062.00,-1.21,-5.76,162.97,0.92,Fwd,6.02
1748796062.02,-1.21,-5.76,162.97,0.92,Fwd,6.02
1748796062.02,-1.21,-5.76,162.97,0.92,Fwd,6.02
1748796062.03,-1.21,-5.76,162.97,0.92,Fwd,6.02
1748796062.10,-1.21,-5.76,162.97,0.92,Fwd,6.02
1748796062.10,-2.08,-5.76,162.97,0.92,Fwd,6.02
1748796062.10,-2.08,-5.28,162.97,0.92,Fwd,6.02
1748796062.10,-2.08,-5.28,164.04,0.92,Fwd,6.02
1748796062.10,-2.08,-5.28,164.04,1.00,Fwd,6.02
1748796062.10,-2.08,-5.28,164.04,1.00,Fwd,6.02
1748796062.10,-2.08,-5.28,164.04,1.00,Fwd,6.02
1748796062.10,-2.08,-5.28,164.04,1.00,Fwd,6.02
1748796062.20,-2.08,-5.28,164.04,1.00,Fwd,6.02
1748796062.20,-2.31,-5.28,164.04,1.00,Fwd,6.02
1748796062.20,-2.31,-5.70,164.04,1.00,Fwd,6.02
1748796062.20,-2.31,-5.70,164.11,1.00,Fwd,6.02
1748796062.20,-2.31,-5.70,164.11,0.94,Fwd,6.02
1748796062.20,-2.31,-5.70,164.11,0.94,Fwd,6.02
1748796062.20,-2.31,-5.70,164.11,0.94,Fwd,6.02
1748796062.20,-2.31,-5.70,164.11,0.94,Fwd,6.02
1748796062.30,-2.31,-5.70,164.11,0.94,Fwd,6.02
1748796062.34,-3.25,-5.70,164.11,0.94,Fwd,6.02
1748796062.37,-3.25,-5.29,164.11,0.94,Fwd,6.02
1748796062.37,-3.25,-5.29,163.91,0.94,Fwd,6.02
1748796062.37,-3.25,-5.29,163.91,0.79,Fwd,6.02
1748796062.37,-3.25,-5.29,163.91,0.79,Fwd,6.02
1748796062.37,-3.25,-5.29,163.91,0.79,Fwd,6.02
1748796062.38,-3.25,-5.29,163.91,0.79,Fwd,6.02
1748796062.41,-3.25,-5.29,163.91,0.79,Fwd,4.64
1748796062.41,-7.69,-5.29,163.91,0.79,Fwd,4.64
1748796062.41,-7.69,-3.59,163.91,0.79,Fwd,4.64
1748796062.41,-7.69,-3.59,163.70,0.79,Fwd,4.64
1748796062.41,-7.69,-3.59,163.70,1.38,Fwd,4.64
1748796062.41,-7.69,-3.59,163.70,1.38,Fwd,4.64
1748796062.41,-7.69,-3.59,163.70,1.38,Fwd,4.64
1748796062.41,-7.69,-3.59,163.70,1.38,Fwd,4.64
1748796062.51,-7.69,-3.59,163.70,1.38,Fwd,4.64
1748796062.51,-10.39,-3.59,163.70,1.38,Fwd,4.64
1748796062.51,-10.39,-2.64,163.70,1.38,Fwd,4.64
1748796062.55,-10.39,-2.64,163.45,1.38,Fwd,4.64
1748796062.58,-10.39,-2.64,163.45,0.94,Fwd,4.64
1748796062.58,-10.39,-2.64,163.45,0.94,Fwd,4.64
1748796062.59,-10.39,-2.64,163.45,0.94,Fwd,4.64
1748796062.59,-10.39,-2.64,163.45,0.94,Fwd,4.64
1748796062.62,-10.39,-2.64,163.45,0.94,Fwd,4.64
1748796062.62,-16.07,-2.64,163.45,0.94,Fwd,4.64
1748796062.62,-16.07,-0.73,163.45,0.94,Fwd,4.64
1748796062.62,-16.07,-0.73,163.41,0.94,Fwd,4.64
1748796062.62,-16.07,-0.73,163.41,0.40,Fwd,4.64
1748796062.62,-16.07,-0.73,163.41,0.40,Fwd,4.64
1748796062.62,-16.07,-0.73,163.41,0.40,Fwd,4.64
1748796062.63,-16.07,-0.73,163.41,0.40,Fwd,4.64
1748796062.69,-16.07,-0.73,163.41,0.40,Fwd,9.83
1748796062.69,-19.30,-0.73,163.41,0.40,Fwd,9.83
1748796062.70,-19.30,0.61,163.41,0.40,Fwd,9.83
1748796062.72,-19.30,0.61,164.77,0.40,Fwd,9.83
1748796062.76,-19.30,0.61,164.77,0.78,Fwd,9.83
1748796062.79,-19.30,0.61,164.77,0.78,Fwd,9.83
1748796062.79,-19.30,0.61,164.77,0.78,Fwd,9.83
1748796062.80,-19.30,0.61,164.77,0.78,Fwd,9.83
1748796062.80,-19.30,0.61,164.77,0.78,Fwd,9.83
1748796062.80,-24.81,0.61,164.77,0.78,Fwd,9.83
1748796062.80,-24.81,1.85,164.77,0.78,Fwd,9.83
1748796062.80,-24.81,1.85,167.39,0.78,Fwd,9.83
1748796062.80,-24.81,1.85,167.39,0.77,Fwd,9.83
1748796062.81,-24.81,1.85,167.39,0.77,Fwd,9.83
1748796062.81,-24.81,1.85,167.39,0.77,Fwd,9.83
1748796062.81,-24.81,1.85,167.39,0.77,Fwd,9.83
1748796062.90,-24.81,1.85,167.39,0.77,Fwd,9.83
1748796062.93,-25.56,1.85,167.39,0.77,Fwd,9.83
1748796062.93,-25.56,2.15,167.39,0.77,Fwd,9.83
1748796062.93,-25.56,2.15,168.53,0.77,Fwd,9.83
1748796062.93,-25.56,2.15,168.53,0.68,Fwd,9.83
1748796062.93,-25.56,2.15,168.53,0.68,Fwd,9.83
1748796062.93,-25.56,2.15,168.53,0.68,Fwd,9.83
1748796062.93,-25.56,2.15,168.53,0.68,Fwd,9.83
1748796063.01,-25.56,2.15,168.53,0.68,Fwd,9.83
1748796063.01,-22.39,2.15,168.53,0.68,Fwd,9.83
1748796063.01,-22.39,4.23,168.53,0.68,Fwd,9.83
1748796063.01,-22.39,4.23,169.35,0.68,Fwd,9.83
1748796063.01,-22.39,4.23,169.35,0.15,Fwd,9.83
1748796063.01,-22.39,4.23,169.35,0.15,Fwd,9.83
1748796063.01,-22.39,4.23,169.35,0.15,Fwd,9.83
1748796063.01,-22.39,4.23,169.35,0.15,Fwd,9.83
1748796063.11,-22.39,4.23,169.35,0.15,Fwd,9.83
1748796063.11,-7.63,4.23,169.35,0.15,Fwd,9.83
1748796063.11,-7.63,3.33,169.35,0.15,Fwd,9.83
1748796063.14,-7.63,3.33,174.25,0.15,Fwd,9.83
1748796063.18,-7.63,3.33,174.25,1.35,Fwd,9.83
1748796063.18,-7.63,3.33,174.25,1.35,Fwd,9.83
1748796063.18,-7.63,3.33,174.25,1.35,Fwd,9.83
1748796063.18,-7.63,3.33,174.25,1.35,Fwd,9.83
1748796063.21,-7.63,3.33,174.25,1.35,Fwd,9.83
1748796063.25,-1.20,3.33,174.25,1.35,Fwd,9.83
1748796063.25,-1.20,4.35,174.25,1.35,Fwd,9.83
1748796063.25,-1.20,4.35,174.12,1.35,Fwd,9.83
1748796063.25,-1.20,4.35,174.12,0.90,Fwd,9.83
1748796063.25,-1.20,4.35,174.12,0.90,Fwd,9.83
1748796063.25,-1.20,4.35,174.12,0.90,Fwd,9.83
1748796063.25,-1.20,4.35,174.12,0.90,Fwd,9.83
1748796063.32,-1.20,4.35,174.12,0.90,Fwd,9.83
1748796063.32,-3.56,4.35,174.12,0.90,Fwd,9.83
1748796063.32,-3.56,2.76,174.12,0.90,Fwd,9.83
1748796063.32,-3.56,2.76,175.61,0.90,Fwd,9.83
1748796063.32,-3.56,2.76,175.61,0.52,Fwd,9.83
1748796063.32,-3.56,2.76,175.61,0.52,Fwd,9.83
1748796063.32,-3.56,2.76,175.61,0.52,Fwd,9.83
1748796063.32,-3.56,2.76,175.61,0.52,Fwd,9.83
1748796063.39,-3.56,2.76,175.61,0.52,Fwd,9.83
1748796063.39,-3.07,2.76,175.61,0.52,Fwd,9.83
1748796063.39,-3.07,2.43,175.61,0.52,Fwd,9.83
1748796063.39,-3.07,2.43,179.16,0.52,Fwd,9.83
1748796063.39,-3.07,2.43,179.16,0.79,Fwd,9.83