1748795931.02,-1.78,0.67,202.95,0.99,Fwd,8.14
1748795931.02,-1.67,0.67,202.95,0.99,Fwd,8.14
1748795931.05,-1.67,0.47,202.95,0.99,Fwd,8.14
1748795931.09,-1.67,0.47,205.67,0.99,Fwd,8.14
1748795931.09,-1.67,0.47,205.67,1.04,Fwd,8.14
1748795931.09,-1.67,0.47,205.67,1.04,Fwd,8.14
1748795931.09,-1.67,0.47,205.67,1.04,Fwd,8.14
1748795931.09,-1.67,0.47,205.67,1.04,Fwd,8.14
1748795931.10,-1.67,0.47,205.67,1.04,Fwd,8.14
1748795931.10,-1.42,0.47,205.67,1.04,Fwd,8.14
1748795931.10,-1.42,0.65,205.67,1.04,Fwd,8.14
1748795931.10,-1.42,0.65,207.75,1.04,Fwd,8.14
1748795931.10,-1.42,0.65,207.75,1.01,Fwd,8.14
1748795931.10,-1.42,0.65,207.75,1.01,Fwd,8.14
1748795931.10,-1.42,0.65,207.75,1.01,Fwd,8.14
1748795931.11,-1.42,0.65,207.75,1.01,Fwd,8.14
1748795931.19,-1.42,0.65,207.75,1.01,Fwd,8.14
1748795931.20,-1.25,0.65,207.75,1.01,Fwd,8.14
1748795931.20,-1.25,1.32,207.75,1.01,Fwd,8.14
1748795931.20,-1.25,1.32,209.39,1.01,Fwd,8.14
1748795931.20,-1.25,1.32,209.39,1.02,Fwd,8.14
1748795931.20,-1.25,1.32,209.39,1.02,Fwd,8.14
1748795931.20,-1.25,1.32,209.39,1.02,Fwd,8.14
1748795931.20,-1.25,1.32,209.39,1.02,Fwd,8.14
1748795931.30,-1.25,1.32,209.39,1.02,Fwd,7.53
1748795931.30,-1.05,1.32,209.39,1.02,Fwd,7.53
1748795931.30,-1.05,2.04,209.39,1.02,Fwd,7.53
1748795931.30,-1.05,2.04,210.77,1.02,Fwd,7.53
1748795931.31,-1.05,2.04,210.77,0.96,Fwd,7.53
1748795931.31,-1.05,2.04,210.77,0.96,Fwd,7.53
1748795931.31,-1.05,2.04,210.77,0.96,Fwd,7.53
1748795931.31,-1.05,2.04,210.77,0.96,Fwd,7.53
1748795931.40,-1.05,2.04,210.77,0.96,Fwd,7.53
1748795931.40,-0.94,2.04,210.77,0.96,Fwd,7.53
1748795931.40,-0.94,2.94,210.77,0.96,Fwd,7.53
1748795931.40,-0.94,2.94,211.97,0.96,Fwd,7.53
1748795931.40,-0.94,2.94,211.97,1.00,Fwd,7.53
1748795931.40,-0.94,2.94,211.97,1.00,Fwd,7.53
1748795931.40,-0.94,2.94,211.97,1.00,Fwd,7.53
1748795931.40,-0.94,2.94,211.97,1.00,Fwd,7.53
1748795931.51,-0.94,2.94,211.97,1.00,Fwd,7.53
1748795931.54,-0.84,2.94,211.97,1.00,Fwd,7.53
1748795931.54,-0.84,4.17,211.97,1.00,Fwd,7.53
1748795931.55,-0.84,4.17,213.16,1.00,Fwd,7.53
1748795931.55,-0.84,4.17,213.16,0.79,Fwd,7.53
1748795931.55,-0.84,4.17,213.16,0.79,Fwd,7.53
1748795931.55,-0.84,4.17,213.16,0.79,Fwd,7.53
1748795931.55,-0.84,4.17,213.16,0.79,Fwd,7.53
1748795931.61,-0.84,4.17,213.16,0.79,Fwd,7.53
1748795931.61,-0.94,4.17,213.16,0.79,Fwd,7.53
1748795931.61,-0.94,5.36,213.16,0.79,Fwd,7.53
1748795931.65,-0.94,5.36,214.43,0.79,Fwd,7.53
1748795931.68,-0.94,5.36,214.43,0.73,Fwd,7.53
1748795931.68,-0.94,5.36,214.43,0.73,Fwd,7.53
1748795931.68,-0.94,5.36,214.43,0.73,Fwd,7.53
1748795931.68,-0.94,5.36,214.43,0.73,Fwd,7.53
1748795931.72,-0.94,5.36,214.43,0.73,Fwd,7.53
1748795931.72,-0.85,5.36,214.43,0.73,Fwd,7.53
1748795931.72,-0.85,5.95,214.43,0.73,Fwd,7.53
1748795931.72,-0.85,5.95,216.40,0.73,Fwd,7.53
1748795931.72,-0.85,5.95,216.40,1.08,Fwd,7.53
1748795931.72,-0.85,5.95,216.40,1.08,Fwd,7.53
1748795931.72,-0.85,5.95,216.40,1.08,Fwd,7.53
1748795931.72,-0.85,5.95,216.40,1.08,Fwd,7.53
1748795931.82,-0.85,5.95,216.40,1.08,Fwd,7.54
1748795931.82,-0.84,5.95,216.40,1.08,Fwd,7.54
1748795931.82,-0.84,6.91,216.40,1.08,Fwd,7.54
1748795931.82,-0.84,6.91,218.83,1.08,Fwd,7.54
1748795931.83,-0.84,6.91,218.83,1.05,Fwd,7.54
1748795931.83,-0.84,6.91,218.83,1.05,Fwd,7.54
1748795931.83,-0.84,6.91,218.83,1.05,Fwd,7.54
1748795931.83,-0.84,6.91,218.83,1.05,Fwd,7.54
1748795931.90,-0.84,6.91,218.83,1.05,Fwd,7.54
1748795931.90,-0.79,6.91,218.83,1.05,Fwd,7.54
1748795931.90,-0.79,7.21,218.83,1.05,Fwd,7.54
1748795931.90,-0.79,7.21,222.07,1.05,Fwd,7.54
1748795931.90,-0.79,7.21,222.07,0.97,Fwd,7.54
1748795931.90,-0.79,7.21,222.07,0.97,Fwd,7.54
1748795931.90,-0.79,7.21,222.07,0.97,Fwd,7.54
1748795931.90,-0.79,7.21,222.07,0.97,Fwd,7.54
1748795932.00,-0.79,7.21,222.07,0.97,Fwd,7.54
1748795932.00,-0.49,7.21,222.07,0.97,Fwd,7.54
1748795932.01,-0.49,7.28,222.07,0.97,Fwd,7.54
1748795932.01,-0.49,7.28,225.89,0.97,Fwd,7.54
1748795932.01,-0.49,7.28,225.89,0.94,Fwd,7.54
1748795932.01,-0.49,7.28,225.89,0.94,Fwd,7.54
1748795932.03,-0.49,7.28,225.89,0.94,Fwd,7.54
1748795932.03,-0.49,7.28,225.89,0.94,Fwd,7.54
1748795932.11,-0.49,7.28,225.89,0.94,Fwd,7.54
1748795932.11,-0.54,7.28,225.89,0.94,Fwd,7.54
1748795932.11,-0.54,7.46,225.89,0.94,Fwd,7.54
1748795932.11,-0.54,7.46,230.24,0.94,Fwd,7.54
1748795932.12,-0.54,7.46,230.24,0.98,Fwd,7.54
1748795932.12,-0.54,7.46,230.24,0.98,Fwd,7.54
1748795932.12,-0.54,7.46,230.24,0.98,Fwd,7.54
1748795932.12,-0.54,7.46,230.24,0.98,Fwd,7.54
1748795932.21,-0.54,7.46,230.24,0.98,Fwd,7.54
1748795932.22,0.18,7.46,230.24,0.98,Fwd,7.54
1748795932.22,0.18,7.42,230.24,0.98,Fwd,7.54
1748795932.22,0.18,7.42,235.33,0.98,Fwd,7.54
1748795932.22,0.18,7.42,235.33,0.71,Fwd,7.54
1748795932.22,0.18,7.42,235.33,0.71,Fwd,7.54
1748795932.22,0.18,7.42,235.33,0.71,Fwd,7.54
1748795932.22,0.18,7.42,235.33,0.71,Fwd,7.54
1748795932.32,0.18,7.42,235.33,0.71,Fwd,7.48
1748795932.32,0.30,7.42,235.33,0.71,Fwd,7.48
1748795932.32,0.30,6.50,235.33,0.71,Fwd,7.48
1748795932.33,0.30,6.50,240.89,0.71,Fwd,7.48
1748795932.33,0.30,6.50,240.89,0.97,Fwd,7.48
1748795932.33,0.30,6.50,240.89,0.97,Fwd,7.48
1748795932.33,0.30,6.50,240.89,0.97,Fwd,7.48
1748795932.33,0.30,6.50,240.89,0.97,Fwd,7.48
1748795932.42,0.30,6.50,240.89,0.97,Fwd,7.48
1748795932.42,0.20,6.50,240.89,0.97,Fwd,7.48
1748795932.43,0.20,5.76,240.89,0.97,Fwd,7.48
1748795932.43,0.20,5.76,246.83,0.97,Fwd,7.48
1748795932.43,0.20,5.76,246.83,1.09,Fwd,7.48
1748795932.43,0.20,5.76,246.83,1.09,Fwd,7.48
1748795932.43,0.20,5.76,246.83,1.09,Fwd,7.48
1748795932.43,0.20,5.76,246.83,1.09,Fwd,7.48
1748795932.52,0.20,5.76,246.83,1.09,Fwd,7.48
1748795932.53,0.15,5.76,246.83,1.09,Fwd,7.48
1748795932.53,0.15,4.78,246.83,1.09,Fwd,7.48
1748795932.53,0.15,4.78,252.74,1.09,Fwd,7.48
1748795932.53,0.15,4.78,252.74,0.87,Fwd,7.48
1748795932.53,0.15,4.78,252.74,0.87,Fwd,7.48
1748795932.53,0.15,4.78,252.74,0.87,Fwd,7.48
1748795932.53,0.15,4.78,252.74,0.87,Fwd,7.48
1748795932.59,0.15,4.78,252.74,0.87,Fwd,7.48
1748795932.60,-0.29,4.78,252.74,0.87,Fwd,7.48
1748795932.60,-0.29,3.53,252.74,0.87,Fwd,7.48
1748795932.60,-0.29,3.53,258.73,0.87,Fwd,7.48
1748795932.60,-0.29,3.53,258.73,1.04,Fwd,7.48
1748795932.60,-0.29,3.53,258.73,1.04,Fwd,7.48
1748795932.60,-0.29,3.53,258.73,1.04,Fwd,7.48
1748795932.60,-0.29,3.53,258.73,1.04,Fwd,7.48
1748795932.70,-0.29,3.53,258.73,1.04,Fwd,7.48
1748795932.73,-0.04,3.53,258.73,1.04,Fwd,7.48
1748795932.77,-0.04,2.24,258.73,1.04,Fwd,7.48
1748795932.81,-0.04,2.24,264.62,1.04,Fwd,7.48
1748795932.84,-0.04,2.24,264.62,0.85,Fwd,7.48
1748795932.84,-0.04,2.24,264.62,0.85,Fwd,7.48
1748795932.84,-0.04,2.24,264.62,0.85,Fwd,7.48
1748795932.85,-0.04,2.24,264.62,0.85,Fwd,7.48
1748795932.85,-0.04,2.24,264.62,0.85,Fwd,7.31
1748795932.85,-0.07,2.24,264.62,0.85,Fwd,7.31
1748795932.85,-0.07,1.61,264.62,0.85,Fwd,7.31
1748795932.85,-0.07,1.61,269.16,0.85,Fwd,7.31
1748795932.85,-0.07,1.61,269.16,0.96,Fwd,7.31
1748795932.91,-0.07,1.61,269.16,0.96,Fwd,7.31
1748795932.91,-0.21,1.61,269.16,0.96,Fwd,7.31
1748795932.94,-0.21,0.97,269.16,0.96,Fwd,7.31
1748795932.94,-0.21,0.97,272.84,0.96,Fwd,7.31
1748795932.95,-0.21,0.97,272.84,0.95,Fwd,7.31
1748795932.95,-0.21,0.97,272.84,0.95,Fwd,7.31
1748795932.95,-0.21,0.97,272.84,0.95,Fwd,7.31
1748795932.95,-0.21,0.97,272.84,0.95,Fwd,7.31
1748795933.02,-0.21,0.97,272.84,0.95,Fwd,7.31
1748795933.02,-0.06,0.97,272.84,0.95,Fwd,7.31
1748795933.02,-0.06,0.51,272.84,0.95,Fwd,7.31
1748795933.03,-0.06,0.51,275.71,0.95,Fwd,7.31
1748795933.03,-0.06,0.51,275.71,1.17,Fwd,7.31
1748795933.03,-0.06,0.51,275.71,1.17,Fwd,7.31
1748795933.03,-0.06,0.51,275.71,1.17,Fwd,7.31
1748795933.03,-0.06,0.51,275.71,1.17,Fwd,7.31
1748795933.12,-0.06,0.51,275.71,1.17,Fwd,7.31
1748795933.16,0.02,0.51,275.71,1.17,Fwd,7.31
1748795933.16,0.02,0.66,275.71,1.17,Fwd,7.31
1748795933.16,0.02,0.66,277.33,1.17,Fwd,7.31
1748795933.16,0.02,0.66,277.33,1.08,Fwd,7.31
1748795933.16,0.02,0.66,277.33,1.08,Fwd,7.31
1748795933.16,0.02,0.66,277.33,1.08,Fwd,7.31
1748795933.17,0.02,0.66,277.33,1.08,Fwd,7.31
1748795933.23,0.02,0.66,277.33,1.08,Fwd,7.31
1748795933.26,0.17,0.66,277.33,1.08,Fwd,7.31
1748795933.26,0.17,1.79,277.33,1.08,Fwd,7.31
1748795933.26,0.17,1.79,277.78,1.08,Fwd,7.31
1748795933.26,0.17,1.79,277.78,1.13,Fwd,7.31
1748795933.27,0.17,1.79,277.78,1.13,Fwd,7.31
1748795933.27,0.17,1.79,277.78,1.13,Fwd,7.31
1748795933.27,0.17,1.79,277.78,1.13,Fwd,7.31
1748795933.29,0.17,1.79,277.78,1.13,Fwd,7.31
1748795933.30,0.52,1.79,277.78,1.13,Fwd,7.31
1748795933.30,0.52,3.10,277.78,1.13,Fwd,7.31
1748795933.30,0.52,3.10,277.47,1.13,Fwd,7.31
1748795933.30,0.52,3.10,277.47,0.90,Fwd,7.31
1748795933.30,0.52,3.10,277.47,0.90,Fwd,7.31
1748795933.30,0.52,3.10,277.47,0.90,Fwd,7.31
1748795933.30,0.52,3.10,277.47,0.90,Fwd,7.31
1748795933.40,0.52,3.10,277.47,0.90,Fwd,6.73
1748795933.40,0.90,3.10,277.47,0.90,Fwd,6.73
1748795933.40,0.90,4.42,277.47,0.90,Fwd,6.73
1748795933.40,0.90,4.42,277.29,0.90,Fwd,6.73
1748795933.41,0.90,4.42,277.29,0.95,Fwd,6.73
1748795933.41,0.90,4.42,277.29,0.95,Fwd,6.73
1748795933.41,0.90,4.42,277.29,0.95,Fwd,6.73
1748795933.41,0.90,4.42,277.29,0.95,Fwd,6.73
1748795933.51,0.90,4.42,277.29,0.95,Fwd,6.73
1748795933.51,1.16,4.42,277.29,0.95,Fwd,6.73
1748795933.51,1.16,5.41,277.29,0.95,Fwd,6.73
1748795933.51,1.16,5.41,277.85,0.95,Fwd,6.73
1748795933.51,1.16,5.41,277.85,0.89,Fwd,6.73
1748795933.51,1.16,5.41,277.85,0.89,Fwd,6.73
1748795933.51,1.16,5.41,277.85,0.89,Fwd,6.73
1748795933.51,1.16,5.41,277.85,0.89,Fwd,6.73
1748795933.61,1.16,5.41,277.85,0.89,Fwd,6.73
1748795933.64,1.16,5.41,277.85,0.89,Fwd,6.73
1748795933.68,1.16,5.27,277.85,0.89,Fwd,6.73
1748795933.68,1.16,5.27,279.44,0.89,Fwd,6.73
1748795933.68,1.16,5.27,279.44,0.86,Fwd,6.73
1748795933.69,1.16,5.27,279.44,0.86,Fwd,6.73
1748795933.69,1.16,5.27,279.44,0.86,Fwd,6.73
1748795933.69,1.16,5.27,279.44,0.86,Fwd,6.73
1748795933.71,1.16,5.27,279.44,0.86,Fwd,6.73
1748795933.71,1.50,5.27,279.44,0.86,Fwd,6.73
1748795933.72,1.50,4.71,279.44,0.86,Fwd,6.73
1748795933.72,1.50,4.71,281.86,0.86,Fwd,6.73
1748795933.72,1.50,4.71,281.86,1.08,Fwd,6.73
1748795933.72,1.50,4.71,281.86,1.08,Fwd,6.73
1748795933.75,1.50,4.71,281.86,1.08,Fwd,6.73
1748795933.82,1.50,4.71,281.86,1.08,Fwd,6.73
1748795933.86,1.50,4.71,281.86,1.08,Fwd,6.73
1748795933.89,-0.19,4.71,281.86,1.08,Fwd,6.73
1748795933.92,-0.19,3.42,281.86,1.08,Fwd,6.73
1748795933.96,-0.19,3.42,284.88,1.08,Fwd,6.73
1748795934.03,-0.19,3.42,284.88,1.03,Fwd,6.73
1748795934.06,-0.19,3.42,284.88,1.03,Fwd,6.73
1748795934.10,-0.19,3.42,284.88,1.03,Fwd,6.73
1748795934.14,-0.19,3.42,284.88,1.03,Fwd,6.73
1748795934.14,-0.19,3.42,284.88,1.03,Fwd,6.73
1748795934.14,-2.79,3.42,284.88,1.03,Fwd,6.73
1748795934.14,-2.79,1.20,284.88,1.03,Fwd,6.73
1748795934.14,-2.79,1.20,289.07,1.03,Fwd,6.73
1748795934.14,-2.79,1.20,289.07,0.95,Fwd,6.73
1748795934.17,-2.79,1.20,289.07,0.95,Fwd,6.73
1748795934.17,-2.79,1.20,289.07,0.95,Fwd,6.73
1748795934.17,-2.79,1.20,289.07,0.95,Fwd,6.73
1748795934.17,-2.79,1.20,289.07,0.95,Fwd,6.49
1748795934.17,-4.32,1.20,289.07,0.95,Fwd,6.49
1748795934.17,-4.32,-0.95,289.07,0.95,Fwd,6.49
1748795934.20,-4.32,-0.95,294.91,0.95,Fwd,6.49
1748795934.20,-4.32,-0.95,294.91,1.13,Fwd,6.49
1748795934.21,-4.32,-0.95,294.91,1.13,Fwd,6.49
1748795934.21,-4.32,-0.95,294.91,1.13,Fwd,6.49
1748795934.21,-4.32,-0.95,294.91,1.13,Fwd,6.49
1748795934.24,-4.32,-0.95,294.91,1.13,Fwd,6.49
1748795934.28,-2.92,-0.95,294.91,1.13,Fwd,6.49
1748795934.28,-2.92,-1.35,294.91,1.13,Fwd,6.49
1748795934.28,-2.92,-1.35,301.94,1.13,Fwd,6.49
1748795934.28,-2.92,-1.35,301.94,1.30,Fwd,6.49
1748795934.28,-2.92,-1.35,301.94,1.30,Fwd,6.49
1748795934.28,-2.92,-1.35,301.94,1.30,Fwd,6.49
1748795934.34,-2.92,-1.35,301.94,1.30,Fwd,6.49
1748795934.34,-2.92,-1.35,301.94,1.30,Fwd,6.49
1748795934.34,-2.67,-1.35,301.94,1.30,Fwd,6.49
1748795934.34,-2.67,-1.43,301.94,1.30,Fwd,6.49
1748795934.34,-2.67,-1.43,308.91,1.30,Fwd,6.49
1748795934.34,-2.67,-1.43,308.91,0.80,Fwd,6.49
1748795934.38,-2.67,-1.43,308.91,0.80,Fwd,6.49
1748795934.38,-2.67,-1.43,308.91,0.80,Fwd,6.49
1748795934.38,-2.67,-1.43,308.91,0.80,Fwd,6.49
1748795934.38,-2.67,-1.43,308.91,0.80,Fwd,6.49
1748795934.38,-1.68,-1.43,308.91,0.80,Fwd,6.49
1748795934.38,-1.68,-1.70,308.91,0.80,Fwd,6.49
1748795934.41,-1.68,-1.70,314.94,0.80,Fwd,6.49
1748795934.45,-1.68,-1.70,314.94,1.03,Fwd,6.49
1748795934.48,-1.68,-1.70,314.94,1.03,Fwd,6.49
1748795934.48,-1.68,-1.70,314.94,1.03,Fwd,6.49
1748795934.49,-1.68,-1.70,314.94,1.03,Fwd,6.49
1748795934.49,-1.68,-1.70,314.94,1.03,Fwd,9.58
1748795934.49,-1.77,-1.70,314.94,1.03,Fwd,9.58
1748795934.49,-1.77,-1.45,314.94,1.03,Fwd,9.58
1748795934.52,-1.77,-1.45,319.62,1.03,Fwd,9.58
1748795934.55,-1.77,-1.45,319.62,0.61,Fwd,9.58
1748795934.55,-1.77,-1.45,319.62,0.61,Fwd,9.58
1748795934.55,-1.77,-1.45,319.62,0.61,Fwd,9.58
1748795934.55,-1.77,-1.45,319.62,0.61,Fwd,9.58
1748795934.55,-1.77,-1.45,319.62,0.61,Fwd,9.58
1748795934.56,-2.26,-1.45,319.62,0.61,Fwd,9.58
1748795934.56,-2.26,-0.65,319.62,0.61,Fwd,9.58
1748795934.56,-2.26,-0.65,323.01,0.61,Fwd,9.58
1748795934.56,-2.26,-0.65,323.01,0.95,Fwd,9.58
1748795934.56,-2.26,-0.65,323.01,0.95,Fwd,9.58
1748795934.56,-2.26,-0.65,323.01,0.95,Fwd,9.58
1748795934.56,-2.26,-0.65,323.01,0.95,Fwd,9.58
1748795934.62,-2.26,-0.65,323.01,0.95,Fwd,9.58
1748795934.62,-2.44,-0.65,323.01,0.95,Fwd,9.58
1748795934.62,-2.44,0.50,323.01,0.95,Fwd,9.58
1748795934.62,-2.44,0.50,325.38,0.95,Fwd,9.58
1748795934.62,-2.44,0.50,325.38,0.99,Fwd,9.58
1748795934.63,-2.44,0.50,325.38,0.99,Fwd,9.58
1748795934.63,-2.44,0.50,325.38,0.99,Fwd,9.58
1748795934.63,-2.44,0.50,325.38,0.99,Fwd,9.58
1748795934.69,-2.44,0.50,325.38,0.99,Fwd,9.58
1748795934.69,-2.06,0.50,325.38,0.99,Fwd,9.58
1748795934.70,-2.06,1.22,325.38,0.99,Fwd,9.58
1748795934.70,-2.06,1.22,327.70,0.99,Fwd,9.58
1748795934.70,-2.06,1.22,327.70,1.52,Fwd,9.58
1748795934.70,-2.06,1.22,327.70,1.52,Fwd,9.58
1748795934.70,-2.06,1.22,327.70,1.52,Fwd,9.58
1748795934.70,-2.06,1.22,327.70,1.52,Fwd,9.58
1748795934.80,-2.06,1.22,327.70,1.52,Fwd,9.00
1748795934.83,-1.18,1.22,327.70,1.52,Fwd,9.00
1748795934.83,-1.18,1.43,327.70,1.52,Fwd,9.00
1748795934.84,-1.18,1.43,330.78,1.52,Fwd,9.00
1748795934.84,-1.18,1.43,330.78,0.86,Fwd,9.00
1748795934.84,-1.18,1.43,330.78,0.86,Fwd,9.00
1748795934.84,-1.18,1.43,330.78,0.86,Fwd,9.00
1748795934.84,-1.18,1.43,330.78,0.86,Fwd,9.00
1748795934.90,-1.18,1.43,330.78,0.86,Fwd,9.00
1748795934.91,-1.32,1.43,330.78,0.86,Fwd,9.00
1748795934.91,-1.32,1.04,330.78,0.86,Fwd,9.00
1748795934.91,-1.32,1.04,334.77,0.86,Fwd,9.00
1748795934.91,-1.32,1.04,334.77,0.89,Fwd,9.00
1748795934.91,-1.32,1.04,334.77,0.89,Fwd,9.00
1748795934.91,-1.32,1.04,334.77,0.89,Fwd,9.00
1748795934.91,-1.32,1.04,334.77,0.89,Fwd,9.00
1748795935.01,-1.32,1.04,334.77,0.89,Fwd,9.00
1748795935.04,-1.43,1.04,334.77,0.89,Fwd,9.00
1748795935.08,-1.43,0.63,334.77,0.89,Fwd,9.00
1748795935.08,-1.43,0.63,339.32,0.89,Fwd,9.00
1748795935.08,-1.43,0.63,339.32,0.98,Fwd,9.00
1748795935.11,-1.43,0.63,339.32,0.98,Fwd,9.00
1748795935.12,-1.43,0.63,339.32,0.98,Fwd,9.00
1748795935.12,-1.43,0.63,339.32,0.98,Fwd,9.00
1748795935.12,-1.43,0.63,339.32,0.98,Fwd,9.00
1748795935.12,-1.42,0.63,339.32,0.98,Fwd,9.00
1748795935.12,-1.42,-0.18,339.32,0.98,Fwd,9.00
1748795935.12,-1.42,-0.18,344.63,0.98,Fwd,9.00
1748795935.12,-1.42,-0.18,344.63,0.97,Fwd,9.00
1748795935.12,-1.42,-0.18,344.63,0.97,Fwd,9.00
1748795935.22,-1.42,-0.18,344.63,0.97,Fwd,8.39
1748795935.22,-1.04,-0.18,344.63,0.97,Fwd,8.39
1748795935.23,-1.04,-1.75,344.63,0.97,Fwd,8.39
1748795935.23,-1.04,-1.75,350.58,0.97,Fwd,8.39
1748795935.23,-1.04,-1.75,350.58,0.95,Fwd,8.39
1748795935.23,-1.04,-1.75,350.58,0.95,Fwd,8.39
1748795935.23,-1.04,-1.75,350.58,0.95,Fwd,8.39
1748795935.23,-1.04,-1.75,350.58,0.95,Fwd,8.39
1748795935.33,-1.04,-1.75,350.58,0.95,Fwd,8.39
1748795935.33,-0.61,-1.75,350.58,0.95,Fwd,8.39
1748795935.33,-0.61,-4.23,350.58,0.95,Fwd,8.39
1748795935.33,-0.61,-4.23,357.02,0.95,Fwd,8.39
1748795935.33,-0.61,-4.23,357.02,1.04,Fwd,8.39
1748795935.34,-0.61,-4.23,357.02,1.04,Fwd,8.39
1748795935.36,-0.61,-4.23,357.02,1.04,Fwd,8.39
1748795935.36,-0.61,-4.23,357.02,1.04,Fwd,8.39
1748795935.39,-0.61,-4.23,357.02,1.04,Fwd,8.39
1748795935.40,-1.13,-4.23,357.02,1.04,Fwd,8.39
1748795935.40,-1.13,-7.06,357.02,1.04,Fwd,8.39
1748795935.40,-1.13,-7.06,3.63,1.04,Fwd,8.39
1748795935.40,-1.13,-7.06,3.63,0.93,Fwd,8.39
1748795935.40,-1.13,-7.06,3.63,0.93,Fwd,8.39
1748795935.40,-1.13,-7.06,3.63,0.93,Fwd,8.39
1748795935.40,-1.13,-7.06,3.63,0.93,Fwd,8.39
1748795935.50,-1.13,-7.06,3.63,0.93,Fwd,8.39
1748795935.50,-1.76,-7.06,3.63,0.93,Fwd,8.39
1748795935.50,-1.76,-9.05,3.63,0.93,Fwd,8.39
1748795935.50,-1.76,-9.05,9.43,0.93,Fwd,8.39
1748795935.50,-1.76,-9.05,9.43,0.95,Fwd,8.39
1748795935.51,-1.76,-9.05,9.43,0.95,Fwd,8.39
1748795935.51,-1.76,-9.05,9.43,0.95,Fwd,8.39
1748795935.51,-1.76,-9.05,9.43,0.95,Fwd,8.39
1748795935.61,-1.76,-9.05,9.43,0.95,Fwd,8.39
1748795935.61,-2.25,-9.05,9.43,0.95,Fwd,8.39
1748795935.61,-2.25,-10.04,9.43,0.95,Fwd,8.39
1748795935.61,-2.25,-10.04,13.79,0.95,Fwd,8.39
1748795935.61,-2.25,-10.04,13.79,1.02,Fwd,8.39
1748795935.61,-2.25,-10.04,13.79,1.02,Fwd,8.39
1748795935.61,-2.25,-10.04,13.79,1.02,Fwd,8.39
1748795935.61,-2.25,-10.04,13.79,1.02,Fwd,8.39
1748795935.71,-2.25,-10.04,13.79,1.02,Fwd,7.54
1748795935.71,-2.03,-10.04,13.79,1.02,Fwd,7.54
1748795935.71,-2.03,-10.48,13.79,1.02,Fwd,7.54
1748795935.72,-2.03,-10.48,16.36,1.02,Fwd,7.54
1748795935.72,-2.03,-10.48,16.36,0.97,Fwd,7.54
1748795935.72,-2.03,-10.48,16.36,0.97,Fwd,7.54
1748795935.72,-2.03,-10.48,16.36,0.97,Fwd,7.54
1748795935.72,-2.03,-10.48,16.36,0.97,Fwd,7.54
1748795935.82,-2.03,-10.48,16.36,0.97,Fwd,7.54
1748795935.82,-0.93,-10.48,16.36,0.97,Fwd,7.54
1748795935.82,-0.93,-10.71,16.36,0.97,Fwd,7.54
1748795935.82,-0.93,-10.71,17.20,0.97,Fwd,7.54
1748795935.82,-0.93,-10.71,17.20,0.90,Fwd,7.54
1748795935.82,-0.93,-10.71,17.20,0.90,Fwd,7.54
1748795935.83,-0.93,-10.71,17.20,0.90,Fwd,7.54
1748795935.83,-0.93,-10.71,17.20,0.90,Fwd,7.54
1748795935.92,-0.93,-10.71,17.20,0.90,Fwd,7.54
1748795935.95,-0.23,-10.71,17.20,0.90,Fwd,7.54
1748795935.96,-0.23,-10.53,17.20,0.90,Fwd,7.54
1748795935.96,-0.23,-10.53,17.24,0.90,Fwd,7.54
1748795935.96,-0.23,-10.53,17.24,0.94,Fwd,7.54
1748795935.96,-0.23,-10.53,17.24,0.94,Fwd,7.54
1748795935.96,-0.23,-10.53,17.24,0.94,Fwd,7.54
1748795935.96,-0.23,-10.53,17.24,0.94,Fwd,7.54
1748795936.03,-0.23,-10.53,17.24,0.94,Fwd,7.54
1748795936.03,0.39,-10.53,17.24,0.94,Fwd,7.54
1748795936.03,0.39,-9.72,17.24,0.94,Fwd,7.54
1748795936.03,0.39,-9.72,16.66,0.94,Fwd,7.54
1748795936.03,0.39,-9.72,16.66,0.87,Fwd,7.54
1748795936.04,0.39,-9.72,16.66,0.87,Fwd,7.54
1748795936.06,0.39,-9.72,16.66,0.87,Fwd,7.54
1748795936.06,0.39,-9.72,16.66,0.87,Fwd,7.54
1748795936.09,0.39,-9.72,16.66,0.87,Fwd,7.54
1748795936.10,0.80,-9.72,16.66,0.87,Fwd,7.54
1748795936.10,0.80,-8.52,16.66,0.87,Fwd,7.54
1748795936.10,0.80,-8.52,15.86,0.87,Fwd,7.54
1748795936.10,0.80,-8.52,15.86,0.95,Fwd,7.54
1748795936.10,0.80,-8.52,15.86,0.95,Fwd,7.54
1748795936.10,0.80,-8.52,15.86,0.95,Fwd,7.54
1748795936.10,0.80,-8.52,15.86,0.95,Fwd,7.54
1748795936.20,0.80,-8.52,15.86,0.95,Fwd,7.54
1748795936.20,0.34,-8.52,15.86,0.95,Fwd,7.54
1748795936.21,0.34,-7.82,15.86,0.95,Fwd,7.54
1748795936.21,0.34,-7.82,15.09,0.95,Fwd,7.54
1748795936.21,0.34,-7.82,15.09,0.90,Fwd,7.54
1748795936.21,0.34,-7.82,15.09,0.90,Fwd,7.54
1748795936.21,0.34,-7.82,15.09,0.90,Fwd,7.54
1748795936.21,0.34,-7.82,15.09,0.90,Fwd,7.54
1748795936.30,0.34,-7.82,15.09,0.90,Fwd,6.22
1748795936.31,-1.70,-7.82,15.09,0.90,Fwd,6.22
1748795936.31,-1.70,-6.58,15.09,0.90,Fwd,6.22
1748795936.31,-1.70,-6.58,13.97,0.90,Fwd,6.22
1748795936.34,-1.70,-6.58,13.97,0.90,Fwd,6.22
1748795936.34,-1.70,-6.58,13.97,0.90,Fwd,6.22
1748795936.34,-1.70,-6.58,13.97,0.90,Fwd,6.22
1748795936.34,-1.70,-6.58,13.97,0.90,Fwd,6.22
1748795936.41,-1.70,-6.58,13.97,0.90,Fwd,6.22
1748795936.41,-3.28,-6.58,13.97,0.90,Fwd,6.22
1748795936.41,-3.28,-5.37,13.97,0.90,Fwd,6.22
1748795936.44,-3.28,-5.37,12.03,0.90,Fwd,6.22
1748795936.45,-3.28,-5.37,12.03,1.07,Fwd,6.22
1748795936.45,-3.28,-5.37,12.03,1.07,Fwd,6.22
1748795936.45,-3.28,-5.37,12.03,1.07,Fwd,6.22
1748795936.45,-3.28,-5.37,12.03,1.07,Fwd,6.22
1748795936.51,-3.28,-5.37,12.03,1.07,Fwd,6.22
1748795936.51,-3.54,-5.37,12.03,1.07,Fwd,6.22
1748795936.51,-3.54,-4.87,12.03,1.07,Fwd,6.22
1748795936.51,-3.54,-4.87,9.14,1.07,Fwd,6.22
1748795936.51,-3.54,-4.87,9.14,1.15,Fwd,6.22
1748795936.52,-3.54,-4.87,9.14,1.15,Fwd,6.22
1748795936.52,-3.54,-4.87,9.14,1.15,Fwd,6.22
1748795936.52,-3.54,-4.87,9.14,1.15,Fwd,6.22
1748795936.62,-3.54,-4.87,9.14,1.15,Fwd,6.22
1748795936.62,-3.00,-4.87,9.14,1.15,Fwd,6.22
1748795936.62,-3.00,-5.19,9.14,1.15,Fwd,6.22
1748795936.62,-3.00,-5.19,6.11,1.15,Fwd,6.22
1748795936.62,-3.00,-5.19,6.11,0.95,Fwd,6.22
1748795936.62,-3.00,-5.19,6.11,0.95,Fwd,6.22
1748795936.62,-3.00,-5.19,6.11,0.95,Fwd,6.22
1748795936.62,-3.00,-5.19,6.11,0.95,Fwd,6.22
1748795936.72,-3.00,-5.19,6.11,0.95,Fwd,6.22
1748795936.73,-2.67,-5.19,6.11,0.95,Fwd,6.22
1748795936.73,-2.67,-5.13,6.11,0.95,Fwd,6.22
1748795936.73,-2.67,-5.13,2.89,0.95,Fwd,6.22
1748795936.73,-2.67,-5.13,2.89,0.92,Fwd,6.22
1748795936.73,-2.67,-5.13,2.89,0.92,Fwd,6.22
1748795936.73,-2.67,-5.13,2.89,0.92,Fwd,6.22
1748795936.73,-2.67,-5.13,2.89,0.92,Fwd,6.22
1748795936.79,-2.67,-5.13,2.89,0.92,Fwd,8.49
1748795936.79,-2.73,-5.13,2.89,0.92,Fwd,8.49
1748795936.79,-2.73,-4.65,2.89,0.92,Fwd,8.49
1748795936.79,-2.73,-4.65,358.72,0.92,Fwd,8.49
1748795936.79,-2.73,-4.65,358.72,1.00,Fwd,8.49
1748795936.80,-2.73,-4.65,358.72,1.00,Fwd,8.49
1748795936.80,-2.73,-4.65,358.72,1.00,Fwd,8.49
1748795936.80,-2.73,-4.65,358.72,1.00,Fwd,8.49
1748795936.90,-2.73,-4.65,358.72,1.00,Fwd,8.49
1748795936.90,-2.33,-4.65,358.72,1.00,Fwd,8.49
1748795936.90,-2.33,-3.56,358.72,1.00,Fwd,8.49
1748795936.90,-2.33,-3.56,353.30,1.00,Fwd,8.49
1748795936.90,-2.33,-3.56,353.30,0.99,Fwd,8.49
1748795936.90,-2.33,-3.56,353.30,0.99,Fwd,8.49
1748795936.93,-2.33,-3.56,353.30,0.99,Fwd,8.49
1748795936.97,-2.33,-3.56,353.30,0.99,Fwd,8.49
1748795937.01,-2.33,-3.56,353.30,0.99,Fwd,8.49
1748795937.01,-1.78,-3.56,353.30,0.99,Fwd,8.49
1748795937.01,-1.78,-2.31,353.30,0.99,Fwd,8.49
1748795937.01,-1.78,-2.31,347.12,0.99,Fwd,8.49
1748795937.01,-1.78,-2.31,347.12,0.99,Fwd,8.49
1748795937.01,-1.78,-2.31,347.12,0.99,Fwd,8.49
1748795937.01,-1.78,-2.31,347.12,0.99,Fwd,8.49
1748795937.01,-1.78,-2.31,347.12,0.99,Fwd,8.49
1748795937.15,-1.78,-2.31,347.12,0.99,Fwd,8.49
1748795937.15,-1.91,-2.31,347.12,0.99,Fwd,8.49
1748795937.15,-1.91,-1.37,347.12,0.99,Fwd,8.49
1748795937.15,-1.91,-1.37,340.93,0.99,Fwd,8.49
1748795937.15,-1.91,-1.37,340.93,0.96,Fwd,8.49
1748795937.16,-1.91,-1.37,340.93,0.96,Fwd,8.49
1748795937.16,-1.91,-1.37,340.93,0.96,Fwd,8.49
1748795937.16,-1.91,-1.37,340.93,0.96,Fwd,8.49
1748795937.22,-1.91,-1.37,340.93,0.96,Fwd,8.49
1748795937.22,-2.23,-1.37,340.93,0.96,Fwd,8.49
1748795937.22,-2.23,0.08,340.93,0.96,Fwd,8.49
1748795937.22,-2.23,0.08,334.83,0.96,Fwd,8.49
1748795937.22,-2.23,0.08,334.83,0.97,Fwd,8.49
1748795937.23,-2.23,0.08,334.83,0.97,Fwd,8.49
1748795937.23,-2.23,0.08,334.83,0.97,Fwd,8.49
1748795937.23,-2.23,0.08,334.83,0.97,Fwd,8.49
1748795937.32,-2.23,0.08,334.83,0.97,Fwd,8.49
1748795937.36,-2.45,0.08,334.83,0.97,Fwd,8.49
1748795937.36,-2.45,1.18,334.83,0.97,Fwd,8.49
1748795937.36,-2.45,1.18,329.57,0.97,Fwd,8.49
1748795937.36,-2.45,1.18,329.57,0.93,Fwd,8.49
1748795937.36,-2.45,1.18,329.57,0.93,Fwd,8.49
1748795937.36,-2.45,1.18,329.57,0.93,Fwd,8.49
1748795937.36,-2.45,1.18,329.57,0.93,Fwd,8.49
1748795937.43,-2.45,1.18,329.57,0.93,Fwd,8.49
1748795937.46,-2.64,1.18,329.57,0.93,Fwd,8.49
1748795937.46,-2.64,1.75,329.57,0.93,Fwd,8.49
1748795937.46,-2.64,1.75,325.38,0.93,Fwd,8.49
1748795937.46,-2.64,1.75,325.38,0.96,Fwd,8.49
1748795937.47,-2.64,1.75,325.38,0.96,Fwd,8.49
1748795937.47,-2.64,1.75,325.38,0.96,Fwd,8.49
1748795937.47,-2.64,1.75,325.38,0.96,Fwd,8.49
1748795937.50,-2.64,1.75,325.38,0.96,Fwd,8.49
1748795937.53,-2.49,1.75,325.38,0.96,Fwd,8.49
1748795937.53,-2.49,2.32,325.38,0.96,Fwd,8.49
1748795937.53,-2.49,2.32,322.01,0.96,Fwd,8.49
1748795937.53,-2.49,2.32,322.01,1.12,Fwd,8.49
1748795937.54,-2.49,2.32,322.01,1.12,Fwd,8.49
1748795937.54,-2.49,2.32,322.01,1.12,Fwd,8.49
1748795937.54,-2.49,2.32,322.01,1.12,Fwd,8.49
1748795937.60,-2.49,2.32,322.01,1.12,Fwd,8.49
1748795937.63,-2.19,2.32,322.01,1.12,Fwd,8.49
1748795937.63,-2.19,2.90,322.01,1.12,Fwd,8.49
1748795937.64,-2.19,2.90,319.14,1.12,Fwd,8.49
1748795937.64,-2.19,2.90,319.14,0.96,Fwd,8.49
1748795937.64,-2.19,2.90,319.14,0.96,Fwd,8.49
1748795937.64,-2.19,2.90,319.14,0.96,Fwd,8.49
1748795937.64,-2.19,2.90,319.14,0.96,Fwd,8.49
1748795937.71,-2.19,2.90,319.14,0.96,Fwd,7.32
1748795937.71,-1.99,2.90,319.14,0.96,Fwd,7.32
1748795937.71,-1.99,3.34,319.14,0.96,Fwd,7.32
1748795937.71,-1.99,3.34,316.83,0.96,Fwd,7.32
1748795937.71,-1.99,3.34,316.83,1.05,Fwd,7.32
1748795937.71,-1.99,3.34,316.83,1.05,Fwd,7.32
1748795937.74,-1.99,3.34,316.83,1.05,Fwd,7.32
1748795937.77,-1.99,3.34,316.83,1.05,Fwd,7.32
1748795937.81,-1.99,3.34,316.83,1.05,Fwd,7.32
1748795937.81,-1.70,3.34,316.83,1.05,Fwd,7.32
1748795937.81,-1.70,3.50,316.83,1.05,Fwd,7.32
1748795937.81,-1.70,3.50,315.00,1.05,Fwd,7.32
1748795937.81,-1.70,3.50,315.00,0.94,Fwd,7.32
1748795937.82,-1.70,3.50,315.00,0.94,Fwd,7.32
1748795937.82,-1.70,3.50,315.00,0.94,Fwd,7.32
1748795937.82,-1.70,3.50,315.00,0.94,Fwd,7.32
1748795937.92,-1.70,3.50,315.00,0.94,Fwd,7.32
1748795937.95,-1.43,3.50,315.00,0.94,Fwd,7.32
1748795937.98,-1.43,3.70,315.00,0.94,Fwd,7.32
1748795937.99,-1.43,3.70,313.57,0.94,Fwd,7.32
1748795937.99,-1.43,3.70,313.57,0.99,Fwd,7.32
1748795937.99,-1.43,3.70,313.57,0.99,Fwd,7.32
1748795937.99,-1.43,3.70,313.57,0.99,Fwd,7.32
1748795937.99,-1.43,3.70,313.57,0.99,Fwd,7.32
1748795938.02,-1.43,3.70,313.57,0.99,Fwd,7.32
1748795938.02,-1.20,3.70,313.57,0.99,Fwd,7.32
1748795938.03,-1.20,3.30,313.57,0.99,Fwd,7.32
1748795938.03,-1.20,3.30,312.75,0.99,Fwd,7.32
1748795938.03,-1.20,3.30,312.75,0.98,Fwd,7.32
1748795938.03,-1.20,3.30,312.75,0.98,Fwd,7.32
1748795938.03,-1.20,3.30,312.75,0.98,Fwd,7.32
1748795938.03,-1.20,3.30,312.75,0.98,Fwd,7.32
1748795938.12,-1.20,3.30,312.75,0.98,Fwd,7.32
1748795938.16,-0.94,3.30,312.75,0.98,Fwd,7.32
1748795938.16,-0.94,2.78,312.75,0.98,Fwd,7.32
1748795938.16,-0.94,2.78,312.57,0.98,Fwd,7.32
1748795938.16,-0.94,2.78,312.57,0.97,Fwd,7.32
1748795938.16,-0.94,2.78,312.57,0.97,Fwd,7.32
1748795938.16,-0.94,2.78,312.57,0.97,Fwd,7.32
1748795938.16,-0.94,2.78,312.57,0.97,Fwd,7.32
1748795938.19,-0.94,2.78,312.57,0.97,Fwd,7.32
1748795938.19,-0.71,2.78,312.57,0.97,Fwd,7.32
1748795938.19,-0.71,2.40,312.57,0.97,Fwd,7.32
1748795938.19,-0.71,2.40,312.63,0.97,Fwd,7.32
1748795938.19,-0.71,2.40,312.63,0.94,Fwd,7.32
1748795938.19,-0.71,2.40,312.63,0.94,Fwd,7.32
1748795938.19,-0.71,2.40,312.63,0.94,Fwd,7.32
1748795938.20,-0.71,2.40,312.63,0.94,Fwd,7.32
1748795938.30,-0.71,2.40,312.63,0.94,Fwd,6.61
1748795938.30,-0.76,2.40,312.63,0.94,Fwd,6.61
1748795938.30,-0.76,2.22,312.63,0.94,Fwd,6.61
1748795938.30,-0.76,2.22,312.51,0.94,Fwd,6.61
1748795938.30,-0.76,2.22,312.51,0.99,Fwd,6.61
1748795938.30,-0.76,2.22,312.51,0.99,Fwd,6.61
1748795938.33,-0.76,2.22,312.51,0.99,Fwd,6.61
1748795938.33,-0.76,2.22,312.51,0.99,Fwd,6.61
1748795938.40,-0.76,2.22,312.51,0.99,Fwd,6.61
1748795938.41,-0.86,2.22,312.51,0.99,Fwd,6.61
1748795938.41,-0.86,2.28,312.51,0.99,Fwd,6.61
1748795938.41,-0.86,2.28,312.08,0.99,Fwd,6.61
1748795938.41,-0.86,2.28,312.08,0.90,Fwd,6.61
1748795938.41,-0.86,2.28,312.08,0.90,Fwd,6.61
1748795938.41,-0.86,2.28,312.08,0.90,Fwd,6.61
1748795938.41,-0.86,2.28,312.08,0.90,Fwd,6.61
1748795938.54,-0.86,2.28,312.08,0.90,Fwd,6.61
1748795938.55,-1.04,2.28,312.08,0.90,Fwd,6.61
1748795938.55,-1.04,2.36,312.08,0.90,Fwd,6.61
1748795938.55,-1.04,2.36,311.42,0.90,Fwd,6.61
1748795938.55,-1.04,2.36,311.42,0.97,Fwd,6.61
1748795938.55,-1.04,2.36,311.42,0.97,Fwd,6.61
1748795938.58,-1.04,2.36,311.42,0.97,Fwd,6.61
1748795938.61,-1.04,2.36,311.42,0.97,Fwd,6.61
1748795938.65,-1.04,2.36,311.42,0.97,Fwd,6.61
1748795938.69,-1.03,2.36,311.42,0.97,Fwd,6.61
1748795938.69,-1.03,2.60,311.42,0.97,Fwd,6.61
1748795938.69,-1.03,2.60,310.23,0.97,Fwd,6.61
1748795938.69,-1.03,2.60,310.23,0.88,Fwd,6.61
1748795938.69,-1.03,2.60,310.23,0.88,Fwd,6.61
1748795938.69,-1.03,2.60,310.23,0.88,Fwd,6.61
1748795938.72,-1.03,2.60,310.23,0.88,Fwd,6.61
1748795938.76,-1.03,2.60,310.23,0.88,Fwd,6.61
1748795938.79,-0.99,2.60,310.23,0.88,Fwd,6.61
1748795938.80,-0.99,3.14,310.23,0.88,Fwd,6.61
1748795938.80,-0.99,3.14,308.22,0.88,Fwd,6.61
1748795938.80,-0.99,3.14,308.22,1.09,Fwd,6.61
1748795938.80,-0.99,3.14,308.22,1.09,Fwd,6.61
1748795938.80,-0.99,3.14,308.22,1.09,Fwd,6.61
1748795938.82,-0.99,3.14,308.22,1.09,Fwd,6.61
1748795938.83,-0.99,3.14,308.22,1.09,Fwd,6.61
1748795938.83,-0.79,3.14,308.22,1.09,Fwd,6.61
1748795938.83,-0.79,4.24,308.22,1.09,Fwd,6.61
1748795938.83,-0.79,4.24,305.99,1.09,Fwd,6.61
1748795938.83,-0.79,4.24,305.99,0.93,Fwd,6.61
1748795938.86,-0.79,4.24,305.99,0.93,Fwd,6.61
1748795938.89,-0.79,4.24,305.99,0.93,Fwd,6.61
1748795938.93,-0.79,4.24,305.99,0.93,Fwd,6.61
1748795938.97,-0.79,4.24,305.99,0.93,Fwd,6.61
1748795939.00,-0.70,4.24,305.99,0.93,Fwd,6.61
1748795939.03,-0.70,5.30,305.99,0.93,Fwd,6.61
1748795939.04,-0.70,5.30,304.50,0.93,Fwd,6.61
1748795939.04,-0.70,5.30,304.50,0.93,Fwd,6.61
1748795939.04,-0.70,5.30,304.50,0.93,Fwd,6.61
1748795939.04,-0.70,5.30,304.50,0.93,Fwd,6.61
1748795939.04,-0.70,5.30,304.50,0.93,Fwd,6.61
1748795939.07,-0.70,5.30,304.50,0.93,Fwd,6.61
1748795939.11,-0.15,5.30,304.50,0.93,Fwd,6.61
1748795939.14,-0.15,5.47,304.50,0.93,Fwd,6.61
1748795939.14,-0.15,5.47,304.46,0.93,Fwd,6.61
1748795939.14,-0.15,5.47,304.46,0.93,Fwd,6.61
1748795939.15,-0.15,5.47,304.46,0.93,Fwd,6.61
1748795939.15,-0.15,5.47,304.46,0.93,Fwd,6.61
1748795939.15,-0.15,5.47,304.46,0.93,Fwd,6.61
1748795939.17,-0.15,5.47,304.46,0.93,Fwd,6.61
1748795939.21,0.29,5.47,304.46,0.93,Fwd,6.61
1748795939.24,0.29,4.75,304.46,0.93,Fwd,6.61
1748795939.28,0.29,4.75,306.06,0.93,Fwd,6.61
1748795939.28,0.29,4.75,306.06,1.05,Fwd,6.61
1748795939.29,0.29,4.75,306.06,1.05,Fwd,6.61
1748795939.29,0.29,4.75,306.06,1.05,Fwd,6.61
1748795939.29,0.29,4.75,306.06,1.05,Fwd,6.61
1748795939.29,0.29,4.75,306.06,1.05,Fwd,6.61
1748795939.32,0.52,4.75,306.06,1.05,Fwd,6.61
1748795939.32,0.52,2.22,306.06,1.05,Fwd,6.61
1748795939.32,0.52,2.22,309.58,1.05,Fwd,6.61
1748795939.32,0.52,2.22,309.58,0.95,Fwd,6.61
1748795939.32,0.52,2.22,309.58,0.95,Fwd,6.61
1748795939.32,0.52,2.22,309.58,0.95,Fwd,6.61
1748795939.35,0.52,2.22,309.58,0.95,Fwd,6.61
1748795939.39,0.52,2.22,309.58,0.95,Fwd,6.61
1748795939.39,0.63,2.22,309.58,0.95,Fwd,6.61
1748795939.39,0.63,-0.67,309.58,0.95,Fwd,6.61
1748795939.39,0.63,-0.67,313.89,0.95,Fwd,6.61
1748795939.39,0.63,-0.67,313.89,1.04,Fwd,6.61
1748795939.39,0.63,-0.67,313.89,1.04,Fwd,6.61
1748795939.42,0.63,-0.67,313.89,1.04,Fwd,6.61
1748795939.42,0.63,-0.67,313.89,1.04,Fwd,6.61
1748795939.42,0.63,-0.67,313.89,1.04,Fwd,6.33
1748795939.42,0.83,-0.67,313.89,1.04,Fwd,6.33
1748795939.42,0.83,-1.03,313.89,1.04,Fwd,6.33
1748795939.42,0.83,-1.03,316.71,1.04,Fwd,6.33
1748795939.45,0.83,-1.03,316.71,0.94,Fwd,6.33
1748795939.45,0.83,-1.03,316.71,0.94,Fwd,6.33
1748795939.46,0.83,-1.03,316.71,0.94,Fwd,6.33
1748795939.46,0.83,-1.03,316.71,0.94,Fwd,6.33
1748795939.53,0.83,-1.03,316.71,0.94,Fwd,6.33
1748795939.56,0.93,-1.03,316.71,0.94,Fwd,6.33
1748795939.56,0.93,-0.64,316.71,0.94,Fwd,6.33
1748795939.56,0.93,-0.64,317.88,0.94,Fwd,6.33
1748795939.56,0.93,-0.64,317.88,0.94,Fwd,6.33
1748795939.56,0.93,-0.64,317.88,0.94,Fwd,6.33
1748795939.57,0.93,-0.64,317.88,0.94,Fwd,6.33
1748795939.57,0.93,-0.64,317.88,0.94,Fwd,6.33
1748795939.59,0.93,-0.64,317.88,0.94,Fwd,6.33
1748795939.59,0.69,-0.64,317.88,0.94,Fwd,6.33
1748795939.59,0.69,-0.52,317.88,0.94,Fwd,6.33
1748795939.59,0.69,-0.52,317.98,0.94,Fwd,6.33
1748795939.59,0.69,-0.52,317.98,0.91,Fwd,6.33
1748795939.60,0.69,-0.52,317.98,0.91,Fwd,6.33
1748795939.60,0.69,-0.52,317.98,0.91,Fwd,6.33
1748795939.60,0.69,-0.52,317.98,0.91,Fwd,6.33
1748795939.70,0.69,-0.52,317.98,0.91,Fwd,6.33
1748795939.70,0.69,-0.52,317.98,0.91,Fwd,6.33
1748795939.70,0.69,0.51,317.98,0.91,Fwd,6.33
1748795939.70,0.69,0.51,317.18,0.91,Fwd,6.33
1748795939.70,0.69,0.51,317.18,0.98,Fwd,6.33
1748795939.70,0.69,0.51,317.18,0.98,Fwd,6.33
1748795939.70,0.69,0.51,317.18,0.98,Fwd,6.33
1748795939.70,0.69,0.51,317.18,0.98,Fwd,6.33
1748795939.80,0.69,0.51,317.18,0.98,Fwd,6.33
1748795939.80,1.66,0.51,317.18,0.98,Fwd,6.33
1748795939.80,1.66,0.83,317.18,0.98,Fwd,6.33
1748795939.81,1.66,0.83,316.17,0.98,Fwd,6.33
1748795939.81,1.66,0.83,316.17,1.01,Fwd,6.33
1748795939.81,1.66,0.83,316.17,1.01,Fwd,6.33
1748795939.81,1.66,0.83,316.17,1.01,Fwd,6.33
1748795939.81,1.66,0.83,316.17,1.01,Fwd,6.33
1748795939.91,1.66,0.83,316.17,1.01,Fwd,6.33
1748795939.91,2.88,0.83,316.17,1.01,Fwd,6.33
1748795939.91,2.88,0.70,316.17,1.01,Fwd,6.33
1748795939.91,2.88,0.70,315.50,1.01,Fwd,6.33
1748795939.91,2.88,0.70,315.50,0.99,Fwd,6.33
1748795939.91,2.88,0.70,315.50,0.99,Fwd,6.33
1748795939.91,2.88,0.70,315.50,0.99,Fwd,6.33
1748795939.91,2.88,0.70,315.50,0.99,Fwd,6.33
1748795940.01,2.88,0.70,315.50,0.99,Fwd,6.33
1748795940.01,2.64,0.70,315.50,0.99,Fwd,6.33
1748795940.01,2.64,0.47,315.50,0.99,Fwd,6.33
1748795940.01,2.64,0.47,315.07,0.99,Fwd,6.33
1748795940.01,2.64,0.47,315.07,0.92,Fwd,6.33
1748795940.01,2.64,0.47,315.07,0.92,Fwd,6.33
1748795940.02,2.64,0.47,315.07,0.92,Fwd,6.33
1748795940.02,2.64,0.47,315.07,0.92,Fwd,6.33
1748795940.12,2.64,0.47,315.07,0.92,Fwd,5.15
1748795940.12,1.18,0.47,315.07,0.92,Fwd,5.15
1748795940.12,1.18,0.32,315.07,0.92,Fwd,5.15
1748795940.12,1.18,0.32,314.79,0.92,Fwd,5.15
1748795940.12,1.18,0.32,314.79,0.93,Fwd,5.15
1748795940.12,1.18,0.32,314.79,0.93,Fwd,5.15
1748795940.12,1.18,0.32,314.79,0.93,Fwd,5.15
1748795940.12,1.18,0.32,314.79,0.93,Fwd,5.15
1748795940.22,1.18,0.32,314.79,0.93,Fwd,5.15
1748795940.22,0.13,0.32,314.79,0.93,Fwd,5.15
1748795940.23,0.13,0.54,314.79,0.93,Fwd,5.15
1748795940.23,0.13,0.54,314.65,0.93,Fwd,5.15
1748795940.23,0.13,0.54,314.65,1.05,Fwd,5.15
1748795940.23,0.13,0.54,314.65,1.05,Fwd,5.15
1748795940.23,0.13,0.54,314.65,1.05,Fwd,5.15
1748795940.23,0.13,0.54,314.65,1.05,Fwd,5.15
1748795940.29,0.13,0.54,314.65,1.05,Fwd,5.15
1748795940.29,-1.90,0.54,314.65,1.05,Fwd,5.15
1748795940.29,-1.90,0.20,314.65,1.05,Fwd,5.15
1748795940.30,-1.90,0.20,314.34,1.05,Fwd,5.15
1748795940.30,-1.90,0.20,314.34,0.92,Fwd,5.15
1748795940.30,-1.90,0.20,314.34,0.92,Fwd,5.15
1748795940.30,-1.90,0.20,314.34,0.92,Fwd,5.15
1748795940.30,-1.90,0.20,314.34,0.92,Fwd,5.15
1748795940.40,-1.90,0.20,314.34,0.92,Fwd,5.15
1748795940.40,-6.64,0.20,314.34,0.92,Fwd,5.15
1748795940.40,-6.64,0.02,314.34,0.92,Fwd,5.15
1748795940.40,-6.64,0.02,313.70,0.92,Fwd,5.15
1748795940.40,-6.64,0.02,313.70,1.48,Fwd,5.15
1748795940.40,-6.64,0.02,313.70,1.48,Fwd,5.15
1748795940.40,-6.64,0.02,313.70,1.48,Fwd,5.15
1748795940.40,-6.64,0.02,313.70,1.48,Fwd,5.15
1748795940.54,-6.64,0.02,313.70,1.48,Fwd,5.15
1748795940.54,-10.47,0.02,313.70,1.48,Fwd,5.15
1748795940.54,-10.47,-0.34,313.70,1.48,Fwd,5.15
1748795940.54,-10.47,-0.34,311.96,1.48,Fwd,5.15
1748795940.54,-10.47,-0.34,311.96,-0.09,Fwd,5.15
1748795940.54,-10.47,-0.34,311.96,-0.09,Fwd,5.15
1748795940.54,-10.47,-0.34,311.96,-0.09,Fwd,5.15
1748795940.54,-10.47,-0.34,311.96,-0.09,Fwd,5.15
1748795940.61,-10.47,-0.34,311.96,-0.09,Fwd,9.22
1748795940.64,-15.92,-0.34,311.96,-0.09,Fwd,9.22
1748795940.64,-15.92,-0.18,311.96,-0.09,Fwd,9.22
1748795940.64,-15.92,-0.18,312.87,-0.09,Fwd,9.22
1748795940.64,-15.92,-0.18,312.87,0.76,Fwd,9.22
1748795940.64,-15.92,-0.18,312.87,0.76,Fwd,9.22
1748795940.64,-15.92,-0.18,312.87,0.76,Fwd,9.22
1748795940.64,-15.92,-0.18,312.87,0.76,Fwd,9.22
1748795940.71,-15.92,-0.18,312.87,0.76,Fwd,9.22
1748795940.71,-20.85,-0.18,312.87,0.76,Fwd,9.22
1748795940.71,-20.85,-3.60,312.87,0.76,Fwd,9.22
1748795940.75,-20.85,-3.60,315.54,0.76,Fwd,9.22
1748795940.75,-20.85,-3.60,315.54,0.76,Fwd,9.22
1748795940.75,-20.85,-3.60,315.54,0.76,Fwd,9.22
1748795940.75,-20.85,-3.60,315.54,0.76,Fwd,9.22
1748795940.75,-20.85,-3.60,315.54,0.76,Fwd,9.22
1748795940.82,-20.85,-3.60,315.54,0.76,Fwd,9.22
1748795940.82,-27.29,-3.60,315.54,0.76,Fwd,9.22
1748795940.83,-27.29,-3.97,315.54,0.76,Fwd,9.22
1748795940.83,-27.29,-3.97,314.95,0.76,Fwd,9.22
1748795940.83,-27.29,-3.97,314.95,0.88,Fwd,9.22
1748795940.83,-27.29,-3.97,314.95,0.88,Fwd,9.22
1748795940.83,-27.29,-3.97,314.95,0.88,Fwd,9.22
1748795940.83,-27.29,-3.97,314.95,0.88,Fwd,9.22
1748795940.93,-27.29,-3.97,314.95,0.88,Fwd,9.22
1748795940.93,-32.47,-3.97,314.95,0.88,Fwd,9.22
1748795940.93,-32.47,-3.54,314.95,0.88,Fwd,9.22
1748795940.93,-32.47,-3.54,314.30,0.88,Fwd,9.22
1748795940.93,-32.47,-3.54,314.30,0.94,Fwd,9.22
1748795940.94,-32.47,-3.54,314.30,0.94,Fwd,9.22
1748795940.94,-32.47,-3.54,314.30,0.94,Fwd,9.22
1748795940.94,-32.47,-3.54,314.30,0.94,Fwd,9.22
1748795941.00,-32.47,-3.54,314.30,0.94,Fwd,9.22
1748795941.00,-36.89,-3.54,314.30,0.94,Fwd,9.22
1748795941.00,-36.89,-3.22,314.30,0.94,Fwd,9.22
1748795941.00,-36.89,-3.22,313.80,0.94,Fwd,9.22
1748795941.00,-36.89,-3.22,313.80,0.94,Fwd,9.22
1748795941.00,-36.89,-3.22,313.80,0.94,Fwd,9.22
1748795941.00,-36.89,-3.22,313.80,0.94,Fwd,9.22
1748795941.01,-36.89,-3.22,313.80,0.94,Fwd,9.22