1748796013.30,0.16,-1.32,154.52,1.03,Fwd,41.49
1748796013.34,-0.46,-1.32,154.52,1.03,Fwd,41.49
1748796013.38,-0.46,-0.49,154.52,1.03,Fwd,41.49
1748796013.38,-0.46,-0.49,154.88,1.03,Fwd,41.49
1748796013.38,-0.46,-0.49,154.88,1.07,Fwd,41.49
1748796013.38,-0.46,-0.49,154.88,1.07,Fwd,41.49
1748796013.38,-0.46,-0.49,154.88,1.07,Fwd,41.49
1748796013.38,-0.46,-0.49,154.88,1.07,Fwd,41.49
1748796013.41,-0.46,-0.49,154.88,1.07,Fwd,41.49
1748796013.41,-0.90,-0.49,154.88,1.07,Fwd,41.49
1748796013.41,-0.90,-0.04,154.88,1.07,Fwd,41.49
1748796013.41,-0.90,-0.04,155.33,1.07,Fwd,41.49
1748796013.42,-0.90,-0.04,155.33,0.93,Fwd,41.49
1748796013.42,-0.90,-0.04,155.33,0.93,Fwd,41.49
1748796013.42,-0.90,-0.04,155.33,0.93,Fwd,41.49
1748796013.42,-0.90,-0.04,155.33,0.93,Fwd,41.49
1748796013.52,-0.90,-0.04,155.33,0.93,Fwd,41.49
1748796013.52,-0.63,-0.04,155.33,0.93,Fwd,41.49
1748796013.52,-0.63,0.33,155.33,0.93,Fwd,41.49
1748796013.55,-0.63,0.33,155.09,0.93,Fwd,41.49
1748796013.58,-0.63,0.33,155.09,1.48,Fwd,41.49
1748796013.62,-0.63,0.33,155.09,1.48,Fwd,41.49
1748796013.65,-0.63,0.33,155.09,1.48,Fwd,41.49
1748796013.66,-0.63,0.33,155.09,1.48,Fwd,41.49
1748796013.66,-0.63,0.33,155.09,1.48,Fwd,41.49
1748796013.66,-1.04,0.33,155.09,1.48,Fwd,41.49
1748796013.66,-1.04,1.81,155.09,1.48,Fwd,41.49
1748796013.66,-1.04,1.81,155.94,1.48,Fwd,41.49
1748796013.66,-1.04,1.81,155.94,0.96,Fwd,41.49
1748796013.66,-1.04,1.81,155.94,0.96,Fwd,41.49
1748796013.66,-1.04,1.81,155.94,0.96,Fwd,41.49
1748796013.66,-1.04,1.81,155.94,0.96,Fwd,41.49
1748796013.69,-1.04,1.81,155.94,0.96,Fwd,41.49
1748796013.69,-0.59,1.81,155.94,0.96,Fwd,41.49
1748796013.69,-0.59,2.36,155.94,0.96,Fwd,41.49
1748796013.69,-0.59,2.36,156.68,0.96,Fwd,41.49
1748796013.72,-0.59,2.36,156.68,1.11,Fwd,41.49
1748796013.72,-0.59,2.36,156.68,1.11,Fwd,41.49
1748796013.73,-0.59,2.36,156.68,1.11,Fwd,41.49
1748796013.73,-0.59,2.36,156.68,1.11,Fwd,41.49
1748796013.80,-0.59,2.36,156.68,1.11,Fwd,41.49
1748796013.83,-1.82,2.36,156.68,1.11,Fwd,41.49
1748796013.86,-1.82,4.15,156.68,1.11,Fwd,41.49
1748796013.90,-1.82,4.15,157.53,1.11,Fwd,41.49
1748796013.90,-1.82,4.15,157.53,1.58,Fwd,41.49
1748796013.90,-1.82,4.15,157.53,1.58,Fwd,41.49
1748796013.90,-1.82,4.15,157.53,1.58,Fwd,41.49
1748796013.91,-1.82,4.15,157.53,1.58,Fwd,41.49
1748796013.91,-1.82,4.15,157.53,1.58,Fwd,41.49
1748796013.93,-3.73,4.15,157.53,1.58,Fwd,41.49
1748796013.97,-3.73,1.40,157.53,1.58,Fwd,41.49
1748796014.00,-3.73,1.40,162.79,1.58,Fwd,41.49
1748796014.04,-3.73,1.40,162.79,0.68,Fwd,41.49
1748796014.07,-3.73,1.40,162.79,0.68,Fwd,41.49
1748796014.11,-3.73,1.40,162.79,0.68,Fwd,41.49
1748796014.11,-3.73,1.40,162.79,0.68,Fwd,41.49
1748796014.11,-3.73,1.40,162.79,0.68,Fwd,41.49
1748796014.11,-3.47,1.40,162.79,0.68,Fwd,41.49
1748796014.12,-3.47,-1.43,162.79,0.68,Fwd,41.49
1748796014.12,-3.47,-1.43,167.21,0.68,Fwd,41.49
1748796014.14,-3.47,-1.43,167.21,0.71,Fwd,41.49
1748796014.18,-3.47,-1.43,167.21,0.71,Fwd,41.49
1748796014.22,-3.47,-1.43,167.21,0.71,Fwd,41.49
1748796014.22,-3.47,-1.43,167.21,0.71,Fwd,41.49
1748796014.22,-3.47,-1.43,167.21,0.71,Fwd,41.49
1748796014.22,-3.74,-1.43,167.21,0.71,Fwd,41.49
1748796014.22,-3.74,-0.75,167.21,0.71,Fwd,41.49
1748796014.22,-3.74,-0.75,167.34,0.71,Fwd,41.49
1748796014.25,-3.74,-0.75,167.34,1.27,Fwd,41.49
1748796014.25,-3.74,-0.75,167.34,1.27,Fwd,41.49
1748796014.25,-3.74,-0.75,167.34,1.27,Fwd,41.49
1748796014.25,-3.74,-0.75,167.34,1.27,Fwd,41.49
1748796014.25,-3.74,-0.75,167.34,1.27,Fwd,41.49
1748796014.26,-2.59,-0.75,167.34,1.27,Fwd,41.49
1748796014.26,-2.59,-0.64,167.34,1.27,Fwd,41.49
1748796014.26,-2.59,-0.64,167.83,1.27,Fwd,41.49
1748796014.26,-2.59,-0.64,167.83,0.90,Fwd,41.49
1748796014.26,-2.59,-0.64,167.83,0.90,Fwd,41.49
1748796014.32,-2.59,-0.64,167.83,0.90,Fwd,41.49
1748796014.35,-2.05,-0.64,167.83,0.90,Fwd,41.49
1748796014.35,-2.05,-0.76,167.83,0.90,Fwd,41.49
1748796014.35,-2.05,-0.76,168.16,0.90,Fwd,41.49
1748796014.36,-2.05,-0.76,168.16,0.76,Fwd,41.49
1748796014.36,-2.05,-0.76,168.16,0.76,Fwd,41.49
1748796014.36,-2.05,-0.76,168.16,0.76,Fwd,41.49
1748796014.39,-2.05,-0.76,168.16,0.76,Fwd,41.49
1748796014.39,-2.05,-0.76,168.16,0.76,Fwd,41.49
1748796014.39,-1.79,-0.76,168.16,0.76,Fwd,41.49
1748796014.39,-1.79,-0.58,168.16,0.76,Fwd,41.49
1748796014.39,-1.79,-0.58,168.49,0.76,Fwd,41.49
1748796014.39,-1.79,-0.58,168.49,1.03,Fwd,41.49
1748796014.42,-1.79,-0.58,168.49,1.03,Fwd,41.49
1748796014.46,-1.79,-0.58,168.49,1.03,Fwd,41.49
1748796014.49,-1.79,-0.58,168.49,1.03,Fwd,41.49
1748796014.49,-1.79,-0.58,168.49,1.03,Fwd,41.49
1748796014.49,-2.44,-0.58,168.49,1.03,Fwd,41.49
1748796014.49,-2.44,-1.59,168.49,1.03,Fwd,41.49
1748796014.49,-2.44,-1.59,166.56,1.03,Fwd,41.49
1748796014.49,-2.44,-1.59,166.56,1.02,Fwd,41.49
1748796014.53,-2.44,-1.59,166.56,1.02,Fwd,41.49
1748796014.56,-2.44,-1.59,166.56,1.02,Fwd,41.49
1748796014.60,-2.44,-1.59,166.56,1.02,Fwd,41.49
1748796014.63,-2.44,-1.59,166.56,1.02,Fwd,1.96
1748796014.63,-4.70,-1.59,166.56,1.02,Fwd,1.96
1748796014.63,-4.70,2.94,166.56,1.02,Fwd,1.96
1748796014.63,-4.70,2.94,160.55,1.02,Fwd,1.96
1748796014.63,-4.70,2.94,160.55,0.75,Fwd,1.96
1748796014.63,-4.70,2.94,160.55,0.75,Fwd,1.96
1748796014.67,-4.70,2.94,160.55,0.75,Fwd,1.96
1748796014.70,-4.70,2.94,160.55,0.75,Fwd,1.96
1748796014.74,-4.70,2.94,160.55,0.75,Fwd,1.96
1748796014.77,-4.27,2.94,160.55,0.75,Fwd,1.96
1748796014.77,-4.27,4.27,160.55,0.75,Fwd,1.96
1748796014.77,-4.27,4.27,158.34,0.75,Fwd,1.96
1748796014.78,-4.27,4.27,158.34,2.06,Fwd,1.96
1748796014.78,-4.27,4.27,158.34,2.06,Fwd,1.96
1748796014.78,-4.27,4.27,158.34,2.06,Fwd,1.96
1748796014.78,-4.27,4.27,158.34,2.06,Fwd,1.96
1748796014.78,-4.27,4.27,158.34,2.06,Fwd,1.96
1748796014.81,-4.27,4.27,158.34,2.06,Fwd,1.96
1748796014.81,-4.07,4.27,158.34,2.06,Fwd,1.96
1748796014.81,-4.07,3.28,158.34,2.06,Fwd,1.96
1748796014.81,-4.07,3.28,158.84,2.06,Fwd,1.96
1748796014.81,-4.07,3.28,158.84,1.09,Fwd,1.96
1748796014.81,-4.07,3.28,158.84,1.09,Fwd,1.96
1748796014.81,-4.07,3.28,158.84,1.09,Fwd,1.96
1748796014.81,-4.07,3.28,158.84,1.09,Fwd,1.96
1748796014.91,-4.07,3.28,158.84,1.09,Fwd,1.96
1748796014.95,-2.21,3.28,158.84,1.09,Fwd,1.96
1748796014.95,-2.21,1.35,158.84,1.09,Fwd,1.96
1748796014.95,-2.21,1.35,159.58,1.09,Fwd,1.96
1748796014.98,-2.21,1.35,159.58,1.18,Fwd,1.96
1748796014.99,-2.21,1.35,159.58,1.18,Fwd,1.96
1748796014.99,-2.21,1.35,159.58,1.18,Fwd,1.96
1748796014.99,-2.21,1.35,159.58,1.18,Fwd,1.96
1748796015.02,-2.21,1.35,159.58,1.18,Fwd,1.96
1748796015.02,-2.63,1.35,159.58,1.18,Fwd,1.96
1748796015.02,-2.63,0.64,159.58,1.18,Fwd,1.96
1748796015.03,-2.63,0.64,160.24,1.18,Fwd,1.96
1748796015.03,-2.63,0.64,160.24,0.92,Fwd,1.96
1748796015.03,-2.63,0.64,160.24,0.92,Fwd,1.96
1748796015.03,-2.63,0.64,160.24,0.92,Fwd,1.96
1748796015.03,-2.63,0.64,160.24,0.92,Fwd,1.96
1748796015.09,-2.63,0.64,160.24,0.92,Fwd,1.96
1748796015.09,0.56,0.64,160.24,0.92,Fwd,1.96
1748796015.10,0.56,1.27,160.24,0.92,Fwd,1.96
1748796015.12,0.56,1.27,161.24,0.92,Fwd,1.96
1748796015.16,0.56,1.27,161.24,0.43,Fwd,1.96
1748796015.16,0.56,1.27,161.24,0.43,Fwd,1.96
1748796015.16,0.56,1.27,161.24,0.43,Fwd,1.96
1748796015.19,0.56,1.27,161.24,0.43,Fwd,1.96
1748796015.20,0.56,1.27,161.24,0.43,Fwd,1.96
1748796015.20,-0.98,1.27,161.24,0.43,Fwd,1.96
1748796015.20,-0.98,1.20,161.24,0.43,Fwd,1.96
1748796015.20,-0.98,1.20,161.99,0.43,Fwd,1.96
1748796015.20,-0.98,1.20,161.99,1.36,Fwd,1.96
1748796015.20,-0.98,1.20,161.99,1.36,Fwd,1.96
1748796015.20,-0.98,1.20,161.99,1.36,Fwd,1.96
1748796015.20,-0.98,1.20,161.99,1.36,Fwd,1.96
1748796015.33,-0.98,1.20,161.99,1.36,Fwd,1.96
1748796015.34,-0.90,1.20,161.99,1.36,Fwd,1.96
1748796015.34,-0.90,1.75,161.99,1.36,Fwd,1.96
1748796015.34,-0.90,1.75,162.54,1.36,Fwd,1.96
1748796015.34,-0.90,1.75,162.54,0.91,Fwd,1.96
1748796015.34,-0.90,1.75,162.54,0.91,Fwd,1.96
1748796015.34,-0.90,1.75,162.54,0.91,Fwd,1.96
1748796015.34,-0.90,1.75,162.54,0.91,Fwd,1.96
1748796015.41,-0.90,1.75,162.54,0.91,Fwd,1.96
1748796015.41,-0.67,1.75,162.54,0.91,Fwd,1.96
1748796015.41,-0.67,0.91,162.54,0.91,Fwd,1.96
1748796015.41,-0.67,0.91,162.95,0.91,Fwd,1.96
1748796015.41,-0.67,0.91,162.95,1.01,Fwd,1.96
1748796015.41,-0.67,0.91,162.95,1.01,Fwd,1.96
1748796015.41,-0.67,0.91,162.95,1.01,Fwd,1.96
1748796015.41,-0.67,0.91,162.95,1.01,Fwd,1.96
1748796015.51,-0.67,0.91,162.95,1.01,Fwd,1.96
1748796015.54,-1.88,0.91,162.95,1.01,Fwd,1.96
1748796015.58,-1.88,2.95,162.95,1.01,Fwd,1.96
1748796015.61,-1.88,2.95,162.81,1.01,Fwd,1.96
1748796015.65,-1.88,2.95,162.81,0.88,Fwd,1.96
1748796015.65,-1.88,2.95,162.81,0.88,Fwd,1.96
1748796015.65,-1.88,2.95,162.81,0.88,Fwd,1.96
1748796015.65,-1.88,2.95,162.81,0.88,Fwd,1.96
1748796015.65,-1.88,2.95,162.81,0.88,Fwd,1.96
1748796015.65,-3.37,2.95,162.81,0.88,Fwd,1.96
1748796015.65,-3.37,3.91,162.81,0.88,Fwd,1.96
1748796015.65,-3.37,3.91,163.54,0.88,Fwd,1.96
1748796015.65,-3.37,3.91,163.54,0.67,Fwd,1.96
1748796015.65,-3.37,3.91,163.54,0.67,Fwd,1.96
1748796015.65,-3.37,3.91,163.54,0.67,Fwd,1.96
1748796015.65,-3.37,3.91,163.54,0.67,Fwd,1.96
1748796015.72,-3.37,3.91,163.54,0.67,Fwd,1.96
1748796015.73,-2.58,3.91,163.54,0.67,Fwd,1.96
1748796015.73,-2.58,2.90,163.54,0.67,Fwd,1.96
1748796015.73,-2.58,2.90,164.26,0.67,Fwd,1.96
1748796015.73,-2.58,2.90,164.26,1.32,Fwd,1.96
1748796015.73,-2.58,2.90,164.26,1.32,Fwd,1.96
1748796015.73,-2.58,2.90,164.26,1.32,Fwd,1.96
1748796015.73,-2.58,2.90,164.26,1.32,Fwd,1.96
1748796015.73,-2.58,2.90,164.26,1.32,Fwd,1.96
1748796015.79,-2.58,2.90,164.26,1.32,Fwd,1.96
1748796015.82,-1.92,2.90,164.26,1.32,Fwd,1.96
1748796015.82,-1.92,2.31,164.26,1.32,Fwd,1.96
1748796015.82,-1.92,2.31,164.75,1.32,Fwd,1.96
1748796015.83,-1.92,2.31,164.75,0.96,Fwd,1.96
1748796015.83,-1.92,2.31,164.75,0.96,Fwd,1.96
1748796015.83,-1.92,2.31,164.75,0.96,Fwd,1.96
1748796015.83,-1.92,2.31,164.75,0.96,Fwd,1.96
1748796015.89,-1.92,2.31,164.75,0.96,Fwd,1.96
1748796015.89,-1.79,2.31,164.75,0.96,Fwd,1.96
1748796015.89,-1.79,1.83,164.75,0.96,Fwd,1.96
1748796015.89,-1.79,1.83,165.13,0.96,Fwd,1.96
1748796015.89,-1.79,1.83,165.13,0.99,Fwd,1.96
1748796015.89,-1.79,1.83,165.13,0.99,Fwd,1.96
1748796015.90,-1.79,1.83,165.13,0.99,Fwd,1.96
1748796015.90,-1.79,1.83,165.13,0.99,Fwd,1.96
1748796016.00,-1.79,1.83,165.13,0.99,Fwd,1.96
1748796016.04,-1.66,1.83,165.13,0.99,Fwd,1.96
1748796016.04,-1.66,0.72,165.13,0.99,Fwd,1.96
1748796016.04,-1.66,0.72,165.50,0.99,Fwd,1.96
1748796016.04,-1.66,0.72,165.50,0.97,Fwd,1.96
1748796016.04,-1.66,0.72,165.50,0.97,Fwd,1.96
1748796016.04,-1.66,0.72,165.50,0.97,Fwd,1.96
1748796016.04,-1.66,0.72,165.50,0.97,Fwd,1.96
1748796016.10,-1.66,0.72,165.50,0.97,Fwd,1.96
1748796016.10,-1.45,0.72,165.50,0.97,Fwd,1.96
1748796016.10,-1.45,0.44,165.50,0.97,Fwd,1.96
1748796016.10,-1.45,0.44,165.86,0.97,Fwd,1.96
1748796016.10,-1.45,0.44,165.86,0.97,Fwd,1.96
1748796016.10,-1.45,0.44,165.86,0.97,Fwd,1.96
1748796016.11,-1.45,0.44,165.86,0.97,Fwd,1.96
1748796016.11,-1.45,0.44,165.86,0.97,Fwd,1.96
1748796016.21,-1.45,0.44,165.86,0.97,Fwd,1.96
1748796016.21,-1.34,0.44,165.86,0.97,Fwd,1.96
1748796016.21,-1.34,0.09,165.86,0.97,Fwd,1.96
1748796016.21,-1.34,0.09,166.30,0.97,Fwd,1.96
1748796016.21,-1.34,0.09,166.30,0.99,Fwd,1.96
1748796016.21,-1.34,0.09,166.30,0.99,Fwd,1.96
1748796016.21,-1.34,0.09,166.30,0.99,Fwd,1.96
1748796016.21,-1.34,0.09,166.30,0.99,Fwd,1.96
1748796016.31,-1.34,0.09,166.30,0.99,Fwd,1.96
1748796016.31,-1.30,0.09,166.30,0.99,Fwd,1.96
1748796016.31,-1.30,0.12,166.30,0.99,Fwd,1.96
1748796016.31,-1.30,0.12,166.89,0.99,Fwd,1.96
1748796016.32,-1.30,0.12,166.89,0.97,Fwd,1.96
1748796016.32,-1.30,0.12,166.89,0.97,Fwd,1.96
1748796016.32,-1.30,0.12,166.89,0.97,Fwd,1.96
1748796016.32,-1.30,0.12,166.89,0.97,Fwd,1.96
1748796016.42,-1.30,0.12,166.89,0.97,Fwd,1.96
1748796016.42,-1.27,0.12,166.89,0.97,Fwd,1.96
1748796016.42,-1.27,-0.01,166.89,0.97,Fwd,1.96
1748796016.42,-1.27,-0.01,167.55,0.97,Fwd,1.96
1748796016.42,-1.27,-0.01,167.55,0.97,Fwd,1.96
1748796016.42,-1.27,-0.01,167.55,0.97,Fwd,1.96
1748796016.42,-1.27,-0.01,167.55,0.97,Fwd,1.96
1748796016.43,-1.27,-0.01,167.55,0.97,Fwd,1.96
1748796016.49,-1.27,-0.01,167.55,0.97,Fwd,1.96
1748796016.49,-1.18,-0.01,167.55,0.97,Fwd,1.96
1748796016.49,-1.18,0.90,167.55,0.97,Fwd,1.96
1748796016.49,-1.18,0.90,168.14,0.97,Fwd,1.96
1748796016.52,-1.18,0.90,168.14,0.97,Fwd,1.96
1748796016.52,-1.18,0.90,168.14,0.97,Fwd,1.96
1748796016.52,-1.18,0.90,168.14,0.97,Fwd,1.96
1748796016.52,-1.18,0.90,168.14,0.97,Fwd,1.96
1748796016.59,-1.18,0.90,168.14,0.97,Fwd,1.96
1748796016.59,-1.06,0.90,168.14,0.97,Fwd,1.96
1748796016.59,-1.06,2.11,168.14,0.97,Fwd,1.96
1748796016.59,-1.06,2.11,168.62,0.97,Fwd,1.96
1748796016.60,-1.06,2.11,168.62,0.96,Fwd,1.96
1748796016.60,-1.06,2.11,168.62,0.96,Fwd,1.96
1748796016.60,-1.06,2.11,168.62,0.96,Fwd,1.96
1748796016.60,-1.06,2.11,168.62,0.96,Fwd,1.96
1748796016.70,-1.06,2.11,168.62,0.96,Fwd,1.96
1748796016.70,-0.96,2.11,168.62,0.96,Fwd,1.96
1748796016.70,-0.96,2.95,168.62,0.96,Fwd,1.96
1748796016.73,-0.96,2.95,169.08,0.96,Fwd,1.96
1748796016.77,-0.96,2.95,169.08,0.97,Fwd,1.96
1748796016.77,-0.96,2.95,169.08,0.97,Fwd,1.96
1748796016.77,-0.96,2.95,169.08,0.97,Fwd,1.96
1748796016.77,-0.96,2.95,169.08,0.97,Fwd,1.96
1748796016.80,-0.96,2.95,169.08,0.97,Fwd,1.96
1748796016.80,-0.81,2.95,169.08,0.97,Fwd,1.96
1748796016.80,-0.81,3.66,169.08,0.97,Fwd,1.96
1748796016.81,-0.81,3.66,169.72,0.97,Fwd,1.96
1748796016.81,-0.81,3.66,169.72,0.97,Fwd,1.96
1748796016.81,-0.81,3.66,169.72,0.97,Fwd,1.96
1748796016.81,-0.81,3.66,169.72,0.97,Fwd,1.96
1748796016.81,-0.81,3.66,169.72,0.97,Fwd,1.96
1748796016.91,-0.81,3.66,169.72,0.97,Fwd,1.96
1748796016.91,-0.42,3.66,169.72,0.97,Fwd,1.96
1748796016.91,-0.42,2.73,169.72,0.97,Fwd,1.96
1748796016.91,-0.42,2.73,170.48,0.97,Fwd,1.96
1748796016.91,-0.42,2.73,170.48,0.99,Fwd,1.96
1748796016.91,-0.42,2.73,170.48,0.99,Fwd,1.96
1748796016.91,-0.42,2.73,170.48,0.99,Fwd,1.96
1748796016.91,-0.42,2.73,170.48,0.99,Fwd,1.96
1748796017.01,-0.42,2.73,170.48,0.99,Fwd,1.96
1748796017.02,-0.90,2.73,170.48,0.99,Fwd,1.96
1748796017.02,-0.90,3.79,170.48,0.99,Fwd,1.96
1748796017.02,-0.90,3.79,171.88,0.99,Fwd,1.96
1748796017.02,-0.90,3.79,171.88,0.95,Fwd,1.96
1748796017.02,-0.90,3.79,171.88,0.95,Fwd,1.96
1748796017.02,-0.90,3.79,171.88,0.95,Fwd,1.96
1748796017.02,-0.90,3.79,171.88,0.95,Fwd,1.96
1748796017.12,-0.90,3.79,171.88,0.95,Fwd,1.96
1748796017.15,-1.89,3.79,171.88,0.95,Fwd,1.96
1748796017.16,-1.89,0.53,171.88,0.95,Fwd,1.96
1748796017.16,-1.89,0.53,176.46,0.95,Fwd,1.96
1748796017.16,-1.89,0.53,176.46,0.64,Fwd,1.96
1748796017.16,-1.89,0.53,176.46,0.64,Fwd,1.96
1748796017.16,-1.89,0.53,176.46,0.64,Fwd,1.96
1748796017.16,-1.89,0.53,176.46,0.64,Fwd,1.96
1748796017.19,-1.89,0.53,176.46,0.64,Fwd,1.96
1748796017.19,-0.98,0.53,176.46,0.64,Fwd,1.96
1748796017.19,-0.98,0.73,176.46,0.64,Fwd,1.96
1748796017.19,-0.98,0.73,176.64,0.64,Fwd,1.96
1748796017.22,-0.98,0.73,176.64,0.95,Fwd,1.96
1748796017.23,-0.98,0.73,176.64,0.95,Fwd,1.96
1748796017.23,-0.98,0.73,176.64,0.95,Fwd,1.96
1748796017.23,-0.98,0.73,176.64,0.95,Fwd,1.96
1748796017.30,-0.98,0.73,176.64,0.95,Fwd,1.96
1748796017.33,-0.46,0.73,176.64,0.95,Fwd,1.96
1748796017.33,-0.46,0.92,176.64,0.95,Fwd,1.96
1748796017.34,-0.46,0.92,177.12,0.95,Fwd,1.96
1748796017.34,-0.46,0.92,177.12,0.98,Fwd,1.96
1748796017.34,-0.46,0.92,177.12,0.98,Fwd,1.96
1748796017.34,-0.46,0.92,177.12,0.98,Fwd,1.96
1748796017.34,-0.46,0.92,177.12,0.98,Fwd,1.96
1748796017.40,-0.46,0.92,177.12,0.98,Fwd,1.96
1748796017.40,-0.43,0.92,177.12,0.98,Fwd,1.96
1748796017.40,-0.43,0.30,177.12,0.98,Fwd,1.96
1748796017.40,-0.43,0.30,177.48,0.98,Fwd,1.96
1748796017.41,-0.43,0.30,177.48,1.02,Fwd,1.96
1748796017.41,-0.43,0.30,177.48,1.02,Fwd,1.96
1748796017.41,-0.43,0.30,177.48,1.02,Fwd,1.96
1748796017.41,-0.43,0.30,177.48,1.02,Fwd,1.96
1748796017.51,-0.43,0.30,177.48,1.02,Fwd,1.96
1748796017.55,-0.86,0.30,177.48,1.02,Fwd,1.96
1748796017.55,-0.86,-1.73,177.48,1.02,Fwd,1.96
1748796017.55,-0.86,-1.73,176.41,1.02,Fwd,1.96
1748796017.55,-0.86,-1.73,176.41,1.15,Fwd,1.96
1748796017.56,-0.86,-1.73,176.41,1.15,Fwd,1.96
1748796017.56,-0.86,-1.73,176.41,1.15,Fwd,1.96
1748796017.56,-0.86,-1.73,176.41,1.15,Fwd,1.96
1748796017.61,-0.86,-1.73,176.41,1.15,Fwd,0.00
1748796017.61,-3.04,-1.73,176.41,1.15,Fwd,0.00
1748796017.61,-3.04,2.00,176.41,1.15,Fwd,0.00
1748796017.61,-3.04,2.00,170.45,1.15,Fwd,0.00
1748796017.61,-3.04,2.00,170.45,0.84,Fwd,0.00
1748796017.62,-3.04,2.00,170.45,0.84,Fwd,0.00
1748796017.62,-3.04,2.00,170.45,0.84,Fwd,0.00
1748796017.62,-3.04,2.00,170.45,0.84,Fwd,0.00
1748796017.71,-3.04,2.00,170.45,0.84,Fwd,0.00
1748796017.75,-1.89,2.00,170.45,0.84,Fwd,0.00
1748796017.78,-1.89,2.76,170.45,0.84,Fwd,0.00
1748796017.79,-1.89,2.76,168.66,0.84,Fwd,0.00
1748796017.79,-1.89,2.76,168.66,0.07,Fwd,0.00
1748796017.79,-1.89,2.76,168.66,0.07,Fwd,0.00
1748796017.79,-1.89,2.76,168.66,0.07,Fwd,0.00
1748796017.79,-1.89,2.76,168.66,0.07,Fwd,0.00
1748796017.82,-1.89,2.76,168.66,0.07,Fwd,0.00
1748796017.82,-2.27,2.76,168.66,0.07,Fwd,0.00
1748796017.82,-2.27,1.05,168.66,0.07,Fwd,0.00
1748796017.82,-2.27,1.05,168.96,0.07,Fwd,0.00
1748796017.82,-2.27,1.05,168.96,1.08,Fwd,0.00
1748796017.82,-2.27,1.05,168.96,1.08,Fwd,0.00
1748796017.83,-2.27,1.05,168.96,1.08,Fwd,0.00
1748796017.83,-2.27,1.05,168.96,1.08,Fwd,0.00
1748796017.89,-2.27,1.05,168.96,1.08,Fwd,0.00
1748796017.93,-1.04,1.05,168.96,1.08,Fwd,0.00
1748796017.93,-1.04,1.46,168.96,1.08,Fwd,0.00
1748796017.93,-1.04,1.46,169.45,1.08,Fwd,0.00
1748796017.93,-1.04,1.46,169.45,0.98,Fwd,0.00
1748796017.93,-1.04,1.46,169.45,0.98,Fwd,0.00
1748796017.93,-1.04,1.46,169.45,0.98,Fwd,0.00
1748796017.93,-1.04,1.46,169.45,0.98,Fwd,0.00
1748796018.00,-1.04,1.46,169.45,0.98,Fwd,0.00
1748796018.00,-3.20,1.46,169.45,0.98,Fwd,0.00
1748796018.00,-3.20,0.95,169.45,0.98,Fwd,0.00
1748796018.00,-3.20,0.95,169.82,0.98,Fwd,0.00
1748796018.00,-3.20,0.95,169.82,1.04,Fwd,0.00
1748796018.00,-3.20,0.95,169.82,1.04,Fwd,0.00
1748796018.00,-3.20,0.95,169.82,1.04,Fwd,0.00
1748796018.01,-3.20,0.95,169.82,1.04,Fwd,0.00
1748796018.10,-3.20,0.95,169.82,1.04,Fwd,0.00
1748796018.14,-0.31,0.95,169.82,1.04,Fwd,0.00
1748796018.14,-0.31,0.37,169.82,1.04,Fwd,0.00
1748796018.14,-0.31,0.37,169.79,1.04,Fwd,0.00
1748796018.14,-0.31,0.37,169.79,1.59,Fwd,0.00
1748796018.14,-0.31,0.37,169.79,1.59,Fwd,0.00
1748796018.14,-0.31,0.37,169.79,1.59,Fwd,0.00
1748796018.14,-0.31,0.37,169.79,1.59,Fwd,0.00
1748796018.20,-0.31,0.37,169.79,1.59,Fwd,0.00
1748796018.21,2.03,0.37,169.79,1.59,Fwd,0.00
1748796018.21,2.03,-0.11,169.79,1.59,Fwd,0.00
1748796018.21,2.03,-0.11,169.07,1.59,Fwd,0.00
1748796018.21,2.03,-0.11,169.07,0.27,Fwd,0.00
1748796018.21,2.03,-0.11,169.07,0.27,Fwd,0.00
1748796018.21,2.03,-0.11,169.07,0.27,Fwd,0.00
1748796018.21,2.03,-0.11,169.07,0.27,Fwd,0.00
1748796018.31,2.03,-0.11,169.07,0.27,Fwd,0.00
1748796018.35,3.14,-0.11,169.07,0.27,Fwd,0.00
1748796018.35,3.14,0.18,169.07,0.27,Fwd,0.00
1748796018.35,3.14,0.18,169.87,0.27,Fwd,0.00
1748796018.35,3.14,0.18,169.87,0.60,Fwd,0.00
1748796018.35,3.14,0.18,169.87,0.60,Fwd,0.00
1748796018.36,3.14,0.18,169.87,0.60,Fwd,0.00
1748796018.36,3.14,0.18,169.87,0.60,Fwd,0.00
1748796018.42,3.14,0.18,169.87,0.60,Fwd,0.00
1748796018.42,0.43,0.18,169.87,0.60,Fwd,0.00
1748796018.42,0.43,0.97,169.87,0.60,Fwd,0.00
1748796018.42,0.43,0.97,170.38,0.60,Fwd,0.00
1748796018.43,0.43,0.97,170.38,0.92,Fwd,0.00
1748796018.43,0.43,0.97,170.38,0.92,Fwd,0.00
1748796018.43,0.43,0.97,170.38,0.92,Fwd,0.00
1748796018.43,0.43,0.97,170.38,0.92,Fwd,0.00
1748796018.52,0.43,0.97,170.38,0.92,Fwd,0.00
1748796018.55,-0.02,0.97,170.38,0.92,Fwd,0.00
1748796018.59,-0.02,0.62,170.38,0.92,Fwd,0.00
1748796018.59,-0.02,0.62,170.99,0.92,Fwd,0.00
1748796018.59,-0.02,0.62,170.99,0.98,Fwd,0.00
1748796018.59,-0.02,0.62,170.99,0.98,Fwd,0.00
1748796018.60,-0.02,0.62,170.99,0.98,Fwd,0.00
1748796018.60,-0.02,0.62,170.99,0.98,Fwd,0.00
1748796018.60,-0.02,0.62,170.99,0.98,Fwd,0.00
1748796018.60,-1.10,0.62,170.99,0.98,Fwd,0.00
1748796018.60,-1.10,1.73,170.99,0.98,Fwd,0.00
1748796018.60,-1.10,1.73,171.85,0.98,Fwd,0.00
1748796018.60,-1.10,1.73,171.85,0.98,Fwd,0.00
1748796018.70,-1.10,1.73,171.85,0.98,Fwd,0.00
1748796018.77,-1.73,1.73,171.85,0.98,Fwd,0.00
1748796018.80,-1.73,0.77,171.85,0.98,Fwd,0.00
1748796018.80,-1.73,0.77,173.52,0.98,Fwd,0.00
1748796018.81,-1.73,0.77,173.52,0.83,Fwd,0.00
1748796018.81,-1.73,0.77,173.52,0.83,Fwd,0.00
1748796018.81,-1.73,0.77,173.52,0.83,Fwd,0.00
1748796018.81,-1.73,0.77,173.52,0.83,Fwd,0.00
1748796018.83,-1.73,0.77,173.52,0.83,Fwd,0.00
1748796018.83,-0.08,0.77,173.52,0.83,Fwd,0.00
1748796018.84,-0.08,0.39,173.52,0.83,Fwd,0.00
1748796018.84,-0.08,0.39,174.22,0.83,Fwd,0.00
1748796018.84,-0.08,0.39,174.22,0.50,Fwd,0.00
1748796018.84,-0.08,0.39,174.22,0.50,Fwd,0.00
1748796018.84,-0.08,0.39,174.22,0.50,Fwd,0.00
1748796018.87,-0.08,0.39,174.22,0.50,Fwd,0.00
1748796018.94,-0.08,0.39,174.22,0.50,Fwd,0.00
1748796018.97,-0.58,0.39,174.22,0.50,Fwd,0.00
1748796019.01,-0.58,0.51,174.22,0.50,Fwd,0.00
1748796019.05,-0.58,0.51,174.54,0.50,Fwd,0.00
1748796019.08,-0.58,0.51,174.54,1.05,Fwd,0.00
1748796019.08,-0.58,0.51,174.54,1.05,Fwd,0.00
1748796019.08,-0.58,0.51,174.54,1.05,Fwd,0.00
1748796019.08,-0.58,0.51,174.54,1.05,Fwd,0.00
1748796019.08,-0.58,0.51,174.54,1.05,Fwd,0.00
1748796019.09,-1.00,0.51,174.54,1.05,Fwd,0.00
1748796019.11,-1.00,1.40,174.54,1.05,Fwd,0.00
1748796019.12,-1.00,1.40,174.66,1.05,Fwd,0.00
1748796019.12,-1.00,1.40,174.66,1.18,Fwd,0.00
1748796019.12,-1.00,1.40,174.66,1.18,Fwd,0.00
1748796019.12,-1.00,1.40,174.66,1.18,Fwd,0.00
1748796019.12,-1.00,1.40,174.66,1.18,Fwd,0.00
1748796019.15,-1.00,1.40,174.66,1.18,Fwd,0.00
1748796019.18,1.01,1.40,174.66,1.18,Fwd,0.00
1748796019.22,1.01,0.18,174.66,1.18,Fwd,0.00
1748796019.22,1.01,0.18,173.70,1.18,Fwd,0.00
1748796019.22,1.01,0.18,173.70,0.80,Fwd,0.00
1748796019.22,1.01,0.18,173.70,0.80,Fwd,0.00
1748796019.23,1.01,0.18,173.70,0.80,Fwd,0.00
1748796019.23,1.01,0.18,173.70,0.80,Fwd,0.00
1748796019.25,1.01,0.18,173.70,0.80,Fwd,0.00
1748796019.29,4.01,0.18,173.70,0.80,Fwd,0.00
1748796019.32,4.01,-0.16,173.70,0.80,Fwd,0.00
1748796019.36,4.01,-0.16,171.93,0.80,Fwd,0.00
1748796019.37,4.01,-0.16,171.93,0.73,Fwd,0.00
1748796019.37,4.01,-0.16,171.93,0.73,Fwd,0.00
1748796019.37,4.01,-0.16,171.93,0.73,Fwd,0.00
1748796019.37,4.01,-0.16,171.93,0.73,Fwd,0.00
1748796019.37,4.01,-0.16,171.93,0.73,Fwd,0.00
1748796019.39,4.98,-0.16,171.93,0.73,Fwd,0.00
1748796019.43,4.98,-0.21,171.93,0.73,Fwd,0.00
1748796019.46,4.98,-0.21,171.03,0.73,Fwd,0.00
1748796019.47,4.98,-0.21,171.03,0.96,Fwd,0.00
1748796019.47,4.98,-0.21,171.03,0.96,Fwd,0.00
1748796019.50,4.98,-0.21,171.03,0.96,Fwd,0.00
1748796019.50,4.98,-0.21,171.03,0.96,Fwd,0.00
1748796019.50,4.98,-0.21,171.03,0.96,Fwd,0.00
1748796019.50,1.22,-0.21,171.03,0.96,Fwd,0.00
1748796019.50,1.22,0.52,171.03,0.96,Fwd,0.00
1748796019.51,1.22,0.52,170.19,0.96,Fwd,0.00
1748796019.53,1.22,0.52,170.19,0.50,Fwd,0.00
1748796019.57,1.22,0.52,170.19,0.50,Fwd,0.00
1748796019.57,1.22,0.52,170.19,0.50,Fwd,0.00
1748796019.57,1.22,0.52,170.19,0.50,Fwd,0.00
1748796019.58,1.22,0.52,170.19,0.50,Fwd,0.00
1748796019.58,1.22,0.52,170.19,0.50,Fwd,0.00
1748796019.58,2.81,0.52,170.19,0.50,Fwd,0.00
1748796019.60,2.81,-0.39,170.19,0.50,Fwd,0.00
1748796019.60,2.81,-0.39,171.05,0.50,Fwd,0.00
1748796019.60,2.81,-0.39,171.05,1.03,Fwd,0.00
1748796019.60,2.81,-0.39,171.05,1.03,Fwd,0.00
1748796019.60,2.81,-0.39,171.05,1.03,Fwd,0.00
1748796019.60,2.81,-0.39,171.05,1.03,Fwd,0.00
1748796019.64,2.81,-0.39,171.05,1.03,Fwd,0.00
1748796019.67,4.07,-0.39,171.05,1.03,Fwd,0.00
1748796019.71,4.07,-2.25,171.05,1.03,Fwd,0.00
1748796019.74,4.07,-2.25,171.45,1.03,Fwd,0.00
1748796019.74,4.07,-2.25,171.45,0.99,Fwd,0.00
1748796019.74,4.07,-2.25,171.45,0.99,Fwd,0.00
1748796019.74,4.07,-2.25,171.45,0.99,Fwd,0.00
1748796019.74,4.07,-2.25,171.45,0.99,Fwd,0.00
1748796019.74,4.07,-2.25,171.45,0.99,Fwd,0.00
1748796019.74,3.35,-2.25,171.45,0.99,Fwd,0.00
1748796019.74,3.35,-1.79,171.45,0.99,Fwd,0.00
1748796019.75,3.35,-1.79,171.05,0.99,Fwd,0.00
1748796019.75,3.35,-1.79,171.05,0.90,Fwd,0.00
1748796019.75,3.35,-1.79,171.05,0.90,Fwd,0.00
1748796019.75,3.35,-1.79,171.05,0.90,Fwd,0.00
1748796019.75,3.35,-1.79,171.05,0.90,Fwd,0.00
1748796019.81,3.35,-1.79,171.05,0.90,Fwd,0.00
1748796019.81,1.37,-1.79,171.05,0.90,Fwd,0.00
1748796019.81,1.37,-0.31,171.05,0.90,Fwd,0.00
1748796019.81,1.37,-0.31,169.80,0.90,Fwd,0.00
1748796019.81,1.37,-0.31,169.80,0.97,Fwd,0.00
1748796019.82,1.37,-0.31,169.80,0.97,Fwd,0.00
1748796019.82,1.37,-0.31,169.80,0.97,Fwd,0.00
1748796019.82,1.37,-0.31,169.80,0.97,Fwd,0.00
1748796019.92,1.37,-0.31,169.80,0.97,Fwd,0.00
1748796019.92,-0.04,-0.31,169.80,0.97,Fwd,0.00
1748796019.92,-0.04,0.04,169.80,0.97,Fwd,0.00
1748796019.92,-0.04,0.04,167.73,0.97,Fwd,0.00
1748796019.92,-0.04,0.04,167.73,1.01,Fwd,0.00
1748796019.92,-0.04,0.04,167.73,1.01,Fwd,0.00
1748796019.92,-0.04,0.04,167.73,1.01,Fwd,0.00
1748796019.92,-0.04,0.04,167.73,1.01,Fwd,0.00
1748796019.99,-0.04,0.04,167.73,1.01,Fwd,0.00
1748796019.99,0.34,0.04,167.73,1.01,Fwd,0.00
1748796019.99,0.34,0.61,167.73,1.01,Fwd,0.00
1748796020.02,0.34,0.61,165.59,1.01,Fwd,0.00
1748796020.06,0.34,0.61,165.59,0.89,Fwd,0.00
1748796020.09,0.34,0.61,165.59,0.89,Fwd,0.00
1748796020.09,0.34,0.61,165.59,0.89,Fwd,0.00
1748796020.09,0.34,0.61,165.59,0.89,Fwd,0.00
1748796020.09,0.34,0.61,165.59,0.89,Fwd,0.00
1748796020.09,0.86,0.61,165.59,0.89,Fwd,0.00
1748796020.09,0.86,0.62,165.59,0.89,Fwd,0.00
1748796020.09,0.86,0.62,163.80,0.89,Fwd,0.00
1748796020.10,0.86,0.62,163.80,0.94,Fwd,0.00
1748796020.10,0.86,0.62,163.80,0.94,Fwd,0.00
1748796020.10,0.86,0.62,163.80,0.94,Fwd,0.00
1748796020.10,0.86,0.62,163.80,0.94,Fwd,0.00
1748796020.20,0.86,0.62,163.80,0.94,Fwd,0.00
1748796020.20,1.17,0.62,163.80,0.94,Fwd,0.00
1748796020.20,1.17,-0.58,163.80,0.94,Fwd,0.00
1748796020.20,1.17,-0.58,162.65,0.94,Fwd,0.00
1748796020.20,1.17,-0.58,162.65,0.90,Fwd,0.00
1748796020.21,1.17,-0.58,162.65,0.90,Fwd,0.00
1748796020.21,1.17,-0.58,162.65,0.90,Fwd,0.00
1748796020.21,1.17,-0.58,162.65,0.90,Fwd,0.00
1748796020.30,1.17,-0.58,162.65,0.90,Fwd,1.38
1748796020.34,0.96,-0.58,162.65,0.90,Fwd,1.38
1748796020.34,0.96,-1.68,162.65,0.90,Fwd,1.38
1748796020.35,0.96,-1.68,161.67,0.90,Fwd,1.38
1748796020.35,0.96,-1.68,161.67,0.99,Fwd,1.38
1748796020.35,0.96,-1.68,161.67,0.99,Fwd,1.38
1748796020.35,0.96,-1.68,161.67,0.99,Fwd,1.38
1748796020.35,0.96,-1.68,161.67,0.99,Fwd,1.38
1748796020.41,0.96,-1.68,161.67,0.99,Fwd,1.38
1748796020.41,0.20,-1.68,161.67,0.99,Fwd,1.38
1748796020.42,0.20,-2.21,161.67,0.99,Fwd,1.38
1748796020.42,0.20,-2.21,160.71,0.99,Fwd,1.38
1748796020.42,0.20,-2.21,160.71,0.98,Fwd,1.38
1748796020.42,0.20,-2.21,160.71,0.98,Fwd,1.38
1748796020.42,0.20,-2.21,160.71,0.98,Fwd,1.38
1748796020.42,0.20,-2.21,160.71,0.98,Fwd,1.38
1748796020.52,0.20,-2.21,160.71,0.98,Fwd,1.38
1748796020.52,-0.31,-2.21,160.71,0.98,Fwd,1.38
1748796020.52,-0.31,-1.89,160.71,0.98,Fwd,1.38
1748796020.52,-0.31,-1.89,159.57,0.98,Fwd,1.38
1748796020.52,-0.31,-1.89,159.57,1.06,Fwd,1.38
1748796020.52,-0.31,-1.89,159.57,1.06,Fwd,1.38
1748796020.52,-0.31,-1.89,159.57,1.06,Fwd,1.38
1748796020.52,-0.31,-1.89,159.57,1.06,Fwd,1.38
1748796020.62,-0.31,-1.89,159.57,1.06,Fwd,1.38
1748796020.65,1.04,-1.89,159.57,1.06,Fwd,1.38
1748796020.66,1.04,0.25,159.57,1.06,Fwd,1.38
1748796020.66,1.04,0.25,158.88,1.06,Fwd,1.38
1748796020.66,1.04,0.25,158.88,1.00,Fwd,1.38
1748796020.66,1.04,0.25,158.88,1.00,Fwd,1.38
1748796020.67,1.04,0.25,158.88,1.00,Fwd,1.38
1748796020.67,1.04,0.25,158.88,1.00,Fwd,1.38
1748796020.69,1.04,0.25,158.88,1.00,Fwd,1.38
1748796020.69,2.52,0.25,158.88,1.00,Fwd,1.38
1748796020.70,2.52,1.32,158.88,1.00,Fwd,1.38
1748796020.70,2.52,1.32,158.65,1.00,Fwd,1.38
1748796020.72,2.52,1.32,158.65,1.03,Fwd,1.38
1748796020.72,2.52,1.32,158.65,1.03,Fwd,1.38
1748796020.73,2.52,1.32,158.65,1.03,Fwd,1.38
1748796020.76,2.52,1.32,158.65,1.03,Fwd,1.38
1748796020.80,2.52,1.32,158.65,1.03,Fwd,1.38
1748796020.80,1.18,1.32,158.65,1.03,Fwd,1.38
1748796020.80,1.18,0.86,158.65,1.03,Fwd,1.38
1748796020.80,1.18,0.86,158.23,1.03,Fwd,1.38
1748796020.80,1.18,0.86,158.23,0.96,Fwd,1.38
1748796020.81,1.18,0.86,158.23,0.96,Fwd,1.38
1748796020.81,1.18,0.86,158.23,0.96,Fwd,1.38
1748796020.81,1.18,0.86,158.23,0.96,Fwd,1.38
1748796020.90,1.18,0.86,158.23,0.96,Fwd,1.38
1748796020.93,-0.33,0.86,158.23,0.96,Fwd,1.38
1748796020.97,-0.33,1.85,158.23,0.96,Fwd,1.38
1748796021.00,-0.33,1.85,158.16,0.96,Fwd,1.38
1748796021.04,-0.33,1.85,158.16,0.88,Fwd,1.38
1748796021.04,-0.33,1.85,158.16,0.88,Fwd,1.38
1748796021.04,-0.33,1.85,158.16,0.88,Fwd,1.38
1748796021.05,-0.33,1.85,158.16,0.88,Fwd,1.38
1748796021.05,-0.33,1.85,158.16,0.88,Fwd,1.38
1748796021.05,-1.30,1.85,158.16,0.88,Fwd,1.38
1748796021.05,-1.30,2.62,158.16,0.88,Fwd,1.38
1748796021.05,-1.30,2.62,158.29,0.88,Fwd,1.38
1748796021.05,-1.30,2.62,158.29,0.99,Fwd,1.38
1748796021.11,-1.30,2.62,158.29,0.99,Fwd,1.38
1748796021.11,-2.29,2.62,158.29,0.99,Fwd,1.38
1748796021.11,-2.29,3.56,158.29,0.99,Fwd,1.38
1748796021.11,-2.29,3.56,158.83,0.99,Fwd,1.38
1748796021.12,-2.29,3.56,158.83,0.98,Fwd,1.38
1748796021.12,-2.29,3.56,158.83,0.98,Fwd,1.38
1748796021.12,-2.29,3.56,158.83,0.98,Fwd,1.38
1748796021.12,-2.29,3.56,158.83,0.98,Fwd,1.38
1748796021.21,-2.29,3.56,158.83,0.98,Fwd,1.38
1748796021.22,-2.73,3.56,158.83,0.98,Fwd,1.38
1748796021.22,-2.73,3.41,158.83,0.98,Fwd,1.38
1748796021.22,-2.73,3.41,159.69,0.98,Fwd,1.38
1748796021.22,-2.73,3.41,159.69,1.00,Fwd,1.38
1748796021.22,-2.73,3.41,159.69,1.00,Fwd,1.38
1748796021.22,-2.73,3.41,159.69,1.00,Fwd,1.38
1748796021.22,-2.73,3.41,159.69,1.00,Fwd,1.38
1748796021.32,-2.73,3.41,159.69,1.00,Fwd,1.38
1748796021.32,-3.64,3.41,159.69,1.00,Fwd,1.38
1748796021.33,-3.64,2.30,159.69,1.00,Fwd,1.38
1748796021.33,-3.64,2.30,160.94,1.00,Fwd,1.38
1748796021.33,-3.64,2.30,160.94,0.99,Fwd,1.38
1748796021.33,-3.64,2.30,160.94,0.99,Fwd,1.38
1748796021.33,-3.64,2.30,160.94,0.99,Fwd,1.38
1748796021.33,-3.64,2.30,160.94,0.99,Fwd,1.38
1748796021.39,-3.64,2.30,160.94,0.99,Fwd,1.38
1748796021.40,-3.76,2.30,160.94,0.99,Fwd,1.38
1748796021.40,-3.76,0.82,160.94,0.99,Fwd,1.38
1748796021.40,-3.76,0.82,163.79,0.99,Fwd,1.38
1748796021.42,-3.76,0.82,163.79,1.00,Fwd,1.38
1748796021.42,-3.76,0.82,163.79,1.00,Fwd,1.38
1748796021.43,-3.76,0.82,163.79,1.00,Fwd,1.38
1748796021.43,-3.76,0.82,163.79,1.00,Fwd,1.38
1748796021.49,-3.76,0.82,163.79,1.00,Fwd,1.38
1748796021.49,-2.01,0.82,163.79,1.00,Fwd,1.38
1748796021.49,-2.01,0.12,163.79,1.00,Fwd,1.38
1748796021.49,-2.01,0.12,166.17,1.00,Fwd,1.38
1748796021.49,-2.01,0.12,166.17,0.91,Fwd,1.38
1748796021.49,-2.01,0.12,166.17,0.91,Fwd,1.38
1748796021.49,-2.01,0.12,166.17,0.91,Fwd,1.38
1748796021.49,-2.01,0.12,166.17,0.91,Fwd,1.38
1748796021.60,-2.01,0.12,166.17,0.91,Fwd,1.38
1748796021.63,-0.95,0.12,166.17,0.91,Fwd,1.38
1748796021.63,-0.95,-0.44,166.17,0.91,Fwd,1.38
1748796021.63,-0.95,-0.44,167.20,0.91,Fwd,1.38
1748796021.64,-0.95,-0.44,167.20,0.95,Fwd,1.38
1748796021.64,-0.95,-0.44,167.20,0.95,Fwd,1.38
1748796021.64,-0.95,-0.44,167.20,0.95,Fwd,1.38
1748796021.64,-0.95,-0.44,167.20,0.95,Fwd,1.38
1748796021.70,-0.95,-0.44,167.20,0.95,Fwd,1.38
1748796021.74,-0.66,-0.44,167.20,0.95,Fwd,1.38
1748796021.74,-0.66,-0.57,167.20,0.95,Fwd,1.38
1748796021.74,-0.66,-0.57,168.01,0.95,Fwd,1.38
1748796021.74,-0.66,-0.57,168.01,0.96,Fwd,1.38
1748796021.74,-0.66,-0.57,168.01,0.96,Fwd,1.38
1748796021.74,-0.66,-0.57,168.01,0.96,Fwd,1.38
1748796021.78,-0.66,-0.57,168.01,0.96,Fwd,1.38
1748796021.81,-0.66,-0.57,168.01,0.96,Fwd,1.38
1748796021.81,-0.74,-0.57,168.01,0.96,Fwd,1.38
1748796021.81,-0.74,-1.01,168.01,0.96,Fwd,1.38
1748796021.81,-0.74,-1.01,169.03,0.96,Fwd,1.38
1748796021.81,-0.74,-1.01,169.03,0.97,Fwd,1.38
1748796021.81,-0.74,-1.01,169.03,0.97,Fwd,1.38
1748796021.82,-0.74,-1.01,169.03,0.97,Fwd,1.38
1748796021.82,-0.74,-1.01,169.03,0.97,Fwd,1.38
1748796021.91,-0.74,-1.01,169.03,0.97,Fwd,1.38
1748796021.91,-0.48,-1.01,169.03,0.97,Fwd,1.38
1748796021.91,-0.48,-1.01,169.03,0.97,Fwd,1.38
1748796021.95,-0.48,-1.01,170.29,0.97,Fwd,1.38
1748796021.99,-0.48,-1.01,170.29,0.98,Fwd,1.38
1748796022.02,-0.48,-1.01,170.29,0.98,Fwd,1.38
1748796022.02,-0.48,-1.01,170.29,0.98,Fwd,1.38
1748796022.02,-0.48,-1.01,170.29,0.98,Fwd,1.38
1748796022.03,-0.48,-1.01,170.29,0.98,Fwd,1.38
1748796022.03,-0.05,-1.01,170.29,0.98,Fwd,1.38
1748796022.03,-0.05,-1.26,170.29,0.98,Fwd,1.38
1748796022.03,-0.05,-1.26,171.18,0.98,Fwd,1.38
1748796022.03,-0.05,-1.26,171.18,0.97,Fwd,1.38
1748796022.03,-0.05,-1.26,171.18,0.97,Fwd,1.38
1748796022.09,-0.05,-1.26,171.18,0.97,Fwd,1.38
1748796022.09,0.35,-1.26,171.18,0.97,Fwd,1.38
1748796022.09,0.35,-1.38,171.18,0.97,Fwd,1.38
1748796022.09,0.35,-1.38,171.51,0.97,Fwd,1.38
1748796022.12,0.35,-1.38,171.51,0.97,Fwd,1.38
1748796022.12,0.35,-1.38,171.51,0.97,Fwd,1.38
1748796022.12,0.35,-1.38,171.51,0.97,Fwd,1.38
1748796022.13,0.35,-1.38,171.51,0.97,Fwd,1.38
1748796022.19,0.35,-1.38,171.51,0.97,Fwd,1.38
1748796022.23,0.46,-1.38,171.51,0.97,Fwd,1.38
1748796022.23,0.46,-1.56,171.51,0.97,Fwd,1.38
1748796022.23,0.46,-1.56,171.93,0.97,Fwd,1.38
1748796022.24,0.46,-1.56,171.93,0.96,Fwd,1.38
1748796022.24,0.46,-1.56,171.93,0.96,Fwd,1.38
1748796022.24,0.46,-1.56,171.93,0.96,Fwd,1.38
1748796022.24,0.46,-1.56,171.93,0.96,Fwd,1.38
1748796022.30,0.46,-1.56,171.93,0.96,Fwd,1.38
1748796022.30,0.51,-1.56,171.93,0.96,Fwd,1.38
1748796022.30,0.51,-1.29,171.93,0.96,Fwd,1.38
1748796022.30,0.51,-1.29,172.44,0.96,Fwd,1.38
1748796022.31,0.51,-1.29,172.44,0.99,Fwd,1.38
1748796022.31,0.51,-1.29,172.44,0.99,Fwd,1.38
1748796022.31,0.51,-1.29,172.44,0.99,Fwd,1.38
1748796022.31,0.51,-1.29,172.44,0.99,Fwd,1.38
1748796022.41,0.51,-1.29,172.44,0.99,Fwd,1.38
1748796022.41,0.57,-1.29,172.44,0.99,Fwd,1.38
1748796022.41,0.57,-1.28,172.44,0.99,Fwd,1.38
1748796022.41,0.57,-1.28,172.98,0.99,Fwd,1.38
1748796022.42,0.57,-1.28,172.98,0.97,Fwd,1.38
1748796022.42,0.57,-1.28,172.98,0.97,Fwd,1.38
1748796022.42,0.57,-1.28,172.98,0.97,Fwd,1.38
1748796022.42,0.57,-1.28,172.98,0.97,Fwd,1.38
1748796022.51,0.57,-1.28,172.98,0.97,Fwd,1.38
1748796022.51,0.62,-1.28,172.98,0.97,Fwd,1.38
1748796022.51,0.62,-0.72,172.98,0.97,Fwd,1.38
1748796022.52,0.62,-0.72,173.52,0.97,Fwd,1.38
1748796022.52,0.62,-0.72,173.52,0.98,Fwd,1.38
1748796022.52,0.62,-0.72,173.52,0.98,Fwd,1.38
1748796022.54,0.62,-0.72,173.52,0.98,Fwd,1.38
1748796022.58,0.62,-0.72,173.52,0.98,Fwd,1.38
1748796022.61,0.62,-0.72,173.52,0.98,Fwd,1.38
1748796022.62,0.64,-0.72,173.52,0.98,Fwd,1.38
1748796022.62,0.64,-0.55,173.52,0.98,Fwd,1.38
1748796022.62,0.64,-0.55,174.01,0.98,Fwd,1.38
1748796022.62,0.64,-0.55,174.01,0.98,Fwd,1.38
1748796022.62,0.64,-0.55,174.01,0.98,Fwd,1.38
1748796022.62,0.64,-0.55,174.01,0.98,Fwd,1.38
1748796022.62,0.64,-0.55,174.01,0.98,Fwd,1.38
1748796022.72,0.64,-0.55,174.01,0.98,Fwd,1.38
1748796022.76,0.70,-0.55,174.01,0.98,Fwd,1.38
1748796022.76,0.70,-0.97,174.01,0.98,Fwd,1.38
1748796022.76,0.70,-0.97,174.51,0.98,Fwd,1.38
1748796022.76,0.70,-0.97,174.51,0.97,Fwd,1.38
1748796022.76,0.70,-0.97,174.51,0.97,Fwd,1.38
1748796022.76,0.70,-0.97,174.51,0.97,Fwd,1.38
1748796022.76,0.70,-0.97,174.51,0.97,Fwd,1.38
1748796022.79,0.70,-0.97,174.51,0.97,Fwd,1.38
1748796022.79,0.69,-0.97,174.51,0.97,Fwd,1.38
1748796022.79,0.69,-1.66,174.51,0.97,Fwd,1.38
1748796022.79,0.69,-1.66,174.91,0.97,Fwd,1.38
1748796022.83,0.69,-1.66,174.91,0.98,Fwd,1.38
1748796022.83,0.69,-1.66,174.91,0.98,Fwd,1.38
1748796022.83,0.69,-1.66,174.91,0.98,Fwd,1.38
1748796022.83,0.69,-1.66,174.91,0.98,Fwd,1.38
1748796022.90,0.69,-1.66,174.91,0.98,Fwd,1.38
1748796022.93,0.76,-1.66,174.91,0.98,Fwd,1.38
1748796022.93,0.76,-2.21,174.91,0.98,Fwd,1.38
1748796022.93,0.76,-2.21,175.14,0.98,Fwd,1.38
1748796022.93,0.76,-2.21,175.14,0.98,Fwd,1.38
1748796022.94,0.76,-2.21,175.14,0.98,Fwd,1.38
1748796022.94,0.76,-2.21,175.14,0.98,Fwd,1.38
1748796022.94,0.76,-2.21,175.14,0.98,Fwd,1.38
1748796023.00,0.76,-2.21,175.14,0.98,Fwd,1.38
1748796023.00,0.98,-2.21,175.14,0.98,Fwd,1.38
1748796023.01,0.98,-2.33,175.14,0.98,Fwd,1.38
1748796023.01,0.98,-2.33,174.92,0.98,Fwd,1.38
1748796023.01,0.98,-2.33,174.92,0.97,Fwd,1.38
1748796023.01,0.98,-2.33,174.92,0.97,Fwd,1.38
1748796023.01,0.98,-2.33,174.92,0.97,Fwd,1.38
1748796023.01,0.98,-2.33,174.92,0.97,Fwd,1.38
1748796023.11,0.98,-2.33,174.92,0.97,Fwd,1.38
1748796023.11,1.17,-2.33,174.92,0.97,Fwd,1.38
1748796023.11,1.17,-1.89,174.92,0.97,Fwd,1.38
1748796023.11,1.17,-1.89,174.30,0.97,Fwd,1.38
1748796023.11,1.17,-1.89,174.30,0.97,Fwd,1.38
1748796023.11,1.17,-1.89,174.30,0.97,Fwd,1.38
1748796023.11,1.17,-1.89,174.30,0.97,Fwd,1.38
1748796023.12,1.17,-1.89,174.30,0.97,Fwd,1.38
1748796023.21,1.17,-1.89,174.30,0.97,Fwd,1.38
1748796023.21,0.99,-1.89,174.30,0.97,Fwd,1.38
1748796023.21,0.99,-1.29,174.30,0.97,Fwd,1.38
1748796023.21,0.99,-1.29,173.76,0.97,Fwd,1.38
1748796023.21,0.99,-1.29,173.76,0.97,Fwd,1.38
1748796023.21,0.99,-1.29,173.76,0.97,Fwd,1.38