1748795635.41,-1.06,4.39,279.65,1.01,Fwd,7.54
1748795635.41,-0.72,4.39,279.65,1.01,Fwd,7.54
1748795635.41,-0.72,4.86,279.65,1.01,Fwd,7.54
1748795635.42,-0.72,4.86,278.27,1.01,Fwd,7.54
1748795635.42,-0.72,4.86,278.27,0.91,Fwd,7.54
1748795635.42,-0.72,4.86,278.27,0.91,Fwd,7.54
1748795635.42,-0.72,4.86,278.27,0.91,Fwd,7.54
1748795635.42,-0.72,4.86,278.27,0.91,Fwd,7.54
1748795635.51,-0.72,4.86,278.27,0.91,Fwd,7.54
1748795635.51,-0.82,4.86,278.27,0.91,Fwd,7.54
1748795635.51,-0.82,4.88,278.27,0.91,Fwd,7.54
1748795635.55,-0.82,4.88,277.22,0.91,Fwd,7.54
1748795635.58,-0.82,4.88,277.22,1.04,Fwd,7.54
1748795635.58,-0.82,4.88,277.22,1.04,Fwd,7.54
1748795635.58,-0.82,4.88,277.22,1.04,Fwd,7.54
1748795635.58,-0.82,4.88,277.22,1.04,Fwd,7.54
1748795635.62,-0.82,4.88,277.22,1.04,Fwd,6.67
1748795635.65,-0.70,4.88,277.22,1.04,Fwd,6.67
1748795635.65,-0.70,4.35,277.22,1.04,Fwd,6.67
1748795635.65,-0.70,4.35,276.83,1.04,Fwd,6.67
1748795635.65,-0.70,4.35,276.83,0.97,Fwd,6.67
1748795635.65,-0.70,4.35,276.83,0.97,Fwd,6.67
1748795635.65,-0.70,4.35,276.83,0.97,Fwd,6.67
1748795635.65,-0.70,4.35,276.83,0.97,Fwd,6.67
1748795635.72,-0.70,4.35,276.83,0.97,Fwd,6.67
1748795635.72,-0.56,4.35,276.83,0.97,Fwd,6.67
1748795635.72,-0.56,3.40,276.83,0.97,Fwd,6.67
1748795635.73,-0.56,3.40,277.18,0.97,Fwd,6.67
1748795635.73,-0.56,3.40,277.18,0.88,Fwd,6.67
1748795635.73,-0.56,3.40,277.18,0.88,Fwd,6.67
1748795635.73,-0.56,3.40,277.18,0.88,Fwd,6.67
1748795635.73,-0.56,3.40,277.18,0.88,Fwd,6.67
1748795635.79,-0.56,3.40,277.18,0.88,Fwd,6.67
1748795635.83,-0.50,3.40,277.18,0.88,Fwd,6.67
1748795635.83,-0.50,3.30,277.18,0.88,Fwd,6.67
1748795635.83,-0.50,3.30,277.08,0.88,Fwd,6.67
1748795635.83,-0.50,3.30,277.08,1.03,Fwd,6.67
1748795635.83,-0.50,3.30,277.08,1.03,Fwd,6.67
1748795635.83,-0.50,3.30,277.08,1.03,Fwd,6.67
1748795635.83,-0.50,3.30,277.08,1.03,Fwd,6.67
1748795635.90,-0.50,3.30,277.08,1.03,Fwd,6.67
1748795635.90,-0.87,3.30,277.08,1.03,Fwd,6.67
1748795635.90,-0.87,4.30,277.08,1.03,Fwd,6.67
1748795635.90,-0.87,4.30,276.06,1.03,Fwd,6.67
1748795635.90,-0.87,4.30,276.06,0.93,Fwd,6.67
1748795635.90,-0.87,4.30,276.06,0.93,Fwd,6.67
1748795635.90,-0.87,4.30,276.06,0.93,Fwd,6.67
1748795635.90,-0.87,4.30,276.06,0.93,Fwd,6.67
1748795636.00,-0.87,4.30,276.06,0.93,Fwd,6.67
1748795636.04,-0.98,4.30,276.06,0.93,Fwd,6.67
1748795636.07,-0.98,5.29,276.06,0.93,Fwd,6.67
1748795636.07,-0.98,5.29,274.49,0.93,Fwd,6.67
1748795636.07,-0.98,5.29,274.49,0.93,Fwd,6.67
1748795636.07,-0.98,5.29,274.49,0.93,Fwd,6.67
1748795636.07,-0.98,5.29,274.49,0.93,Fwd,6.67
1748795636.07,-0.98,5.29,274.49,0.93,Fwd,6.67
1748795636.11,-0.98,5.29,274.49,0.93,Fwd,6.67
1748795636.11,-0.28,5.29,274.49,0.93,Fwd,6.67
1748795636.11,-0.28,5.49,274.49,0.93,Fwd,6.67
1748795636.11,-0.28,5.49,273.89,0.93,Fwd,6.67
1748795636.11,-0.28,5.49,273.89,0.89,Fwd,6.67
1748795636.11,-0.28,5.49,273.89,0.89,Fwd,6.67
1748795636.11,-0.28,5.49,273.89,0.89,Fwd,6.67
1748795636.11,-0.28,5.49,273.89,0.89,Fwd,6.67
1748795636.21,-0.28,5.49,273.89,0.89,Fwd,6.79
1748795636.21,-0.36,5.49,273.89,0.89,Fwd,6.79
1748795636.21,-0.36,4.91,273.89,0.89,Fwd,6.79
1748795636.21,-0.36,4.91,274.57,0.89,Fwd,6.79
1748795636.22,-0.36,4.91,274.57,1.00,Fwd,6.79
1748795636.22,-0.36,4.91,274.57,1.00,Fwd,6.79
1748795636.22,-0.36,4.91,274.57,1.00,Fwd,6.79
1748795636.22,-0.36,4.91,274.57,1.00,Fwd,6.79
1748795636.32,-0.36,4.91,274.57,1.00,Fwd,6.79
1748795636.32,-0.24,4.91,274.57,1.00,Fwd,6.79
1748795636.32,-0.24,4.02,274.57,1.00,Fwd,6.79
1748795636.32,-0.24,4.02,275.81,1.00,Fwd,6.79
1748795636.32,-0.24,4.02,275.81,0.93,Fwd,6.79
1748795636.32,-0.24,4.02,275.81,0.93,Fwd,6.79
1748795636.32,-0.24,4.02,275.81,0.93,Fwd,6.79
1748795636.32,-0.24,4.02,275.81,0.93,Fwd,6.79
1748795636.42,-0.24,4.02,275.81,0.93,Fwd,6.79
1748795636.46,0.14,4.02,275.81,0.93,Fwd,6.79
1748795636.49,0.14,3.89,275.81,0.93,Fwd,6.79
1748795636.49,0.14,3.89,277.00,0.93,Fwd,6.79
1748795636.49,0.14,3.89,277.00,0.97,Fwd,6.79
1748795636.49,0.14,3.89,277.00,0.97,Fwd,6.79
1748795636.49,0.14,3.89,277.00,0.97,Fwd,6.79
1748795636.50,0.14,3.89,277.00,0.97,Fwd,6.79
1748795636.50,0.14,3.89,277.00,0.97,Fwd,6.79
1748795636.50,0.14,3.89,277.00,0.97,Fwd,6.79
1748795636.50,0.14,3.55,277.00,0.97,Fwd,6.79
1748795636.50,0.14,3.55,278.38,0.97,Fwd,6.79
1748795636.50,0.14,3.55,278.38,0.99,Fwd,6.79
1748795636.50,0.14,3.55,278.38,0.99,Fwd,6.79
1748795636.50,0.14,3.55,278.38,0.99,Fwd,6.79
1748795636.50,0.14,3.55,278.38,0.99,Fwd,6.79
1748795636.60,0.14,3.55,278.38,0.99,Fwd,6.79
1748795636.63,0.26,3.55,278.38,0.99,Fwd,6.79
1748795636.67,0.26,2.86,278.38,0.99,Fwd,6.79
1748795636.67,0.26,2.86,280.14,0.99,Fwd,6.79
1748795636.67,0.26,2.86,280.14,0.86,Fwd,6.79
1748795636.67,0.26,2.86,280.14,0.86,Fwd,6.79
1748795636.67,0.26,2.86,280.14,0.86,Fwd,6.79
1748795636.67,0.26,2.86,280.14,0.86,Fwd,6.79
1748795636.71,0.26,2.86,280.14,0.86,Fwd,6.73
1748795636.71,0.65,2.86,280.14,0.86,Fwd,6.73
1748795636.71,0.65,2.52,280.14,0.86,Fwd,6.73
1748795636.71,0.65,2.52,281.77,0.86,Fwd,6.73
1748795636.71,0.65,2.52,281.77,1.04,Fwd,6.73
1748795636.72,0.65,2.52,281.77,1.04,Fwd,6.73
1748795636.72,0.65,2.52,281.77,1.04,Fwd,6.73
1748795636.72,0.65,2.52,281.77,1.04,Fwd,6.73
1748795636.81,0.65,2.52,281.77,1.04,Fwd,6.73
1748795636.85,0.33,2.52,281.77,1.04,Fwd,6.73
1748795636.85,0.33,2.61,281.77,1.04,Fwd,6.73
1748795636.85,0.33,2.61,282.51,1.04,Fwd,6.73
1748795636.85,0.33,2.61,282.51,1.14,Fwd,6.73
1748795636.85,0.33,2.61,282.51,1.14,Fwd,6.73
1748795636.85,0.33,2.61,282.51,1.14,Fwd,6.73
1748795636.85,0.33,2.61,282.51,1.14,Fwd,6.73
1748795636.92,0.33,2.61,282.51,1.14,Fwd,6.73
1748795636.92,0.52,2.61,282.51,1.14,Fwd,6.73
1748795636.92,0.52,2.16,282.51,1.14,Fwd,6.73
1748795636.92,0.52,2.16,283.14,1.14,Fwd,6.73
1748795636.92,0.52,2.16,283.14,0.98,Fwd,6.73
1748795636.92,0.52,2.16,283.14,0.98,Fwd,6.73
1748795636.93,0.52,2.16,283.14,0.98,Fwd,6.73
1748795636.93,0.52,2.16,283.14,0.98,Fwd,6.73
1748795637.02,0.52,2.16,283.14,0.98,Fwd,6.73
1748795637.05,1.16,2.16,283.14,0.98,Fwd,6.73
1748795637.05,1.16,1.18,283.14,0.98,Fwd,6.73
1748795637.05,1.16,1.18,284.93,0.98,Fwd,6.73
1748795637.06,1.16,1.18,284.93,0.95,Fwd,6.73
1748795637.06,1.16,1.18,284.93,0.95,Fwd,6.73
1748795637.06,1.16,1.18,284.93,0.95,Fwd,6.73
1748795637.06,1.16,1.18,284.93,0.95,Fwd,6.73
1748795637.12,1.16,1.18,284.93,0.95,Fwd,6.73
1748795637.12,1.94,1.18,284.93,0.95,Fwd,6.73
1748795637.12,1.94,0.74,284.93,0.95,Fwd,6.73
1748795637.12,1.94,0.74,288.04,0.95,Fwd,6.73
1748795637.12,1.94,0.74,288.04,1.04,Fwd,6.73
1748795637.12,1.94,0.74,288.04,1.04,Fwd,6.73
1748795637.12,1.94,0.74,288.04,1.04,Fwd,6.73
1748795637.12,1.94,0.74,288.04,1.04,Fwd,6.73
1748795637.19,1.94,0.74,288.04,1.04,Fwd,6.73
1748795637.23,2.41,0.74,288.04,1.04,Fwd,6.73
1748795637.26,2.41,-0.14,288.04,1.04,Fwd,6.73
1748795637.26,2.41,-0.14,292.14,1.04,Fwd,6.73
1748795637.26,2.41,-0.14,292.14,0.95,Fwd,6.73
1748795637.26,2.41,-0.14,292.14,0.95,Fwd,6.73
1748795637.26,2.41,-0.14,292.14,0.95,Fwd,6.73
1748795637.26,2.41,-0.14,292.14,0.95,Fwd,6.73
1748795637.30,2.41,-0.14,292.14,0.95,Fwd,6.73
1748795637.30,2.59,-0.14,292.14,0.95,Fwd,6.73
1748795637.30,2.59,-1.72,292.14,0.95,Fwd,6.73
1748795637.30,2.59,-1.72,296.01,0.95,Fwd,6.73
1748795637.30,2.59,-1.72,296.01,1.03,Fwd,6.73
1748795637.30,2.59,-1.72,296.01,1.03,Fwd,6.73
1748795637.30,2.59,-1.72,296.01,1.03,Fwd,6.73
1748795637.30,2.59,-1.72,296.01,1.03,Fwd,6.73
1748795637.40,2.59,-1.72,296.01,1.03,Fwd,5.88
1748795637.40,2.82,-1.72,296.01,1.03,Fwd,5.88
1748795637.41,2.82,-2.56,296.01,1.03,Fwd,5.88
1748795637.41,2.82,-2.56,297.84,1.03,Fwd,5.88
1748795637.41,2.82,-2.56,297.84,1.03,Fwd,5.88
1748795637.41,2.82,-2.56,297.84,1.03,Fwd,5.88
1748795637.41,2.82,-2.56,297.84,1.03,Fwd,5.88
1748795637.41,2.82,-2.56,297.84,1.03,Fwd,5.88
1748795637.51,2.82,-2.56,297.84,1.03,Fwd,5.88
1748795637.51,1.41,-2.56,297.84,1.03,Fwd,5.88
1748795637.51,1.41,-3.47,297.84,1.03,Fwd,5.88
1748795637.55,1.41,-3.47,297.79,1.03,Fwd,5.88
1748795637.58,1.41,-3.47,297.79,0.95,Fwd,5.88
1748795637.58,1.41,-3.47,297.79,0.95,Fwd,5.88
1748795637.58,1.41,-3.47,297.79,0.95,Fwd,5.88
1748795637.58,1.41,-3.47,297.79,0.95,Fwd,5.88
1748795637.61,1.41,-3.47,297.79,0.95,Fwd,5.88
1748795637.61,-1.11,-3.47,297.79,0.95,Fwd,5.88
1748795637.61,-1.11,-3.94,297.79,0.95,Fwd,5.88
1748795637.61,-1.11,-3.94,296.55,0.95,Fwd,5.88
1748795637.61,-1.11,-3.94,296.55,0.84,Fwd,5.88
1748795637.62,-1.11,-3.94,296.55,0.84,Fwd,5.88
1748795637.62,-1.11,-3.94,296.55,0.84,Fwd,5.88
1748795637.62,-1.11,-3.94,296.55,0.84,Fwd,5.88
1748795637.72,-1.11,-3.94,296.55,0.84,Fwd,5.88
1748795637.75,-5.36,-3.94,296.55,0.84,Fwd,5.88
1748795637.75,-5.36,-1.93,296.55,0.84,Fwd,5.88
1748795637.75,-5.36,-1.93,294.52,0.84,Fwd,5.88
1748795637.75,-5.36,-1.93,294.52,0.92,Fwd,5.88
1748795637.75,-5.36,-1.93,294.52,0.92,Fwd,5.88
1748795637.75,-5.36,-1.93,294.52,0.92,Fwd,5.88
1748795637.79,-5.36,-1.93,294.52,0.92,Fwd,5.88
1748795637.82,-5.36,-1.93,294.52,0.92,Fwd,8.12
1748795637.86,-6.44,-1.93,294.52,0.92,Fwd,8.12
1748795637.89,-6.44,0.75,294.52,0.92,Fwd,8.12
1748795637.93,-6.44,0.75,292.43,0.92,Fwd,8.12
1748795637.96,-6.44,0.75,292.43,1.13,Fwd,8.12
1748795638.00,-6.44,0.75,292.43,1.13,Fwd,8.12
1748795638.03,-6.44,0.75,292.43,1.13,Fwd,8.12
1748795638.07,-6.44,0.75,292.43,1.13,Fwd,8.12
1748795638.07,-6.44,0.75,292.43,1.13,Fwd,8.12
1748795638.07,-13.80,0.75,292.43,1.13,Fwd,8.12
1748795638.07,-13.80,0.08,292.43,1.13,Fwd,8.12
1748795638.07,-13.80,0.08,293.82,1.13,Fwd,8.12
1748795638.07,-13.80,0.08,293.82,0.90,Fwd,8.12
1748795638.10,-13.80,0.08,293.82,0.90,Fwd,8.12
1748795638.14,-13.80,0.08,293.82,0.90,Fwd,8.12
1748795638.17,-13.80,0.08,293.82,0.90,Fwd,8.12
1748795638.21,-13.80,0.08,293.82,0.90,Fwd,8.12
1748795638.21,-24.71,0.08,293.82,0.90,Fwd,8.12
1748795638.21,-24.71,3.90,293.82,0.90,Fwd,8.12
1748795638.28,-24.71,3.90,291.50,0.90,Fwd,8.12
1748795638.31,-24.71,3.90,291.50,1.82,Fwd,8.12
1748795638.35,-24.71,3.90,291.50,1.82,Fwd,8.12
1748795638.35,-24.71,3.90,291.50,1.82,Fwd,8.12
1748795638.35,-24.71,3.90,291.50,1.82,Fwd,8.12
1748795638.36,-24.71,3.90,291.50,1.82,Fwd,14.36
1748795638.36,-31.13,3.90,291.50,1.82,Fwd,14.36
1748795638.36,-31.13,7.17,291.50,1.82,Fwd,14.36
1748795638.38,-31.13,7.17,291.03,1.82,Fwd,14.36
1748795638.42,-31.13,7.17,291.03,0.48,Fwd,14.36
1748795638.46,-31.13,7.17,291.03,0.48,Fwd,14.36
1748795638.46,-31.13,7.17,291.03,0.48,Fwd,14.36
1748795638.46,-31.13,7.17,291.03,0.48,Fwd,14.36
1748795638.46,-31.13,7.17,291.03,0.48,Fwd,14.36
1748795638.46,-34.43,7.17,291.03,0.48,Fwd,14.36
1748795638.46,-34.43,6.42,291.03,0.48,Fwd,14.36
1748795638.49,-34.43,6.42,296.79,0.48,Fwd,14.36
1748795638.53,-34.43,6.42,296.79,0.98,Fwd,14.36
1748795638.53,-34.43,6.42,296.79,0.98,Fwd,14.36
1748795638.53,-34.43,6.42,296.79,0.98,Fwd,14.36
1748795638.53,-34.43,6.42,296.79,0.98,Fwd,14.36
1748795638.54,-34.43,6.42,296.79,0.98,Fwd,14.36
1748795638.54,-38.78,6.42,296.79,0.98,Fwd,14.36
1748795638.56,-38.78,6.44,296.79,0.98,Fwd,14.36
1748795638.59,-38.78,6.44,302.38,0.98,Fwd,14.36
1748795638.60,-38.78,6.44,302.38,1.25,Fwd,14.36
1748795638.60,-38.78,6.44,302.38,1.25,Fwd,14.36
1748795638.60,-38.78,6.44,302.38,1.25,Fwd,14.36
1748795638.60,-38.78,6.44,302.38,1.25,Fwd,14.36
1748795638.60,-38.78,6.44,302.38,1.25,Fwd,14.09
1748795638.63,-46.80,6.44,302.38,1.25,Fwd,14.09
1748795638.67,-46.80,6.18,302.38,1.25,Fwd,14.09
1748795638.70,-46.80,6.18,305.49,1.25,Fwd,14.09
1748795638.74,-46.80,6.18,305.49,1.36,Fwd,14.09
1748795638.77,-46.80,6.18,305.49,1.36,Fwd,14.09
1748795638.78,-46.80,6.18,305.49,1.36,Fwd,14.09
1748795638.78,-46.80,6.18,305.49,1.36,Fwd,14.09
1748795638.78,-46.80,6.18,305.49,1.36,Fwd,14.09
1748795638.78,-39.28,6.18,305.49,1.36,Fwd,14.09
1748795638.78,-39.28,13.58,305.49,1.36,Fwd,14.09
1748795638.79,-39.28,13.58,298.89,1.36,Fwd,14.09
1748795638.79,-39.28,13.58,298.89,0.83,Fwd,14.09
1748795638.79,-39.28,13.58,298.89,0.83,Fwd,14.09
1748795638.79,-39.28,13.58,298.89,0.83,Fwd,14.09
1748795638.79,-39.28,13.58,298.89,0.83,Fwd,14.09
1748795638.80,-39.28,13.58,298.89,0.83,Fwd,14.09
1748795638.80,-39.48,13.58,298.89,0.83,Fwd,14.09
1748795638.80,-39.48,17.34,298.89,0.83,Fwd,14.09
1748795638.80,-39.48,17.34,300.69,0.83,Fwd,14.09
1748795638.80,-39.48,17.34,300.69,1.01,Fwd,14.09
1748795638.80,-39.48,17.34,300.69,1.01,Fwd,14.09
1748795638.80,-39.48,17.34,300.69,1.01,Fwd,14.09
1748795638.80,-39.48,17.34,300.69,1.01,Fwd,14.09
1748795638.91,-39.48,17.34,300.69,1.01,Fwd,7.39
1748795638.91,-39.19,17.34,300.69,1.01,Fwd,7.39
1748795638.91,-39.19,18.88,300.69,1.01,Fwd,7.39
1748795638.94,-39.19,18.88,309.70,1.01,Fwd,7.39
1748795638.98,-39.19,18.88,309.70,0.95,Fwd,7.39
1748795638.98,-39.19,18.88,309.70,0.95,Fwd,7.39
1748795638.98,-39.19,18.88,309.70,0.95,Fwd,7.39
1748795638.98,-39.19,18.88,309.70,0.95,Fwd,7.39
1748795639.01,-39.19,18.88,309.70,0.95,Fwd,7.39
1748795639.01,-38.29,18.88,309.70,0.95,Fwd,7.39
1748795639.01,-38.29,18.29,309.70,0.95,Fwd,7.39
1748795639.01,-38.29,18.29,322.46,0.95,Fwd,7.39
1748795639.05,-38.29,18.29,322.46,0.82,Fwd,7.39
1748795639.05,-38.29,18.29,322.46,0.82,Fwd,7.39
1748795639.05,-38.29,18.29,322.46,0.82,Fwd,7.39
1748795639.05,-38.29,18.29,322.46,0.82,Fwd,7.39
1748795639.12,-38.29,18.29,322.46,0.82,Fwd,7.39
1748795639.15,-33.55,18.29,322.46,0.82,Fwd,7.39
1748795639.15,-33.55,15.86,322.46,0.82,Fwd,7.39
1748795639.15,-33.55,15.86,335.52,0.82,Fwd,7.39
1748795639.15,-33.55,15.86,335.52,0.78,Fwd,7.39
1748795639.16,-33.55,15.86,335.52,0.78,Fwd,7.39
1748795639.16,-33.55,15.86,335.52,0.78,Fwd,7.39
1748795639.16,-33.55,15.86,335.52,0.78,Fwd,7.39
1748795639.22,-33.55,15.86,335.52,0.78,Fwd,7.39
1748795639.22,-26.31,15.86,335.52,0.78,Fwd,7.39
1748795639.22,-26.31,11.01,335.52,0.78,Fwd,7.39
1748795639.22,-26.31,11.01,346.44,0.78,Fwd,7.39
1748795639.22,-26.31,11.01,346.44,1.24,Fwd,7.39
1748795639.22,-26.31,11.01,346.44,1.24,Fwd,7.39
1748795639.22,-26.31,11.01,346.44,1.24,Fwd,7.39
1748795639.22,-26.31,11.01,346.44,1.24,Fwd,7.39
1748795639.33,-26.31,11.01,346.44,1.24,Fwd,9.45
1748795639.33,-28.43,11.01,346.44,1.24,Fwd,9.45
1748795639.33,-28.43,8.63,346.44,1.24,Fwd,9.45
1748795639.33,-28.43,8.63,351.95,1.24,Fwd,9.45
1748795639.33,-28.43,8.63,351.95,1.45,Fwd,9.45
1748795639.33,-28.43,8.63,351.95,1.45,Fwd,9.45
1748795639.33,-28.43,8.63,351.95,1.45,Fwd,9.45
1748795639.33,-28.43,8.63,351.95,1.45,Fwd,9.45
1748795639.40,-28.43,8.63,351.95,1.45,Fwd,9.45
1748795639.40,-33.71,8.63,351.95,1.45,Fwd,9.45
1748795639.40,-33.71,7.74,351.95,1.45,Fwd,9.45
1748795639.40,-33.71,7.74,356.53,1.45,Fwd,9.45
1748795639.40,-33.71,7.74,356.53,0.72,Fwd,9.45
1748795639.40,-33.71,7.74,356.53,0.72,Fwd,9.45
1748795639.40,-33.71,7.74,356.53,0.72,Fwd,9.45
1748795639.40,-33.71,7.74,356.53,0.72,Fwd,9.45
1748795639.54,-33.71,7.74,356.53,0.72,Fwd,15.24
1748795639.55,-36.65,7.74,356.53,0.72,Fwd,15.24
1748795639.55,-36.65,6.79,356.53,0.72,Fwd,15.24
1748795639.55,-36.65,6.79,3.68,0.72,Fwd,15.24
1748795639.55,-36.65,6.79,3.68,0.94,Fwd,15.24
1748795639.55,-36.65,6.79,3.68,0.94,Fwd,15.24
1748795639.56,-36.65,6.79,3.68,0.94,Fwd,15.24
1748795639.56,-36.65,6.79,3.68,0.94,Fwd,15.24
1748795639.61,-36.65,6.79,3.68,0.94,Fwd,15.24
1748795639.61,-41.48,6.79,3.68,0.94,Fwd,15.24
1748795639.61,-41.48,5.52,3.68,0.94,Fwd,15.24
1748795639.61,-41.48,5.52,10.79,0.94,Fwd,15.24
1748795639.61,-41.48,5.52,10.79,0.63,Fwd,15.24
1748795639.61,-41.48,5.52,10.79,0.63,Fwd,15.24
1748795639.64,-41.48,5.52,10.79,0.63,Fwd,15.24
1748795639.64,-41.48,5.52,10.79,0.63,Fwd,15.24
1748795639.72,-41.48,5.52,10.79,0.63,Fwd,17.37
1748795639.72,-50.94,5.52,10.79,0.63,Fwd,17.37
1748795639.72,-50.94,5.21,10.79,0.63,Fwd,17.37
1748795639.72,-50.94,5.21,17.43,0.63,Fwd,17.37
1748795639.72,-50.94,5.21,17.43,1.24,Fwd,17.37
1748795639.75,-50.94,5.21,17.43,1.24,Fwd,17.37
1748795639.75,-50.94,5.21,17.43,1.24,Fwd,17.37
1748795639.75,-50.94,5.21,17.43,1.24,Fwd,17.37
1748795639.82,-50.94,5.21,17.43,1.24,Fwd,17.37
1748795639.85,-51.03,5.21,17.43,1.24,Fwd,17.37
1748795639.89,-51.03,5.73,17.43,1.24,Fwd,17.37
1748795639.89,-51.03,5.73,22.97,1.24,Fwd,17.37
1748795639.89,-51.03,5.73,22.97,1.43,Fwd,17.37
1748795639.90,-51.03,5.73,22.97,1.43,Fwd,17.37
1748795639.90,-51.03,5.73,22.97,1.43,Fwd,17.37
1748795639.90,-51.03,5.73,22.97,1.43,Fwd,17.37
1748795639.90,-51.03,5.73,22.97,1.43,Fwd,17.37
1748795639.90,-40.79,5.73,22.97,1.43,Fwd,17.37
1748795639.90,-40.79,6.34,22.97,1.43,Fwd,17.37
1748795639.92,-40.79,6.34,22.97,1.43,Fwd,17.37
1748795639.92,-40.79,6.34,22.97,1.43,Fwd,17.37
1748795639.93,-40.79,6.34,22.97,1.43,Fwd,17.37
1748795640.03,-40.79,6.34,22.97,1.43,Fwd,17.37
1748795640.06,-39.64,6.34,22.97,1.43,Fwd,17.37
1748795640.17,-39.64,6.11,22.97,1.43,Fwd,17.37
1748795640.21,-39.64,6.11,25.45,1.43,Fwd,17.37
1748795640.21,-39.64,6.11,25.45,0.94,Fwd,17.37
1748795640.21,-39.64,6.11,25.45,0.94,Fwd,17.37
1748795640.21,-39.64,6.11,25.45,0.94,Fwd,17.37
1748795640.21,-39.64,6.11,25.45,0.94,Fwd,17.37
1748795640.21,-39.64,6.11,25.45,0.94,Fwd,17.37
1748795640.22,-39.38,6.11,25.45,0.94,Fwd,17.37
1748795640.22,-39.38,8.47,25.45,0.94,Fwd,17.37
1748795640.22,-39.38,8.47,32.95,0.94,Fwd,17.37
1748795640.22,-39.38,8.47,32.95,0.92,Fwd,17.37
1748795640.22,-39.38,8.47,32.95,0.92,Fwd,17.37
1748795640.22,-39.38,8.47,32.95,0.92,Fwd,17.37
1748795640.22,-39.38,8.47,32.95,0.92,Fwd,17.37
1748795640.23,-39.38,8.47,32.95,0.92,Fwd,8.30
1748795640.23,-39.41,8.47,32.95,0.92,Fwd,8.30
1748795640.31,-39.41,8.47,32.95,0.92,Fwd,8.30
1748795640.31,-38.43,8.47,32.95,0.92,Fwd,8.30
1748795640.31,-38.43,8.88,32.95,0.92,Fwd,8.30
1748795640.31,-38.43,8.88,39.15,0.92,Fwd,8.30
1748795640.32,-38.43,8.88,39.15,1.08,Fwd,8.30
1748795640.32,-38.43,8.88,39.15,1.08,Fwd,8.30
1748795640.32,-38.43,8.88,39.15,1.08,Fwd,8.30
1748795640.32,-38.43,8.88,39.15,1.08,Fwd,8.30
1748795640.42,-38.43,8.88,39.15,1.08,Fwd,8.30
1748795640.42,-39.13,8.88,39.15,1.08,Fwd,8.30
1748795640.42,-39.13,8.96,39.15,1.08,Fwd,8.30
1748795640.42,-39.13,8.96,45.97,1.08,Fwd,8.30
1748795640.42,-39.13,8.96,45.97,1.02,Fwd,8.30
1748795640.42,-39.13,8.96,45.97,1.02,Fwd,8.30
1748795640.43,-39.13,8.96,45.97,1.02,Fwd,8.30
1748795640.43,-39.13,8.96,45.97,1.02,Fwd,8.30
1748795640.52,-39.13,8.96,45.97,1.02,Fwd,8.30
1748795640.55,-40.05,8.96,45.97,1.02,Fwd,8.30
1748795640.55,-40.05,8.99,45.97,1.02,Fwd,8.30
1748795640.56,-40.05,8.99,53.99,1.02,Fwd,8.30
1748795640.56,-40.05,8.99,53.99,0.76,Fwd,8.30
1748795640.56,-40.05,8.99,53.99,0.76,Fwd,8.30
1748795640.56,-40.05,8.99,53.99,0.76,Fwd,8.30
1748795640.59,-40.05,8.99,53.99,0.76,Fwd,8.30
1748795640.62,-40.05,8.99,53.99,0.76,Fwd,9.96
1748795640.62,-43.81,8.99,53.99,0.76,Fwd,9.96
1748795640.62,-43.81,8.93,53.99,0.76,Fwd,9.96
1748795640.62,-43.81,8.93,59.39,0.76,Fwd,9.96
1748795640.62,-43.81,8.93,59.39,1.15,Fwd,9.96
1748795640.63,-43.81,8.93,59.39,1.15,Fwd,9.96
1748795640.63,-43.81,8.93,59.39,1.15,Fwd,9.96
1748795640.63,-43.81,8.93,59.39,1.15,Fwd,9.96
1748795640.69,-43.81,8.93,59.39,1.15,Fwd,9.96
1748795640.69,-47.90,8.93,59.39,1.15,Fwd,9.96
1748795640.70,-47.90,9.88,59.39,1.15,Fwd,9.96
1748795640.70,-47.90,9.88,63.22,1.15,Fwd,9.96
1748795640.70,-47.90,9.88,63.22,0.12,Fwd,9.96
1748795640.70,-47.90,9.88,63.22,0.12,Fwd,9.96
1748795640.70,-47.90,9.88,63.22,0.12,Fwd,9.96
1748795640.70,-47.90,9.88,63.22,0.12,Fwd,9.96
1748795640.80,-47.90,9.88,63.22,0.12,Fwd,9.96
1748795640.80,-39.86,9.88,63.22,0.12,Fwd,9.96
1748795640.80,-39.86,14.19,63.22,0.12,Fwd,9.96
1748795640.80,-39.86,14.19,61.18,0.12,Fwd,9.96
1748795640.80,-39.86,14.19,61.18,0.73,Fwd,9.96
1748795640.80,-39.86,14.19,61.18,0.73,Fwd,9.96
1748795640.80,-39.86,14.19,61.18,0.73,Fwd,9.96
1748795640.83,-39.86,14.19,61.18,0.73,Fwd,9.96
1748795640.90,-39.86,14.19,61.18,0.73,Fwd,9.96
1748795640.94,-33.76,14.19,61.18,0.73,Fwd,9.96
1748795640.97,-33.76,17.86,61.18,0.73,Fwd,9.96
1748795640.97,-33.76,17.86,63.75,0.73,Fwd,9.96
1748795640.97,-33.76,17.86,63.75,1.18,Fwd,9.96
1748795640.97,-33.76,17.86,63.75,1.18,Fwd,9.96
1748795640.97,-33.76,17.86,63.75,1.18,Fwd,9.96
1748795640.97,-33.76,17.86,63.75,1.18,Fwd,9.96
1748795641.01,-33.76,17.86,63.75,1.18,Fwd,9.96
1748795641.01,-32.46,17.86,63.75,1.18,Fwd,9.96
1748795641.01,-32.46,19.00,63.75,1.18,Fwd,9.96
1748795641.01,-32.46,19.00,71.63,1.18,Fwd,9.96
1748795641.01,-32.46,19.00,71.63,1.10,Fwd,9.96
1748795641.01,-32.46,19.00,71.63,1.10,Fwd,9.96
1748795641.01,-32.46,19.00,71.63,1.10,Fwd,9.96
1748795641.01,-32.46,19.00,71.63,1.10,Fwd,9.96
1748795641.11,-32.46,19.00,71.63,1.10,Fwd,6.33
1748795641.15,-32.70,19.00,71.63,1.10,Fwd,6.33
1748795641.15,-32.70,19.20,71.63,1.10,Fwd,6.33
1748795641.15,-32.70,19.20,81.05,1.10,Fwd,6.33
1748795641.15,-32.70,19.20,81.05,1.22,Fwd,6.33
1748795641.15,-32.70,19.20,81.05,1.22,Fwd,6.33
1748795641.15,-32.70,19.20,81.05,1.22,Fwd,6.33
1748795641.15,-32.70,19.20,81.05,1.22,Fwd,6.33
1748795641.22,-32.70,19.20,81.05,1.22,Fwd,6.33
1748795641.22,-33.62,19.20,81.05,1.22,Fwd,6.33
1748795641.22,-33.62,18.87,81.05,1.22,Fwd,6.33
1748795641.23,-33.62,18.87,92.08,1.22,Fwd,6.33
1748795641.23,-33.62,18.87,92.08,0.91,Fwd,6.33
1748795641.23,-33.62,18.87,92.08,0.91,Fwd,6.33
1748795641.23,-33.62,18.87,92.08,0.91,Fwd,6.33
1748795641.23,-33.62,18.87,92.08,0.91,Fwd,6.33
1748795641.32,-33.62,18.87,92.08,0.91,Fwd,6.33
1748795641.36,-27.31,18.87,92.08,0.91,Fwd,6.33
1748795641.36,-27.31,17.43,92.08,0.91,Fwd,6.33
1748795641.36,-27.31,17.43,104.26,0.91,Fwd,6.33
1748795641.36,-27.31,17.43,104.26,0.65,Fwd,6.33
1748795641.37,-27.31,17.43,104.26,0.65,Fwd,6.33
1748795641.37,-27.31,17.43,104.26,0.65,Fwd,6.33
1748795641.37,-27.31,17.43,104.26,0.65,Fwd,6.33
1748795641.39,-27.31,17.43,104.26,0.65,Fwd,6.33
1748795641.43,-17.94,17.43,104.26,0.65,Fwd,6.33
1748795641.46,-17.94,9.93,104.26,0.65,Fwd,6.33
1748795641.50,-17.94,9.93,119.50,0.65,Fwd,6.33
1748795641.54,-17.94,9.93,119.50,1.41,Fwd,6.33
1748795641.54,-17.94,9.93,119.50,1.41,Fwd,6.33
1748795641.54,-17.94,9.93,119.50,1.41,Fwd,6.33
1748795641.54,-17.94,9.93,119.50,1.41,Fwd,6.33
1748795641.54,-17.94,9.93,119.50,1.41,Fwd,11.49
1748795641.54,-19.56,9.93,119.50,1.41,Fwd,11.49
1748795641.54,-19.56,4.31,119.50,1.41,Fwd,11.49
1748795641.55,-19.56,4.31,127.31,1.41,Fwd,11.49
1748795641.55,-19.56,4.31,127.31,1.36,Fwd,11.49
1748795641.55,-19.56,4.31,127.31,1.36,Fwd,11.49
1748795641.60,-19.56,4.31,127.31,1.36,Fwd,11.49
1748795641.60,-25.04,4.31,127.31,1.36,Fwd,11.49
1748795641.60,-25.04,0.07,127.31,1.36,Fwd,11.49
1748795641.60,-25.04,0.07,133.37,1.36,Fwd,11.49
1748795641.60,-25.04,0.07,133.37,1.02,Fwd,11.49
1748795641.60,-25.04,0.07,133.37,1.02,Fwd,11.49
1748795641.61,-25.04,0.07,133.37,1.02,Fwd,11.49
1748795641.61,-25.04,0.07,133.37,1.02,Fwd,11.49
1748795641.71,-25.04,0.07,133.37,1.02,Fwd,15.56
1748795641.71,-22.33,0.07,133.37,1.02,Fwd,15.56
1748795641.71,-22.33,-3.10,133.37,1.02,Fwd,15.56
1748795641.71,-22.33,-3.10,134.87,1.02,Fwd,15.56
1748795641.71,-22.33,-3.10,134.87,0.80,Fwd,15.56
1748795641.71,-22.33,-3.10,134.87,0.80,Fwd,15.56
1748795641.71,-22.33,-3.10,134.87,0.80,Fwd,15.56
1748795641.71,-22.33,-3.10,134.87,0.80,Fwd,15.56
1748795641.81,-22.33,-3.10,134.87,0.80,Fwd,15.56
1748795641.81,-25.21,-3.10,134.87,0.80,Fwd,15.56
1748795641.81,-25.21,-1.73,134.87,0.80,Fwd,15.56
1748795641.82,-25.21,-1.73,133.02,0.80,Fwd,15.56
1748795641.82,-25.21,-1.73,133.02,1.05,Fwd,15.56
1748795641.82,-25.21,-1.73,133.02,1.05,Fwd,15.56
1748795641.82,-25.21,-1.73,133.02,1.05,Fwd,15.56
1748795641.82,-25.21,-1.73,133.02,1.05,Fwd,15.56
1748795641.92,-25.21,-1.73,133.02,1.05,Fwd,16.60
1748795641.92,-32.04,-1.73,133.02,1.05,Fwd,16.60
1748795641.92,-32.04,1.82,133.02,1.05,Fwd,16.60
1748795641.95,-32.04,1.82,130.57,1.05,Fwd,16.60
1748795641.99,-32.04,1.82,130.57,1.18,Fwd,16.60
1748795641.99,-32.04,1.82,130.57,1.18,Fwd,16.60
1748795641.99,-32.04,1.82,130.57,1.18,Fwd,16.60
1748795641.99,-32.04,1.82,130.57,1.18,Fwd,16.60
1748795641.99,-32.04,1.82,130.57,1.18,Fwd,16.60
1748795642.02,-35.54,1.82,130.57,1.18,Fwd,16.60
1748795642.02,-35.54,3.08,130.57,1.18,Fwd,16.60
1748795642.02,-35.54,3.08,135.29,1.18,Fwd,16.60
1748795642.02,-35.54,3.08,135.29,0.99,Fwd,16.60
1748795642.03,-35.54,3.08,135.29,0.99,Fwd,16.60
1748795642.03,-35.54,3.08,135.29,0.99,Fwd,16.60
1748795642.03,-35.54,3.08,135.29,0.99,Fwd,16.60
1748795642.09,-35.54,3.08,135.29,0.99,Fwd,19.66
1748795642.10,-41.57,3.08,135.29,0.99,Fwd,19.66
1748795642.10,-41.57,5.44,135.29,0.99,Fwd,19.66
1748795642.10,-41.57,5.44,138.03,0.99,Fwd,19.66
1748795642.10,-41.57,5.44,138.03,1.17,Fwd,19.66
1748795642.10,-41.57,5.44,138.03,1.17,Fwd,19.66
1748795642.10,-41.57,5.44,138.03,1.17,Fwd,19.66
1748795642.10,-41.57,5.44,138.03,1.17,Fwd,19.66
1748795642.20,-41.57,5.44,138.03,1.17,Fwd,19.66
1748795642.20,-43.43,5.44,138.03,1.17,Fwd,19.66
1748795642.20,-43.43,4.45,138.03,1.17,Fwd,19.66
1748795642.20,-43.43,4.45,145.58,1.17,Fwd,19.66
1748795642.20,-43.43,4.45,145.58,-0.10,Fwd,19.66
1748795642.20,-43.43,4.45,145.58,-0.10,Fwd,19.66
1748795642.20,-43.43,4.45,145.58,-0.10,Fwd,19.66
1748795642.20,-43.43,4.45,145.58,-0.10,Fwd,19.66
1748795642.31,-43.43,4.45,145.58,-0.10,Fwd,19.66
1748795642.31,-31.16,4.45,145.58,-0.10,Fwd,19.66
1748795642.31,-31.16,5.11,145.58,-0.10,Fwd,19.66
1748795642.31,-31.16,5.11,148.03,-0.10,Fwd,19.66
1748795642.31,-31.16,5.11,148.03,1.26,Fwd,19.66
1748795642.31,-31.16,5.11,148.03,1.26,Fwd,19.66
1748795642.31,-31.16,5.11,148.03,1.26,Fwd,19.66
1748795642.31,-31.16,5.11,148.03,1.26,Fwd,19.66
1748795642.41,-31.16,5.11,148.03,1.26,Fwd,19.66
1748795642.41,-29.74,5.11,148.03,1.26,Fwd,19.66
1748795642.41,-29.74,2.53,148.03,1.26,Fwd,19.66
1748795642.44,-29.74,2.53,151.74,1.26,Fwd,19.66
1748795642.48,-29.74,2.53,151.74,1.58,Fwd,19.66
1748795642.48,-29.74,2.53,151.74,1.58,Fwd,19.66
1748795642.48,-29.74,2.53,151.74,1.58,Fwd,19.66
1748795642.49,-29.74,2.53,151.74,1.58,Fwd,19.66
1748795642.52,-29.74,2.53,151.74,1.58,Fwd,11.32
1748795642.52,-31.41,2.53,151.74,1.58,Fwd,11.32
1748795642.52,-31.41,1.20,151.74,1.58,Fwd,11.32
1748795642.52,-31.41,1.20,153.09,1.58,Fwd,11.32
1748795642.52,-31.41,1.20,153.09,1.04,Fwd,11.32
1748795642.52,-31.41,1.20,153.09,1.04,Fwd,11.32
1748795642.52,-31.41,1.20,153.09,1.04,Fwd,11.32
1748795642.53,-31.41,1.20,153.09,1.04,Fwd,11.32
1748795642.62,-31.41,1.20,153.09,1.04,Fwd,11.32
1748795642.62,-31.55,1.20,153.09,1.04,Fwd,11.32
1748795642.62,-31.55,2.22,153.09,1.04,Fwd,11.32
1748795642.63,-31.55,2.22,155.04,1.04,Fwd,11.32
1748795642.63,-31.55,2.22,155.04,0.99,Fwd,11.32
1748795642.63,-31.55,2.22,155.04,0.99,Fwd,11.32
1748795642.63,-31.55,2.22,155.04,0.99,Fwd,11.32
1748795642.63,-31.55,2.22,155.04,0.99,Fwd,11.32
1748795642.72,-31.55,2.22,155.04,0.99,Fwd,14.09
1748795642.72,-33.32,2.22,155.04,0.99,Fwd,14.09
1748795642.72,-33.32,0.24,155.04,0.99,Fwd,14.09
1748795642.73,-33.32,0.24,158.81,0.99,Fwd,14.09
1748795642.73,-33.32,0.24,158.81,1.12,Fwd,14.09
1748795642.73,-33.32,0.24,158.81,1.12,Fwd,14.09
1748795642.73,-33.32,0.24,158.81,1.12,Fwd,14.09
1748795642.73,-33.32,0.24,158.81,1.12,Fwd,14.09
1748795642.79,-33.32,0.24,158.81,1.12,Fwd,14.09
1748795642.79,-34.49,0.24,158.81,1.12,Fwd,14.09
1748795642.79,-34.49,-1.47,158.81,1.12,Fwd,14.09
1748795642.79,-34.49,-1.47,161.71,1.12,Fwd,14.09
1748795642.80,-34.49,-1.47,161.71,0.56,Fwd,14.09
1748795642.80,-34.49,-1.47,161.71,0.56,Fwd,14.09
1748795642.80,-34.49,-1.47,161.71,0.56,Fwd,14.09
1748795642.80,-34.49,-1.47,161.71,0.56,Fwd,14.09
1748795642.93,-34.49,-1.47,161.71,0.56,Fwd,14.09
1748795642.93,-38.58,-1.47,161.71,0.56,Fwd,14.09
1748795642.93,-38.58,-2.17,161.71,0.56,Fwd,14.09
1748795642.93,-38.58,-2.17,164.82,0.56,Fwd,14.09
1748795642.94,-38.58,-2.17,164.82,0.83,Fwd,14.09
1748795642.94,-38.58,-2.17,164.82,0.83,Fwd,14.09
1748795642.97,-38.58,-2.17,164.82,0.83,Fwd,14.09
1748795643.00,-38.58,-2.17,164.82,0.83,Fwd,14.09
1748795643.04,-38.58,-2.17,164.82,0.83,Fwd,14.36
1748795643.07,-45.57,-2.17,164.82,0.83,Fwd,14.36
1748795643.07,-45.57,-2.31,164.82,0.83,Fwd,14.36
1748795643.07,-45.57,-2.31,166.55,0.83,Fwd,14.36
1748795643.08,-45.57,-2.31,166.55,1.04,Fwd,14.36
1748795643.08,-45.57,-2.31,166.55,1.04,Fwd,14.36
1748795643.08,-45.57,-2.31,166.55,1.04,Fwd,14.36
1748795643.11,-45.57,-2.31,166.55,1.04,Fwd,14.36
1748795643.11,-45.57,-2.31,166.55,1.04,Fwd,14.36
1748795643.11,-47.21,-2.31,166.55,1.04,Fwd,14.36
1748795643.11,-47.21,-3.21,166.55,1.04,Fwd,14.36
1748795643.11,-47.21,-3.21,167.63,1.04,Fwd,14.36
1748795643.11,-47.21,-3.21,167.63,-0.06,Fwd,14.36
1748795643.14,-47.21,-3.21,167.63,-0.06,Fwd,14.36
1748795643.18,-47.21,-3.21,167.63,-0.06,Fwd,14.36
1748795643.21,-47.21,-3.21,167.63,-0.06,Fwd,14.36
1748795643.21,-47.21,-3.21,167.63,-0.06,Fwd,14.36
1748795643.21,-33.48,-3.21,167.63,-0.06,Fwd,14.36
1748795643.25,-33.48,-6.29,167.63,-0.06,Fwd,14.36
1748795643.28,-33.48,-6.29,168.81,-0.06,Fwd,14.36
1748795643.32,-33.48,-6.29,168.81,0.60,Fwd,14.36
1748795643.35,-33.48,-6.29,168.81,0.60,Fwd,14.36
1748795643.39,-33.48,-6.29,168.81,0.60,Fwd,14.36
1748795643.39,-33.48,-6.29,168.81,0.60,Fwd,14.36
1748795643.39,-33.48,-6.29,168.81,0.60,Fwd,14.36
1748795643.39,-28.42,-6.29,168.81,0.60,Fwd,14.36
1748795643.39,-28.42,-7.42,168.81,0.60,Fwd,14.36
1748795643.39,-28.42,-7.42,166.33,0.60,Fwd,14.36
1748795643.42,-28.42,-7.42,166.33,1.11,Fwd,14.36
1748795643.46,-28.42,-7.42,166.33,1.11,Fwd,14.36
1748795643.49,-28.42,-7.42,166.33,1.11,Fwd,14.36
1748795643.49,-28.42,-7.42,166.33,1.11,Fwd,14.36
1748795643.54,-28.42,-7.42,166.33,1.11,Fwd,8.49
1748795643.54,-28.44,-7.42,166.33,1.11,Fwd,8.49
1748795643.54,-28.44,-6.44,166.33,1.11,Fwd,8.49
1748795643.54,-28.44,-6.44,161.83,1.11,Fwd,8.49
1748795643.54,-28.44,-6.44,161.83,1.25,Fwd,8.49
1748795643.55,-28.44,-6.44,161.83,1.25,Fwd,8.49
1748795643.56,-28.44,-6.44,161.83,1.25,Fwd,8.49
1748795643.60,-28.44,-6.44,161.83,1.25,Fwd,8.49
1748795643.64,-28.44,-6.44,161.83,1.25,Fwd,8.49
1748795643.67,-30.87,-6.44,161.83,1.25,Fwd,8.49
1748795643.67,-30.87,-3.88,161.83,1.25,Fwd,8.49
1748795643.68,-30.87,-3.88,157.53,1.25,Fwd,8.49
1748795643.68,-30.87,-3.88,157.53,0.89,Fwd,8.49
1748795643.68,-30.87,-3.88,157.53,0.89,Fwd,8.49
1748795643.68,-30.87,-3.88,157.53,0.89,Fwd,8.49
1748795643.70,-30.87,-3.88,157.53,0.89,Fwd,8.49
1748795643.74,-30.87,-3.88,157.53,0.89,Fwd,8.49
1748795643.77,-28.88,-3.88,157.53,0.89,Fwd,8.49
1748795643.82,-28.88,0.28,157.53,0.89,Fwd,8.49
1748795643.82,-28.88,0.28,149.98,0.89,Fwd,8.49
1748795643.82,-28.88,0.28,149.98,1.23,Fwd,8.49
1748795643.82,-28.88,0.28,149.98,1.23,Fwd,8.49
1748795643.82,-28.88,0.28,149.98,1.23,Fwd,8.49
1748795643.82,-28.88,0.28,149.98,1.23,Fwd,8.49
1748795643.82,-28.88,0.28,149.98,1.23,Fwd,12.70
1748795643.82,-32.20,0.28,149.98,1.23,Fwd,12.70
1748795643.83,-32.20,5.66,149.98,1.23,Fwd,12.70
1748795643.83,-32.20,5.66,149.21,1.23,Fwd,12.70
1748795643.92,-32.20,5.66,149.21,1.23,Fwd,12.70
1748795643.92,-35.77,5.66,149.21,1.23,Fwd,12.70
1748795643.92,-35.77,9.07,149.21,1.23,Fwd,12.70
1748795643.92,-35.77,9.07,150.18,1.23,Fwd,12.70
1748795643.93,-35.77,9.07,150.18,0.95,Fwd,12.70
1748795643.93,-35.77,9.07,150.18,0.95,Fwd,12.70
1748795643.93,-35.77,9.07,150.18,0.95,Fwd,12.70
1748795643.93,-35.77,9.07,150.18,0.95,Fwd,12.70
1748795644.02,-35.77,9.07,150.18,0.95,Fwd,14.31
1748795644.02,-38.21,9.07,150.18,0.95,Fwd,14.31
1748795644.03,-38.21,8.72,150.18,0.95,Fwd,14.31
1748795644.03,-38.21,8.72,156.58,0.95,Fwd,14.31
1748795644.03,-38.21,8.72,156.58,0.97,Fwd,14.31
1748795644.03,-38.21,8.72,156.58,0.97,Fwd,14.31
1748795644.03,-38.21,8.72,156.58,0.97,Fwd,14.31
1748795644.03,-38.21,8.72,156.58,0.97,Fwd,14.31
1748795644.12,-38.21,8.72,156.58,0.97,Fwd,14.31
1748795644.16,-41.98,8.72,156.58,0.97,Fwd,14.31
1748795644.16,-41.98,8.57,156.58,0.97,Fwd,14.31
1748795644.16,-41.98,8.57,164.96,0.97,Fwd,14.31
1748795644.16,-41.98,8.57,164.96,1.53,Fwd,14.31
1748795644.16,-41.98,8.57,164.96,1.53,Fwd,14.31
1748795644.16,-41.98,8.57,164.96,1.53,Fwd,14.31
1748795644.17,-41.98,8.57,164.96,1.53,Fwd,14.31
1748795644.19,-41.98,8.57,164.96,1.53,Fwd,16.97
1748795644.20,-50.80,8.57,164.96,1.53,Fwd,16.97
1748795644.20,-50.80,8.39,164.96,1.53,Fwd,16.97
1748795644.20,-50.80,8.39,170.07,1.53,Fwd,16.97
1748795644.20,-50.80,8.39,170.07,-0.28,Fwd,16.97
1748795644.20,-50.80,8.39,170.07,-0.28,Fwd,16.97
1748795644.20,-50.80,8.39,170.07,-0.28,Fwd,16.97
1748795644.20,-50.80,8.39,170.07,-0.28,Fwd,16.97
1748795644.30,-50.80,8.39,170.07,-0.28,Fwd,16.97
1748795644.30,-43.00,8.39,170.07,-0.28,Fwd,16.97
1748795644.30,-43.00,10.58,170.07,-0.28,Fwd,16.97
1748795644.30,-43.00,10.58,168.61,-0.28,Fwd,16.97
1748795644.30,-43.00,10.58,168.61,0.06,Fwd,16.97
1748795644.30,-43.00,10.58,168.61,0.06,Fwd,16.97
1748795644.33,-43.00,10.58,168.61,0.06,Fwd,16.97
1748795644.33,-43.00,10.58,168.61,0.06,Fwd,16.97
1748795644.40,-43.00,10.58,168.61,0.06,Fwd,16.97
1748795644.40,-34.00,10.58,168.61,0.06,Fwd,16.97
1748795644.40,-34.00,15.07,168.61,0.06,Fwd,16.97
1748795644.41,-34.00,15.07,162.27,0.06,Fwd,16.97
1748795644.41,-34.00,15.07,162.27,1.17,Fwd,16.97
1748795644.41,-34.00,15.07,162.27,1.17,Fwd,16.97
1748795644.41,-34.00,15.07,162.27,1.17,Fwd,16.97
1748795644.41,-34.00,15.07,162.27,1.17,Fwd,16.97
1748795644.51,-34.00,15.07,162.27,1.17,Fwd,16.97
1748795644.51,-32.79,15.07,162.27,1.17,Fwd,16.97
1748795644.51,-32.79,18.98,162.27,1.17,Fwd,16.97
1748795644.51,-32.79,18.98,162.97,1.17,Fwd,16.97
1748795644.51,-32.79,18.98,162.97,1.10,Fwd,16.97
1748795644.51,-32.79,18.98,162.97,1.10,Fwd,16.97
1748795644.51,-32.79,18.98,162.97,1.10,Fwd,16.97
1748795644.51,-32.79,18.98,162.97,1.10,Fwd,16.97
1748795644.61,-32.79,18.98,162.97,1.10,Fwd,16.97
1748795644.65,-33.48,18.98,162.97,1.10,Fwd,16.97
1748795644.65,-33.48,19.69,162.97,1.10,Fwd,16.97
1748795644.65,-33.48,19.69,172.37,1.10,Fwd,16.97
1748795644.65,-33.48,19.69,172.37,1.17,Fwd,16.97
1748795644.65,-33.48,19.69,172.37,1.17,Fwd,16.97
1748795644.65,-33.48,19.69,172.37,1.17,Fwd,16.97
1748795644.65,-33.48,19.69,172.37,1.17,Fwd,16.97
1748795644.72,-33.48,19.69,172.37,1.17,Fwd,7.78
1748795644.72,-31.09,19.69,172.37,1.17,Fwd,7.78
1748795644.72,-31.09,15.58,172.37,1.17,Fwd,7.78
1748795644.73,-31.09,15.58,187.60,1.17,Fwd,7.78
1748795644.73,-31.09,15.58,187.60,0.79,Fwd,7.78
1748795644.73,-31.09,15.58,187.60,0.79,Fwd,7.78
1748795644.73,-31.09,15.58,187.60,0.79,Fwd,7.78
1748795644.73,-31.09,15.58,187.60,0.79,Fwd,7.78
1748795644.83,-31.09,15.58,187.60,0.79,Fwd,7.78
1748795644.83,-23.74,15.58,187.60,0.79,Fwd,7.78
1748795644.83,-23.74,9.88,187.60,0.79,Fwd,7.78
1748795644.83,-23.74,9.88,198.97,0.79,Fwd,7.78
1748795644.83,-23.74,9.88,198.97,1.18,Fwd,7.78
1748795644.83,-23.74,9.88,198.97,1.18,Fwd,7.78
1748795644.84,-23.74,9.88,198.97,1.18,Fwd,7.78
1748795644.84,-23.74,9.88,198.97,1.18,Fwd,7.78
1748795644.90,-23.74,9.88,198.97,1.18,Fwd,13.58
1748795644.90,-27.07,9.88,198.97,1.18,Fwd,13.58
1748795644.90,-27.07,4.85,198.97,1.18,Fwd,13.58
1748795644.90,-27.07,4.85,207.08,1.18,Fwd,13.58
1748795644.90,-27.07,4.85,207.08,0.89,Fwd,13.58
1748795644.90,-27.07,4.85,207.08,0.89,Fwd,13.58
1748795644.91,-27.07,4.85,207.08,0.89,Fwd,13.58
1748795644.91,-27.07,4.85,207.08,0.89,Fwd,13.58
1748795645.00,-27.07,4.85,207.08,0.89,Fwd,13.58
1748795645.03,-33.14,4.85,207.08,0.89,Fwd,13.58
1748795645.07,-33.14,3.39,207.08,0.89,Fwd,13.58
1748795645.07,-33.14,3.39,210.53,0.89,Fwd,13.58
1748795645.07,-33.14,3.39,210.53,0.77,Fwd,13.58
1748795645.07,-33.14,3.39,210.53,0.77,Fwd,13.58
1748795645.08,-33.14,3.39,210.53,0.77,Fwd,13.58
1748795645.08,-33.14,3.39,210.53,0.77,Fwd,13.58
1748795645.11,-33.14,3.39,210.53,0.77,Fwd,13.58
1748795645.11,-36.41,3.39,210.53,0.77,Fwd,13.58
1748795645.11,-36.41,-0.97,210.53,0.77,Fwd,13.58
1748795645.11,-36.41,-0.97,216.47,0.77,Fwd,13.58
1748795645.11,-36.41,-0.97,216.47,1.15,Fwd,13.58
1748795645.12,-36.41,-0.97,216.47,1.15,Fwd,13.58
1748795645.12,-36.41,-0.97,216.47,1.15,Fwd,13.58
1748795645.12,-36.41,-0.97,216.47,1.15,Fwd,13.58
1748795645.21,-36.41,-0.97,216.47,1.15,Fwd,18.22
1748795645.24,-44.08,-0.97,216.47,1.15,Fwd,18.22
1748795645.25,-44.08,-2.61,216.47,1.15,Fwd,18.22
1748795645.25,-44.08,-2.61,218.09,1.15,Fwd,18.22
1748795645.25,-44.08,-2.61,218.09,1.34,Fwd,18.22
1748795645.25,-44.08,-2.61,218.09,1.34,Fwd,18.22
1748795645.25,-44.08,-2.61,218.09,1.34,Fwd,18.22
1748795645.25,-44.08,-2.61,218.09,1.34,Fwd,18.22