1748796180.11,3.08,10.39,145.33,0.99,Fwd,3.44
1748796180.11,3.40,10.39,145.33,0.99,Fwd,3.44
1748796180.12,3.40,10.93,145.33,0.99,Fwd,3.44
1748796180.12,3.40,10.93,148.10,0.99,Fwd,3.44
1748796180.12,3.40,10.93,148.10,0.99,Fwd,3.44
1748796180.12,3.40,10.93,148.10,0.99,Fwd,3.44
1748796180.12,3.40,10.93,148.10,0.99,Fwd,3.44
1748796180.12,3.40,10.93,148.10,0.99,Fwd,3.44
1748796180.22,3.40,10.93,148.10,0.99,Fwd,3.44
1748796180.22,3.62,10.93,148.10,0.99,Fwd,3.44
1748796180.22,3.62,11.31,148.10,0.99,Fwd,3.44
1748796180.22,3.62,11.31,150.35,0.99,Fwd,3.44
1748796180.22,3.62,11.31,150.35,0.99,Fwd,3.44
1748796180.23,3.62,11.31,150.35,0.99,Fwd,3.44
1748796180.23,3.62,11.31,150.35,0.99,Fwd,3.44
1748796180.23,3.62,11.31,150.35,0.99,Fwd,3.44
1748796180.29,3.62,11.31,150.35,0.99,Fwd,3.44
1748796180.32,3.15,11.31,150.35,0.99,Fwd,3.44
1748796180.32,3.15,11.54,150.35,0.99,Fwd,3.44
1748796180.33,3.15,11.54,152.31,0.99,Fwd,3.44
1748796180.33,3.15,11.54,152.31,1.02,Fwd,3.44
1748796180.33,3.15,11.54,152.31,1.02,Fwd,3.44
1748796180.33,3.15,11.54,152.31,1.02,Fwd,3.44
1748796180.33,3.15,11.54,152.31,1.02,Fwd,3.44
1748796180.39,3.15,11.54,152.31,1.02,Fwd,3.44
1748796180.39,2.67,11.54,152.31,1.02,Fwd,3.44
1748796180.40,2.67,11.43,152.31,1.02,Fwd,3.44
1748796180.43,2.67,11.43,154.23,1.02,Fwd,3.44
1748796180.46,2.67,11.43,154.23,1.04,Fwd,3.44
1748796180.47,2.67,11.43,154.23,1.04,Fwd,3.44
1748796180.47,2.67,11.43,154.23,1.04,Fwd,3.44
1748796180.47,2.67,11.43,154.23,1.04,Fwd,3.44
1748796180.50,2.67,11.43,154.23,1.04,Fwd,3.44
1748796180.50,2.34,11.43,154.23,1.04,Fwd,3.44
1748796180.50,2.34,10.44,154.23,1.04,Fwd,3.44
1748796180.50,2.34,10.44,156.15,1.04,Fwd,3.44
1748796180.50,2.34,10.44,156.15,0.93,Fwd,3.44
1748796180.50,2.34,10.44,156.15,0.93,Fwd,3.44
1748796180.50,2.34,10.44,156.15,0.93,Fwd,3.44
1748796180.51,2.34,10.44,156.15,0.93,Fwd,3.44
1748796180.61,2.34,10.44,156.15,0.93,Fwd,3.44
1748796180.61,2.12,10.44,156.15,0.93,Fwd,3.44
1748796180.61,2.12,9.45,156.15,0.93,Fwd,3.44
1748796180.61,2.12,9.45,158.07,0.93,Fwd,3.44
1748796180.61,2.12,9.45,158.07,0.94,Fwd,3.44
1748796180.61,2.12,9.45,158.07,0.94,Fwd,3.44
1748796180.61,2.12,9.45,158.07,0.94,Fwd,3.44
1748796180.61,2.12,9.45,158.07,0.94,Fwd,3.44
1748796180.71,2.12,9.45,158.07,0.94,Fwd,3.44
1748796180.72,1.87,9.45,158.07,0.94,Fwd,3.44
1748796180.72,1.87,8.86,158.07,0.94,Fwd,3.44
1748796180.72,1.87,8.86,159.86,0.94,Fwd,3.44
1748796180.72,1.87,8.86,159.86,0.94,Fwd,3.44
1748796180.72,1.87,8.86,159.86,0.94,Fwd,3.44
1748796180.72,1.87,8.86,159.86,0.94,Fwd,3.44
1748796180.72,1.87,8.86,159.86,0.94,Fwd,3.44
1748796180.82,1.87,8.86,159.86,0.94,Fwd,3.44
1748796180.82,1.54,8.86,159.86,0.94,Fwd,3.44
1748796180.82,1.54,8.59,159.86,0.94,Fwd,3.44
1748796180.82,1.54,8.59,161.47,0.94,Fwd,3.44
1748796180.82,1.54,8.59,161.47,0.99,Fwd,3.44
1748796180.82,1.54,8.59,161.47,0.99,Fwd,3.44
1748796180.82,1.54,8.59,161.47,0.99,Fwd,3.44
1748796180.82,1.54,8.59,161.47,0.99,Fwd,3.44
1748796180.92,1.54,8.59,161.47,0.99,Fwd,3.44
1748796180.95,1.32,8.59,161.47,0.99,Fwd,3.44
1748796180.95,1.32,8.47,161.47,0.99,Fwd,3.44
1748796180.96,1.32,8.47,162.91,0.99,Fwd,3.44
1748796180.96,1.32,8.47,162.91,1.17,Fwd,3.44
1748796180.96,1.32,8.47,162.91,1.17,Fwd,3.44
1748796180.96,1.32,8.47,162.91,1.17,Fwd,3.44
1748796180.96,1.32,8.47,162.91,1.17,Fwd,3.44
1748796180.99,1.32,8.47,162.91,1.17,Fwd,3.44
1748796181.03,1.56,8.47,162.91,1.17,Fwd,3.44
1748796181.03,1.56,3.97,162.91,1.17,Fwd,3.44
1748796181.03,1.56,3.97,164.47,1.17,Fwd,3.44
1748796181.03,1.56,3.97,164.47,1.58,Fwd,3.44
1748796181.03,1.56,3.97,164.47,1.58,Fwd,3.44
1748796181.03,1.56,3.97,164.47,1.58,Fwd,3.44
1748796181.03,1.56,3.97,164.47,1.58,Fwd,3.44
1748796181.09,1.56,3.97,164.47,1.58,Fwd,3.44
1748796181.09,3.57,3.97,164.47,1.58,Fwd,3.44
1748796181.10,3.57,-0.50,164.47,1.58,Fwd,3.44
1748796181.10,3.57,-0.50,165.77,1.58,Fwd,3.44
1748796181.10,3.57,-0.50,165.77,1.22,Fwd,3.44
1748796181.10,3.57,-0.50,165.77,1.22,Fwd,3.44
1748796181.10,3.57,-0.50,165.77,1.22,Fwd,3.44
1748796181.10,3.57,-0.50,165.77,1.22,Fwd,3.44
1748796181.20,3.57,-0.50,165.77,1.22,Fwd,3.44
1748796181.20,6.63,-0.50,165.77,1.22,Fwd,3.44
1748796181.20,6.63,-2.19,165.77,1.22,Fwd,3.44
1748796181.20,6.63,-2.19,166.55,1.22,Fwd,3.44
1748796181.20,6.63,-2.19,166.55,0.88,Fwd,3.44
1748796181.20,6.63,-2.19,166.55,0.88,Fwd,3.44
1748796181.20,6.63,-2.19,166.55,0.88,Fwd,3.44
1748796181.20,6.63,-2.19,166.55,0.88,Fwd,3.44
1748796181.30,6.63,-2.19,166.55,0.88,Fwd,3.44
1748796181.30,9.90,-2.19,166.55,0.88,Fwd,3.44
1748796181.30,9.90,-1.19,166.55,0.88,Fwd,3.44
1748796181.30,9.90,-1.19,167.13,0.88,Fwd,3.44
1748796181.30,9.90,-1.19,167.13,0.66,Fwd,3.44
1748796181.30,9.90,-1.19,167.13,0.66,Fwd,3.44
1748796181.30,9.90,-1.19,167.13,0.66,Fwd,3.44
1748796181.30,9.90,-1.19,167.13,0.66,Fwd,3.44
1748796181.41,9.90,-1.19,167.13,0.66,Fwd,3.44
1748796181.44,12.48,-1.19,167.13,0.66,Fwd,3.44
1748796181.48,12.48,0.97,167.13,0.66,Fwd,3.44
1748796181.51,12.48,0.97,168.21,0.66,Fwd,3.44
1748796181.51,12.48,0.97,168.21,0.73,Fwd,3.44
1748796181.51,12.48,0.97,168.21,0.73,Fwd,3.44
1748796181.51,12.48,0.97,168.21,0.73,Fwd,3.44
1748796181.51,12.48,0.97,168.21,0.73,Fwd,3.44
1748796181.51,12.48,0.97,168.21,0.73,Fwd,3.44
1748796181.51,14.63,0.97,168.21,0.73,Fwd,3.44
1748796181.51,14.63,4.19,168.21,0.73,Fwd,3.44
1748796181.52,14.63,4.19,169.36,0.73,Fwd,3.44
1748796181.52,14.63,4.19,169.36,0.94,Fwd,3.44
1748796181.52,14.63,4.19,169.36,0.94,Fwd,3.44
1748796181.52,14.63,4.19,169.36,0.94,Fwd,3.44
1748796181.52,14.63,4.19,169.36,0.94,Fwd,3.44
1748796181.62,14.63,4.19,169.36,0.94,Fwd,3.44
1748796181.65,15.79,4.19,169.36,0.94,Fwd,3.44
1748796181.65,15.79,8.46,169.36,0.94,Fwd,3.44
1748796181.66,15.79,8.46,170.27,0.94,Fwd,3.44
1748796181.69,15.79,8.46,170.27,1.01,Fwd,3.44
1748796181.69,15.79,8.46,170.27,1.01,Fwd,3.44
1748796181.70,15.79,8.46,170.27,1.01,Fwd,3.44
1748796181.70,15.79,8.46,170.27,1.01,Fwd,3.44
1748796181.70,15.79,8.46,170.27,1.01,Fwd,3.44
1748796181.70,15.71,8.46,170.27,1.01,Fwd,3.44
1748796181.70,15.71,11.46,170.27,1.01,Fwd,3.44
1748796181.70,15.71,11.46,170.64,1.01,Fwd,3.44
1748796181.70,15.71,11.46,170.64,0.85,Fwd,3.44
1748796181.80,15.71,11.46,170.64,0.85,Fwd,3.44
1748796181.83,14.00,11.46,170.64,0.85,Fwd,3.44
1748796181.83,14.00,13.88,170.64,0.85,Fwd,3.44
1748796181.83,14.00,13.88,170.80,0.85,Fwd,3.44
1748796181.83,14.00,13.88,170.80,0.70,Fwd,3.44
1748796181.83,14.00,13.88,170.80,0.70,Fwd,3.44
1748796181.84,14.00,13.88,170.80,0.70,Fwd,3.44
1748796181.84,14.00,13.88,170.80,0.70,Fwd,3.44
1748796181.90,14.00,13.88,170.80,0.70,Fwd,3.44
1748796181.93,11.68,13.88,170.80,0.70,Fwd,3.44
1748796181.94,11.68,16.73,170.80,0.70,Fwd,3.44
1748796181.94,11.68,16.73,170.87,0.70,Fwd,3.44
1748796181.94,11.68,16.73,170.87,0.65,Fwd,3.44
1748796181.94,11.68,16.73,170.87,0.65,Fwd,3.44
1748796181.94,11.68,16.73,170.87,0.65,Fwd,3.44
1748796181.94,11.68,16.73,170.87,0.65,Fwd,3.44
1748796182.00,11.68,16.73,170.87,0.65,Fwd,3.44
1748796182.00,9.34,16.73,170.87,0.65,Fwd,3.44
1748796182.01,9.34,18.65,170.87,0.65,Fwd,3.44
1748796182.01,9.34,18.65,170.84,0.65,Fwd,3.44
1748796182.01,9.34,18.65,170.84,0.79,Fwd,3.44
1748796182.01,9.34,18.65,170.84,0.79,Fwd,3.44
1748796182.01,9.34,18.65,170.84,0.79,Fwd,3.44
1748796182.01,9.34,18.65,170.84,0.79,Fwd,3.44
1748796182.11,9.34,18.65,170.84,0.79,Fwd,3.44
1748796182.14,7.32,18.65,170.84,0.79,Fwd,3.44
1748796182.15,7.32,18.53,170.84,0.79,Fwd,3.44
1748796182.15,7.32,18.53,171.12,0.79,Fwd,3.44
1748796182.15,7.32,18.53,171.12,0.97,Fwd,3.44
1748796182.15,7.32,18.53,171.12,0.97,Fwd,3.44
1748796182.15,7.32,18.53,171.12,0.97,Fwd,3.44
1748796182.15,7.32,18.53,171.12,0.97,Fwd,3.44
1748796182.21,7.32,18.53,171.12,0.97,Fwd,3.44
1748796182.21,5.09,18.53,171.12,0.97,Fwd,3.44
1748796182.22,5.09,16.80,171.12,0.97,Fwd,3.44
1748796182.22,5.09,16.80,172.39,0.97,Fwd,3.44
1748796182.22,5.09,16.80,172.39,1.00,Fwd,3.44
1748796182.22,5.09,16.80,172.39,1.00,Fwd,3.44
1748796182.22,5.09,16.80,172.39,1.00,Fwd,3.44
1748796182.22,5.09,16.80,172.39,1.00,Fwd,3.44
1748796182.32,5.09,16.80,172.39,1.00,Fwd,3.44
1748796182.32,3.04,16.80,172.39,1.00,Fwd,3.44
1748796182.32,3.04,15.07,172.39,1.00,Fwd,3.44
1748796182.32,3.04,15.07,174.71,1.00,Fwd,3.44
1748796182.33,3.04,15.07,174.71,1.12,Fwd,3.44
1748796182.33,3.04,15.07,174.71,1.12,Fwd,3.44
1748796182.33,3.04,15.07,174.71,1.12,Fwd,3.44
1748796182.33,3.04,15.07,174.71,1.12,Fwd,3.44
1748796182.39,3.04,15.07,174.71,1.12,Fwd,3.44
1748796182.39,1.99,15.07,174.71,1.12,Fwd,3.44
1748796182.39,1.99,13.96,174.71,1.12,Fwd,3.44
1748796182.42,1.99,13.96,177.21,1.12,Fwd,3.44
1748796182.43,1.99,13.96,177.21,0.99,Fwd,3.44
1748796182.43,1.99,13.96,177.21,0.99,Fwd,3.44
1748796182.43,1.99,13.96,177.21,0.99,Fwd,3.44
1748796182.43,1.99,13.96,177.21,0.99,Fwd,3.44
1748796182.50,1.99,13.96,177.21,0.99,Fwd,3.44
1748796182.50,1.65,13.96,177.21,0.99,Fwd,3.44
1748796182.50,1.65,12.47,177.21,0.99,Fwd,3.44
1748796182.50,1.65,12.47,179.45,0.99,Fwd,3.44
1748796182.50,1.65,12.47,179.45,0.97,Fwd,3.44
1748796182.50,1.65,12.47,179.45,0.97,Fwd,3.44
1748796182.50,1.65,12.47,179.45,0.97,Fwd,3.44
1748796182.50,1.65,12.47,179.45,0.97,Fwd,3.44
1748796182.60,1.65,12.47,179.45,0.97,Fwd,3.44
1748796182.60,1.56,12.47,179.45,0.97,Fwd,3.44
1748796182.60,1.56,10.74,179.45,0.97,Fwd,3.44
1748796182.61,1.56,10.74,181.44,0.97,Fwd,3.44
1748796182.61,1.56,10.74,181.44,1.02,Fwd,3.44
1748796182.61,1.56,10.74,181.44,1.02,Fwd,3.44
1748796182.61,1.56,10.74,181.44,1.02,Fwd,3.44
1748796182.61,1.56,10.74,181.44,1.02,Fwd,3.44
1748796182.71,1.56,10.74,181.44,1.02,Fwd,0.00
1748796182.74,2.45,10.74,181.44,1.02,Fwd,0.00
1748796182.78,2.45,8.51,181.44,1.02,Fwd,0.00
1748796182.78,2.45,8.51,182.85,1.02,Fwd,0.00
1748796182.78,2.45,8.51,182.85,1.22,Fwd,0.00
1748796182.78,2.45,8.51,182.85,1.22,Fwd,0.00
1748796182.78,2.45,8.51,182.85,1.22,Fwd,0.00
1748796182.78,2.45,8.51,182.85,1.22,Fwd,0.00
1748796182.81,2.45,8.51,182.85,1.22,Fwd,22.63
1748796182.81,3.50,8.51,182.85,1.22,Fwd,22.63
1748796182.81,3.50,7.67,182.85,1.22,Fwd,22.63
1748796182.81,3.50,7.67,181.92,1.22,Fwd,22.63
1748796182.81,3.50,7.67,181.92,0.42,Fwd,22.63
1748796182.82,3.50,7.67,181.92,0.42,Fwd,22.63
1748796182.82,3.50,7.67,181.92,0.42,Fwd,22.63
1748796182.82,3.50,7.67,181.92,0.42,Fwd,22.63
1748796182.91,3.50,7.67,181.92,0.42,Fwd,22.63
1748796182.91,2.93,7.67,181.92,0.42,Fwd,22.63
1748796182.92,2.93,7.89,181.92,0.42,Fwd,22.63
1748796182.92,2.93,7.89,180.24,0.42,Fwd,22.63
1748796182.92,2.93,7.89,180.24,2.17,Fwd,22.63
1748796182.92,2.93,7.89,180.24,2.17,Fwd,22.63
1748796182.92,2.93,7.89,180.24,2.17,Fwd,22.63
1748796182.92,2.93,7.89,180.24,2.17,Fwd,22.63
1748796183.02,2.93,7.89,180.24,2.17,Fwd,22.63
1748796183.02,3.46,7.89,180.24,2.17,Fwd,22.63
1748796183.02,3.46,9.18,180.24,2.17,Fwd,22.63
1748796183.02,3.46,9.18,178.82,2.17,Fwd,22.63
1748796183.02,3.46,9.18,178.82,0.83,Fwd,22.63
1748796183.03,3.46,9.18,178.82,0.83,Fwd,22.63
1748796183.03,3.46,9.18,178.82,0.83,Fwd,22.63
1748796183.03,3.46,9.18,178.82,0.83,Fwd,22.63
1748796183.09,3.46,9.18,178.82,0.83,Fwd,22.63
1748796183.09,3.31,9.18,178.82,0.83,Fwd,22.63
1748796183.09,3.31,8.95,178.82,0.83,Fwd,22.63
1748796183.09,3.31,8.95,176.78,0.83,Fwd,22.63
1748796183.10,3.31,8.95,176.78,0.86,Fwd,22.63
1748796183.10,3.31,8.95,176.78,0.86,Fwd,22.63
1748796183.10,3.31,8.95,176.78,0.86,Fwd,22.63
1748796183.10,3.31,8.95,176.78,0.86,Fwd,22.63
1748796183.19,3.31,8.95,176.78,0.86,Fwd,22.63
1748796183.19,3.29,8.95,176.78,0.86,Fwd,22.63
1748796183.19,3.29,8.79,176.78,0.86,Fwd,22.63
1748796183.20,3.29,8.79,174.81,0.86,Fwd,22.63
1748796183.20,3.29,8.79,174.81,0.88,Fwd,22.63
1748796183.20,3.29,8.79,174.81,0.88,Fwd,22.63
1748796183.20,3.29,8.79,174.81,0.88,Fwd,22.63
1748796183.20,3.29,8.79,174.81,0.88,Fwd,22.63
1748796183.33,3.29,8.79,174.81,0.88,Fwd,22.63
1748796183.37,3.49,8.79,174.81,0.88,Fwd,22.63
1748796183.37,3.49,8.92,174.81,0.88,Fwd,22.63
1748796183.37,3.49,8.92,173.09,0.88,Fwd,22.63
1748796183.37,3.49,8.92,173.09,0.99,Fwd,22.63
1748796183.37,3.49,8.92,173.09,0.99,Fwd,22.63
1748796183.37,3.49,8.92,173.09,0.99,Fwd,22.63
1748796183.38,3.49,8.92,173.09,0.99,Fwd,22.63
1748796183.40,3.49,8.92,173.09,0.99,Fwd,22.63
1748796183.40,3.55,8.92,173.09,0.99,Fwd,22.63
1748796183.41,3.55,10.28,173.09,0.99,Fwd,22.63
1748796183.41,3.55,10.28,171.99,0.99,Fwd,22.63
1748796183.41,3.55,10.28,171.99,1.06,Fwd,22.63
1748796183.41,3.55,10.28,171.99,1.06,Fwd,22.63
1748796183.41,3.55,10.28,171.99,1.06,Fwd,22.63
1748796183.41,3.55,10.28,171.99,1.06,Fwd,22.63
1748796183.51,3.55,10.28,171.99,1.06,Fwd,22.63
1748796183.54,3.75,10.28,171.99,1.06,Fwd,22.63
1748796183.58,3.75,10.62,171.99,1.06,Fwd,22.63
1748796183.58,3.75,10.62,171.19,1.06,Fwd,22.63
1748796183.58,3.75,10.62,171.19,1.06,Fwd,22.63
1748796183.58,3.75,10.62,171.19,1.06,Fwd,22.63
1748796183.58,3.75,10.62,171.19,1.06,Fwd,22.63
1748796183.58,3.75,10.62,171.19,1.06,Fwd,22.63
1748796183.61,3.75,10.62,171.19,1.06,Fwd,22.63
1748796183.62,3.20,10.62,171.19,1.06,Fwd,22.63
1748796183.62,3.20,10.63,171.19,1.06,Fwd,22.63
1748796183.62,3.20,10.63,170.51,1.06,Fwd,22.63
1748796183.62,3.20,10.63,170.51,1.05,Fwd,22.63
1748796183.62,3.20,10.63,170.51,1.05,Fwd,22.63
1748796183.62,3.20,10.63,170.51,1.05,Fwd,22.63
1748796183.62,3.20,10.63,170.51,1.05,Fwd,22.63
1748796183.72,3.20,10.63,170.51,1.05,Fwd,22.63
1748796183.75,2.50,10.63,170.51,1.05,Fwd,22.63
1748796183.79,2.50,10.58,170.51,1.05,Fwd,22.63
1748796183.79,2.50,10.58,169.94,1.05,Fwd,22.63
1748796183.79,2.50,10.58,169.94,1.12,Fwd,22.63
1748796183.79,2.50,10.58,169.94,1.12,Fwd,22.63
1748796183.80,2.50,10.58,169.94,1.12,Fwd,22.63
1748796183.80,2.50,10.58,169.94,1.12,Fwd,22.63
1748796183.80,2.50,10.58,169.94,1.12,Fwd,22.63
1748796183.80,1.30,10.58,169.94,1.12,Fwd,22.63
1748796183.80,1.30,10.43,169.94,1.12,Fwd,22.63
1748796183.80,1.30,10.43,169.26,1.12,Fwd,22.63
1748796183.89,1.30,10.43,169.26,1.12,Fwd,22.63
1748796183.90,-0.40,10.43,169.26,1.12,Fwd,22.63
1748796183.90,-0.40,11.98,169.26,1.12,Fwd,22.63
1748796183.90,-0.40,11.98,168.25,1.12,Fwd,22.63
1748796183.90,-0.40,11.98,168.25,1.68,Fwd,22.63
1748796183.90,-0.40,11.98,168.25,1.68,Fwd,22.63
1748796183.90,-0.40,11.98,168.25,1.68,Fwd,22.63
1748796183.90,-0.40,11.98,168.25,1.68,Fwd,22.63
1748796184.00,-0.40,11.98,168.25,1.68,Fwd,3.09
1748796184.03,-0.79,11.98,168.25,1.68,Fwd,3.09
1748796184.03,-0.79,10.69,168.25,1.68,Fwd,3.09
1748796184.04,-0.79,10.69,167.59,1.68,Fwd,3.09
1748796184.04,-0.79,10.69,167.59,0.97,Fwd,3.09
1748796184.04,-0.79,10.69,167.59,0.97,Fwd,3.09
1748796184.04,-0.79,10.69,167.59,0.97,Fwd,3.09
1748796184.04,-0.79,10.69,167.59,0.97,Fwd,3.09
1748796184.11,-0.79,10.69,167.59,0.97,Fwd,3.09
1748796184.14,-0.15,10.69,167.59,0.97,Fwd,3.09
1748796184.14,-0.15,10.24,167.59,0.97,Fwd,3.09
1748796184.14,-0.15,10.24,167.17,0.97,Fwd,3.09
1748796184.14,-0.15,10.24,167.17,1.01,Fwd,3.09
1748796184.14,-0.15,10.24,167.17,1.01,Fwd,3.09
1748796184.14,-0.15,10.24,167.17,1.01,Fwd,3.09
1748796184.15,-0.15,10.24,167.17,1.01,Fwd,3.09
1748796184.21,-0.15,10.24,167.17,1.01,Fwd,3.09
1748796184.22,0.14,10.24,167.17,1.01,Fwd,3.09
1748796184.22,0.14,9.74,167.17,1.01,Fwd,3.09
1748796184.22,0.14,9.74,166.70,1.01,Fwd,3.09
1748796184.22,0.14,9.74,166.70,0.96,Fwd,3.09
1748796184.22,0.14,9.74,166.70,0.96,Fwd,3.09
1748796184.22,0.14,9.74,166.70,0.96,Fwd,3.09
1748796184.22,0.14,9.74,166.70,0.96,Fwd,3.09
1748796184.32,0.14,9.74,166.70,0.96,Fwd,3.09
1748796184.32,-0.30,9.74,166.70,0.96,Fwd,3.09
1748796184.32,-0.30,9.13,166.70,0.96,Fwd,3.09
1748796184.32,-0.30,9.13,166.33,0.96,Fwd,3.09
1748796184.32,-0.30,9.13,166.33,0.98,Fwd,3.09
1748796184.33,-0.30,9.13,166.33,0.98,Fwd,3.09
1748796184.33,-0.30,9.13,166.33,0.98,Fwd,3.09
1748796184.33,-0.30,9.13,166.33,0.98,Fwd,3.09
1748796184.42,-0.30,9.13,166.33,0.98,Fwd,3.09
1748796184.42,-1.26,9.13,166.33,0.98,Fwd,3.09
1748796184.45,-1.26,7.38,166.33,0.98,Fwd,3.09
1748796184.46,-1.26,7.38,166.17,0.98,Fwd,3.09
1748796184.46,-1.26,7.38,166.17,0.98,Fwd,3.09
1748796184.46,-1.26,7.38,166.17,0.98,Fwd,3.09
1748796184.46,-1.26,7.38,166.17,0.98,Fwd,3.09
1748796184.46,-1.26,7.38,166.17,0.98,Fwd,3.09
1748796184.49,-1.26,7.38,166.17,0.98,Fwd,3.09
1748796184.49,-2.16,7.38,166.17,0.98,Fwd,3.09
1748796184.49,-2.16,5.44,166.17,0.98,Fwd,3.09
1748796184.50,-2.16,5.44,166.89,0.98,Fwd,3.09
1748796184.50,-2.16,5.44,166.89,0.96,Fwd,3.09
1748796184.50,-2.16,5.44,166.89,0.96,Fwd,3.09
1748796184.50,-2.16,5.44,166.89,0.96,Fwd,3.09
1748796184.50,-2.16,5.44,166.89,0.96,Fwd,3.09
1748796184.60,-2.16,5.44,166.89,0.96,Fwd,3.09
1748796184.60,-2.25,5.44,166.89,0.96,Fwd,3.09
1748796184.60,-2.25,3.27,166.89,0.96,Fwd,3.09
1748796184.61,-2.25,3.27,168.66,0.96,Fwd,3.09
1748796184.61,-2.25,3.27,168.66,0.78,Fwd,3.09
1748796184.61,-2.25,3.27,168.66,0.78,Fwd,3.09
1748796184.61,-2.25,3.27,168.66,0.78,Fwd,3.09
1748796184.61,-2.25,3.27,168.66,0.78,Fwd,3.09
1748796184.70,-2.25,3.27,168.66,0.78,Fwd,5.62
1748796184.73,-0.63,3.27,168.66,0.78,Fwd,5.62
1748796184.77,-0.63,1.73,168.66,0.78,Fwd,5.62
1748796184.77,-0.63,1.73,171.30,0.78,Fwd,5.62
1748796184.77,-0.63,1.73,171.30,0.84,Fwd,5.62
1748796184.77,-0.63,1.73,171.30,0.84,Fwd,5.62
1748796184.77,-0.63,1.73,171.30,0.84,Fwd,5.62
1748796184.77,-0.63,1.73,171.30,0.84,Fwd,5.62
1748796184.81,-0.63,1.73,171.30,0.84,Fwd,5.62
1748796184.81,-0.34,1.73,171.30,0.84,Fwd,5.62
1748796184.81,-0.34,0.67,171.30,0.84,Fwd,5.62
1748796184.81,-0.34,0.67,173.79,0.84,Fwd,5.62
1748796184.81,-0.34,0.67,173.79,1.08,Fwd,5.62
1748796184.82,-0.34,0.67,173.79,1.08,Fwd,5.62
1748796184.82,-0.34,0.67,173.79,1.08,Fwd,5.62
1748796184.82,-0.34,0.67,173.79,1.08,Fwd,5.62
1748796184.94,-0.34,0.67,173.79,1.08,Fwd,5.62
1748796184.98,0.43,0.67,173.79,1.08,Fwd,5.62
1748796185.01,0.43,-1.05,173.79,1.08,Fwd,5.62
1748796185.05,0.43,-1.05,175.61,1.08,Fwd,5.62
1748796185.08,0.43,-1.05,175.61,0.87,Fwd,5.62
1748796185.12,0.43,-1.05,175.61,0.87,Fwd,5.62
1748796185.16,0.43,-1.05,175.61,0.87,Fwd,5.62
1748796185.16,0.43,-1.05,175.61,0.87,Fwd,5.62
1748796185.16,0.43,-1.05,175.61,0.87,Fwd,5.62
1748796185.16,0.80,-1.05,175.61,0.87,Fwd,5.62
1748796185.16,0.80,-2.71,175.61,0.87,Fwd,5.62
1748796185.16,0.80,-2.71,176.67,0.87,Fwd,5.62
1748796185.16,0.80,-2.71,176.67,0.82,Fwd,5.62
1748796185.16,0.80,-2.71,176.67,0.82,Fwd,5.62
1748796185.17,0.80,-2.71,176.67,0.82,Fwd,5.62
1748796185.17,0.80,-2.71,176.67,0.82,Fwd,5.62
1748796185.17,0.80,-2.71,176.67,0.82,Fwd,5.62
1748796185.17,0.45,-2.71,176.67,0.82,Fwd,5.62
1748796185.19,0.45,-2.71,176.75,0.82,Fwd,5.62
1748796185.19,0.45,-2.71,176.75,0.94,Fwd,5.62
1748796185.19,0.45,-2.71,176.75,0.94,Fwd,5.62
1748796185.19,0.45,-2.71,176.75,0.94,Fwd,5.62
1748796185.19,0.45,-2.71,176.75,0.94,Fwd,5.62
1748796185.19,0.45,-2.71,176.75,0.94,Fwd,5.62
1748796185.19,0.64,-2.71,176.75,0.94,Fwd,5.62
1748796185.20,0.64,-3.65,176.75,0.94,Fwd,5.62
1748796185.22,0.64,-3.65,176.46,0.94,Fwd,5.62
1748796185.26,0.64,-3.65,176.46,1.08,Fwd,5.62
1748796185.29,0.64,-3.65,176.46,1.08,Fwd,5.62
1748796185.30,0.64,-3.65,176.46,1.08,Fwd,5.62
1748796185.30,0.64,-3.65,176.46,1.08,Fwd,5.62
1748796185.30,0.64,-3.65,176.46,1.08,Fwd,6.61
1748796185.30,-2.08,-3.65,176.46,1.08,Fwd,6.61
1748796185.30,-2.08,-5.58,176.46,1.08,Fwd,6.61
1748796185.30,-2.08,-5.58,176.32,1.08,Fwd,6.61
1748796185.31,-2.08,-5.58,176.32,0.78,Fwd,6.61
1748796185.31,-2.08,-5.58,176.32,0.78,Fwd,6.61
1748796185.31,-2.08,-5.58,176.32,0.78,Fwd,6.61
1748796185.31,-2.08,-5.58,176.32,0.78,Fwd,6.61
1748796185.40,-2.08,-5.58,176.32,0.78,Fwd,6.61
1748796185.40,-2.40,-5.58,176.32,0.78,Fwd,6.61
1748796185.40,-2.40,-7.40,176.32,0.78,Fwd,6.61
1748796185.40,-2.40,-7.40,175.58,0.78,Fwd,6.61
1748796185.41,-2.40,-7.40,175.58,1.01,Fwd,6.61
1748796185.41,-2.40,-7.40,175.58,1.01,Fwd,6.61
1748796185.41,-2.40,-7.40,175.58,1.01,Fwd,6.61
1748796185.41,-2.40,-7.40,175.58,1.01,Fwd,6.61
1748796185.51,-2.40,-7.40,175.58,1.01,Fwd,6.61
1748796185.54,-3.21,-7.40,175.58,1.01,Fwd,6.61
1748796185.54,-3.21,-10.68,175.58,1.01,Fwd,6.61
1748796185.54,-3.21,-10.68,174.77,1.01,Fwd,6.61
1748796185.55,-3.21,-10.68,174.77,0.86,Fwd,6.61
1748796185.55,-3.21,-10.68,174.77,0.86,Fwd,6.61
1748796185.55,-3.21,-10.68,174.77,0.86,Fwd,6.61
1748796185.55,-3.21,-10.68,174.77,0.86,Fwd,6.61
1748796185.61,-3.21,-10.68,174.77,0.86,Fwd,6.61
1748796185.61,-5.36,-10.68,174.77,0.86,Fwd,6.61
1748796185.61,-5.36,-11.86,174.77,0.86,Fwd,6.61
1748796185.61,-5.36,-11.86,172.38,0.86,Fwd,6.61
1748796185.62,-5.36,-11.86,172.38,0.96,Fwd,6.61
1748796185.62,-5.36,-11.86,172.38,0.96,Fwd,6.61
1748796185.62,-5.36,-11.86,172.38,0.96,Fwd,6.61
1748796185.62,-5.36,-11.86,172.38,0.96,Fwd,6.61
1748796185.72,-5.36,-11.86,172.38,0.96,Fwd,8.79
1748796185.72,-5.69,-11.86,172.38,0.96,Fwd,8.79
1748796185.72,-5.69,-11.57,172.38,0.96,Fwd,8.79
1748796185.72,-5.69,-11.57,167.30,0.96,Fwd,8.79
1748796185.72,-5.69,-11.57,167.30,1.12,Fwd,8.79
1748796185.72,-5.69,-11.57,167.30,1.12,Fwd,8.79
1748796185.72,-5.69,-11.57,167.30,1.12,Fwd,8.79
1748796185.72,-5.69,-11.57,167.30,1.12,Fwd,8.79
1748796185.82,-5.69,-11.57,167.30,1.12,Fwd,8.79
1748796185.86,-6.03,-11.57,167.30,1.12,Fwd,8.79
1748796185.86,-6.03,-10.08,167.30,1.12,Fwd,8.79
1748796185.86,-6.03,-10.08,160.63,1.12,Fwd,8.79
1748796185.86,-6.03,-10.08,160.63,0.98,Fwd,8.79
1748796185.86,-6.03,-10.08,160.63,0.98,Fwd,8.79
1748796185.86,-6.03,-10.08,160.63,0.98,Fwd,8.79
1748796185.86,-6.03,-10.08,160.63,0.98,Fwd,8.79
1748796185.89,-6.03,-10.08,160.63,0.98,Fwd,8.79
1748796185.89,-5.60,-10.08,160.63,0.98,Fwd,8.79
1748796185.90,-5.60,-9.21,160.63,0.98,Fwd,8.79
1748796185.90,-5.60,-9.21,153.05,0.98,Fwd,8.79
1748796185.90,-5.60,-9.21,153.05,1.20,Fwd,8.79
1748796185.90,-5.60,-9.21,153.05,1.20,Fwd,8.79
1748796185.90,-5.60,-9.21,153.05,1.20,Fwd,8.79
1748796185.90,-5.60,-9.21,153.05,1.20,Fwd,8.79
1748796186.00,-5.60,-9.21,153.05,1.20,Fwd,11.15
1748796186.00,-5.50,-9.21,153.05,1.20,Fwd,11.15
1748796186.00,-5.50,-10.05,153.05,1.20,Fwd,11.15
1748796186.00,-5.50,-10.05,144.94,1.20,Fwd,11.15
1748796186.00,-5.50,-10.05,144.94,1.17,Fwd,11.15
1748796186.00,-5.50,-10.05,144.94,1.17,Fwd,11.15
1748796186.00,-5.50,-10.05,144.94,1.17,Fwd,11.15
1748796186.01,-5.50,-10.05,144.94,1.17,Fwd,11.15
1748796186.25,-5.50,-10.05,144.94,1.17,Fwd,11.15
1748796186.25,-6.08,-10.05,144.94,1.17,Fwd,11.15
1748796186.25,-6.08,-8.22,144.94,1.17,Fwd,11.15
1748796186.25,-6.08,-8.22,123.84,1.17,Fwd,11.15
1748796186.25,-6.08,-8.22,123.84,0.86,Fwd,11.15
1748796186.25,-6.08,-8.22,123.84,0.86,Fwd,11.15
1748796186.25,-6.08,-8.22,123.84,0.86,Fwd,11.15
1748796186.26,-6.08,-8.22,123.84,0.86,Fwd,11.15
1748796186.26,-6.08,-8.22,123.84,0.86,Fwd,11.15
1748796186.26,-6.49,-8.22,123.84,0.86,Fwd,11.15
1748796186.35,-6.49,-8.22,123.84,0.86,Fwd,11.15
1748796186.38,-7.31,-8.22,123.84,0.86,Fwd,11.15
1748796186.41,-7.31,-7.21,123.84,0.86,Fwd,11.15
1748796186.42,-7.31,-7.21,111.52,0.86,Fwd,11.15
1748796186.42,-7.31,-7.21,111.52,0.97,Fwd,11.15
1748796186.42,-7.31,-7.21,111.52,0.97,Fwd,11.15
1748796186.42,-7.31,-7.21,111.52,0.97,Fwd,11.15
1748796186.42,-7.31,-7.21,111.52,0.97,Fwd,11.15
1748796186.43,-7.31,-7.21,111.52,0.97,Fwd,11.15
1748796186.43,-8.02,-7.21,111.52,0.97,Fwd,11.15
1748796186.43,-8.02,-5.76,111.52,0.97,Fwd,11.15
1748796186.43,-8.02,-5.76,98.88,0.97,Fwd,11.15
1748796186.43,-8.02,-5.76,98.88,1.01,Fwd,11.15
1748796186.43,-8.02,-5.76,98.88,1.01,Fwd,11.15
1748796186.44,-8.02,-5.76,98.88,1.01,Fwd,11.15
1748796186.44,-8.02,-5.76,98.88,1.01,Fwd,11.15
1748796186.52,-8.02,-5.76,98.88,1.01,Fwd,11.15
1748796186.55,-8.39,-5.76,98.88,1.01,Fwd,11.15
1748796186.56,-8.39,-4.72,98.88,1.01,Fwd,11.15
1748796186.56,-8.39,-4.72,86.77,1.01,Fwd,11.15
1748796186.56,-8.39,-4.72,86.77,1.02,Fwd,11.15
1748796186.59,-8.39,-4.72,86.77,1.02,Fwd,11.15
1748796186.59,-8.39,-4.72,86.77,1.02,Fwd,11.15
1748796186.59,-8.39,-4.72,86.77,1.02,Fwd,11.15
1748796186.59,-8.39,-4.72,86.77,1.02,Fwd,11.15
1748796186.59,-8.01,-4.72,86.77,1.02,Fwd,11.15
1748796186.59,-8.01,-3.90,86.77,1.02,Fwd,11.15
1748796186.59,-8.01,-3.90,76.65,1.02,Fwd,11.15
1748796186.60,-8.01,-3.90,76.65,0.89,Fwd,11.15
1748796186.60,-8.01,-3.90,76.65,0.89,Fwd,11.15
1748796186.60,-8.01,-3.90,76.65,0.89,Fwd,11.15
1748796186.60,-8.01,-3.90,76.65,0.89,Fwd,11.15
1748796186.69,-8.01,-3.90,76.65,0.89,Fwd,9.58
1748796186.73,-7.34,-3.90,76.65,0.89,Fwd,9.58
1748796186.77,-7.34,-3.62,76.65,0.89,Fwd,9.58
1748796186.77,-7.34,-3.62,70.40,0.89,Fwd,9.58
1748796186.77,-7.34,-3.62,70.40,1.00,Fwd,9.58
1748796186.77,-7.34,-3.62,70.40,1.00,Fwd,9.58
1748796186.77,-7.34,-3.62,70.40,1.00,Fwd,9.58
1748796186.77,-7.34,-3.62,70.40,1.00,Fwd,9.58
1748796186.80,-7.34,-3.62,70.40,1.00,Fwd,9.58
1748796186.80,-7.14,-3.62,70.40,1.00,Fwd,9.58
1748796186.80,-7.14,-4.84,70.40,1.00,Fwd,9.58
1748796186.80,-7.14,-4.84,67.37,1.00,Fwd,9.58
1748796186.80,-7.14,-4.84,67.37,0.99,Fwd,9.58
1748796186.80,-7.14,-4.84,67.37,0.99,Fwd,9.58
1748796186.80,-7.14,-4.84,67.37,0.99,Fwd,9.58
1748796186.80,-7.14,-4.84,67.37,0.99,Fwd,9.58
1748796186.90,-7.14,-4.84,67.37,0.99,Fwd,9.58
1748796186.90,-5.85,-4.84,67.37,0.99,Fwd,9.58
1748796186.90,-5.85,-6.37,67.37,0.99,Fwd,9.58
1748796186.90,-5.85,-6.37,65.73,0.99,Fwd,9.58
1748796186.90,-5.85,-6.37,65.73,0.99,Fwd,9.58
1748796186.90,-5.85,-6.37,65.73,0.99,Fwd,9.58
1748796186.90,-5.85,-6.37,65.73,0.99,Fwd,9.58
1748796186.91,-5.85,-6.37,65.73,0.99,Fwd,9.58
1748796187.01,-5.85,-6.37,65.73,0.99,Fwd,9.58
1748796187.01,-5.45,-6.37,65.73,0.99,Fwd,9.58
1748796187.01,-5.45,-6.58,65.73,0.99,Fwd,9.58
1748796187.01,-5.45,-6.58,64.85,0.99,Fwd,9.58
1748796187.01,-5.45,-6.58,64.85,1.04,Fwd,9.58
1748796187.01,-5.45,-6.58,64.85,1.04,Fwd,9.58
1748796187.01,-5.45,-6.58,64.85,1.04,Fwd,9.58
1748796187.01,-5.45,-6.58,64.85,1.04,Fwd,9.58
1748796187.11,-5.45,-6.58,64.85,1.04,Fwd,9.58
1748796187.11,-7.68,-6.58,64.85,1.04,Fwd,9.58
1748796187.11,-7.68,-7.58,64.85,1.04,Fwd,9.58
1748796187.11,-7.68,-7.58,64.14,1.04,Fwd,9.58
1748796187.11,-7.68,-7.58,64.14,0.86,Fwd,9.58
1748796187.11,-7.68,-7.58,64.14,0.86,Fwd,9.58
1748796187.11,-7.68,-7.58,64.14,0.86,Fwd,9.58
1748796187.11,-7.68,-7.58,64.14,0.86,Fwd,9.58
1748796187.22,-7.68,-7.58,64.14,0.86,Fwd,7.78
1748796187.22,-8.75,-7.58,64.14,0.86,Fwd,7.78
1748796187.22,-8.75,-6.85,64.14,0.86,Fwd,7.78
1748796187.25,-8.75,-6.85,62.38,0.86,Fwd,7.78
1748796187.25,-8.75,-6.85,62.38,1.14,Fwd,7.78
1748796187.25,-8.75,-6.85,62.38,1.14,Fwd,7.78
1748796187.26,-8.75,-6.85,62.38,1.14,Fwd,7.78
1748796187.26,-8.75,-6.85,62.38,1.14,Fwd,7.78
1748796187.29,-8.75,-6.85,62.38,1.14,Fwd,7.78
1748796187.29,-10.67,-6.85,62.38,1.14,Fwd,7.78
1748796187.29,-10.67,-5.35,62.38,1.14,Fwd,7.78
1748796187.29,-10.67,-5.35,58.79,1.14,Fwd,7.78
1748796187.29,-10.67,-5.35,58.79,0.94,Fwd,7.78
1748796187.29,-10.67,-5.35,58.79,0.94,Fwd,7.78
1748796187.29,-10.67,-5.35,58.79,0.94,Fwd,7.78
1748796187.29,-10.67,-5.35,58.79,0.94,Fwd,7.78
1748796187.39,-10.67,-5.35,58.79,0.94,Fwd,7.78
1748796187.43,-9.74,-5.35,58.79,0.94,Fwd,7.78
1748796187.46,-9.74,-5.05,58.79,0.94,Fwd,7.78
1748796187.46,-9.74,-5.05,53.45,0.94,Fwd,7.78
1748796187.46,-9.74,-5.05,53.45,1.00,Fwd,7.78
1748796187.46,-9.74,-5.05,53.45,1.00,Fwd,7.78
1748796187.46,-9.74,-5.05,53.45,1.00,Fwd,7.78
1748796187.46,-9.74,-5.05,53.45,1.00,Fwd,7.78
1748796187.50,-9.74,-5.05,53.45,1.00,Fwd,7.78
1748796187.54,-7.93,-5.05,53.45,1.00,Fwd,7.78
1748796187.54,-7.93,-7.81,53.45,1.00,Fwd,7.78
1748796187.54,-7.93,-7.81,49.01,1.00,Fwd,7.78
1748796187.54,-7.93,-7.81,49.01,1.05,Fwd,7.78
1748796187.54,-7.93,-7.81,49.01,1.05,Fwd,7.78
1748796187.54,-7.93,-7.81,49.01,1.05,Fwd,7.78
1748796187.54,-7.93,-7.81,49.01,1.05,Fwd,7.78
1748796187.61,-7.93,-7.81,49.01,1.05,Fwd,11.49
1748796187.64,-8.63,-7.81,49.01,1.05,Fwd,11.49
1748796187.64,-8.63,-11.62,49.01,1.05,Fwd,11.49
1748796187.64,-8.63,-11.62,45.41,1.05,Fwd,11.49
1748796187.64,-8.63,-11.62,45.41,0.91,Fwd,11.49
1748796187.65,-8.63,-11.62,45.41,0.91,Fwd,11.49
1748796187.65,-8.63,-11.62,45.41,0.91,Fwd,11.49
1748796187.65,-8.63,-11.62,45.41,0.91,Fwd,11.49
1748796187.71,-8.63,-11.62,45.41,0.91,Fwd,11.49
1748796187.71,-12.00,-11.62,45.41,0.91,Fwd,11.49
1748796187.71,-12.00,-12.34,45.41,0.91,Fwd,11.49
1748796187.72,-12.00,-12.34,41.38,0.91,Fwd,11.49
1748796187.72,-12.00,-12.34,41.38,1.08,Fwd,11.49
1748796187.72,-12.00,-12.34,41.38,1.08,Fwd,11.49
1748796187.72,-12.00,-12.34,41.38,1.08,Fwd,11.49
1748796187.72,-12.00,-12.34,41.38,1.08,Fwd,11.49
1748796187.82,-12.00,-12.34,41.38,1.08,Fwd,13.10
1748796187.82,-12.81,-12.34,41.38,1.08,Fwd,13.10
1748796187.82,-12.81,-14.18,41.38,1.08,Fwd,13.10
1748796187.82,-12.81,-14.18,35.93,1.08,Fwd,13.10
1748796187.82,-12.81,-14.18,35.93,1.17,Fwd,13.10
1748796187.82,-12.81,-14.18,35.93,1.17,Fwd,13.10
1748796187.85,-12.81,-14.18,35.93,1.17,Fwd,13.10
1748796187.85,-12.81,-14.18,35.93,1.17,Fwd,13.10
1748796187.92,-12.81,-14.18,35.93,1.17,Fwd,13.10
1748796187.92,-12.53,-14.18,35.93,1.17,Fwd,13.10
1748796187.92,-12.53,-13.32,35.93,1.17,Fwd,13.10
1748796187.93,-12.53,-13.32,29.14,1.17,Fwd,13.10
1748796187.93,-12.53,-13.32,29.14,0.48,Fwd,13.10
1748796187.93,-12.53,-13.32,29.14,0.48,Fwd,13.10
1748796187.93,-12.53,-13.32,29.14,0.48,Fwd,13.10
1748796187.93,-12.53,-13.32,29.14,0.48,Fwd,13.10
1748796187.99,-12.53,-13.32,29.14,0.48,Fwd,13.10
1748796187.99,-13.06,-13.32,29.14,0.48,Fwd,13.10
1748796188.00,-13.06,-12.65,29.14,0.48,Fwd,13.10
1748796188.02,-13.06,-12.65,22.20,0.48,Fwd,13.10
1748796188.06,-13.06,-12.65,22.20,0.93,Fwd,13.10
1748796188.06,-13.06,-12.65,22.20,0.93,Fwd,13.10
1748796188.06,-13.06,-12.65,22.20,0.93,Fwd,13.10
1748796188.06,-13.06,-12.65,22.20,0.93,Fwd,13.10
1748796188.09,-13.06,-12.65,22.20,0.93,Fwd,14.36
1748796188.13,-12.92,-12.65,22.20,0.93,Fwd,14.36
1748796188.14,-12.92,-12.11,22.20,0.93,Fwd,14.36
1748796188.14,-12.92,-12.11,14.60,0.93,Fwd,14.36
1748796188.14,-12.92,-12.11,14.60,0.81,Fwd,14.36
1748796188.14,-12.92,-12.11,14.60,0.81,Fwd,14.36
1748796188.14,-12.92,-12.11,14.60,0.81,Fwd,14.36
1748796188.14,-12.92,-12.11,14.60,0.81,Fwd,14.36
1748796188.20,-12.92,-12.11,14.60,0.81,Fwd,14.36
1748796188.20,-11.85,-12.11,14.60,0.81,Fwd,14.36
1748796188.20,-11.85,-11.35,14.60,0.81,Fwd,14.36
1748796188.20,-11.85,-11.35,6.10,0.81,Fwd,14.36
1748796188.20,-11.85,-11.35,6.10,0.89,Fwd,14.36
1748796188.20,-11.85,-11.35,6.10,0.89,Fwd,14.36
1748796188.20,-11.85,-11.35,6.10,0.89,Fwd,14.36
1748796188.21,-11.85,-11.35,6.10,0.89,Fwd,14.36
1748796188.30,-11.85,-11.35,6.10,0.89,Fwd,14.36
1748796188.31,-10.47,-11.35,6.10,0.89,Fwd,14.36
1748796188.31,-10.47,-10.79,6.10,0.89,Fwd,14.36
1748796188.31,-10.47,-10.79,358.33,0.89,Fwd,14.36
1748796188.31,-10.47,-10.79,358.33,0.91,Fwd,14.36
1748796188.31,-10.47,-10.79,358.33,0.91,Fwd,14.36
1748796188.34,-10.47,-10.79,358.33,0.91,Fwd,14.36
1748796188.34,-10.47,-10.79,358.33,0.91,Fwd,14.36
1748796188.41,-10.47,-10.79,358.33,0.91,Fwd,13.34
1748796188.41,-8.50,-10.79,358.33,0.91,Fwd,13.34
1748796188.41,-8.50,-10.43,358.33,0.91,Fwd,13.34
1748796188.42,-8.50,-10.43,352.04,0.91,Fwd,13.34
1748796188.42,-8.50,-10.43,352.04,0.81,Fwd,13.34
1748796188.42,-8.50,-10.43,352.04,0.81,Fwd,13.34
1748796188.42,-8.50,-10.43,352.04,0.81,Fwd,13.34
1748796188.42,-8.50,-10.43,352.04,0.81,Fwd,13.34
1748796188.52,-8.50,-10.43,352.04,0.81,Fwd,13.34
1748796188.55,-9.28,-10.43,352.04,0.81,Fwd,13.34
1748796188.58,-9.28,-9.26,352.04,0.81,Fwd,13.34
1748796188.59,-9.28,-9.26,347.04,0.81,Fwd,13.34
1748796188.59,-9.28,-9.26,347.04,1.06,Fwd,13.34
1748796188.59,-9.28,-9.26,347.04,1.06,Fwd,13.34
1748796188.59,-9.28,-9.26,347.04,1.06,Fwd,13.34
1748796188.59,-9.28,-9.26,347.04,1.06,Fwd,13.34
1748796188.62,-9.28,-9.26,347.04,1.06,Fwd,13.34
1748796188.65,-12.91,-9.26,347.04,1.06,Fwd,13.34
1748796188.66,-12.91,-7.36,347.04,1.06,Fwd,13.34
1748796188.66,-12.91,-7.36,342.83,1.06,Fwd,13.34
1748796188.66,-12.91,-7.36,342.83,0.92,Fwd,13.34
1748796188.66,-12.91,-7.36,342.83,0.92,Fwd,13.34
1748796188.66,-12.91,-7.36,342.83,0.92,Fwd,13.34
1748796188.66,-12.91,-7.36,342.83,0.92,Fwd,13.34
1748796188.69,-12.91,-7.36,342.83,0.92,Fwd,11.86
1748796188.69,-12.97,-7.36,342.83,0.92,Fwd,11.86
1748796188.69,-12.97,-3.82,342.83,0.92,Fwd,11.86
1748796188.69,-12.97,-3.82,336.71,0.92,Fwd,11.86
1748796188.69,-12.97,-3.82,336.71,0.80,Fwd,11.86
1748796188.69,-12.97,-3.82,336.71,0.80,Fwd,11.86
1748796188.70,-12.97,-3.82,336.71,0.80,Fwd,11.86
1748796188.70,-12.97,-3.82,336.71,0.80,Fwd,11.86
1748796188.80,-12.97,-3.82,336.71,0.80,Fwd,11.86
1748796188.80,-10.86,-3.82,336.71,0.80,Fwd,11.86
1748796188.80,-10.86,-3.17,336.71,0.80,Fwd,11.86
1748796188.80,-10.86,-3.17,331.62,0.80,Fwd,11.86
1748796188.80,-10.86,-3.17,331.62,0.99,Fwd,11.86
1748796188.80,-10.86,-3.17,331.62,0.99,Fwd,11.86
1748796188.81,-10.86,-3.17,331.62,0.99,Fwd,11.86
1748796188.81,-10.86,-3.17,331.62,0.99,Fwd,11.86
1748796188.90,-10.86,-3.17,331.62,0.99,Fwd,11.86
1748796188.90,-13.26,-3.17,331.62,0.99,Fwd,11.86
1748796188.90,-13.26,-5.27,331.62,0.99,Fwd,11.86
1748796188.90,-13.26,-5.27,328.68,0.99,Fwd,11.86
1748796188.91,-13.26,-5.27,328.68,1.32,Fwd,11.86
1748796188.91,-13.26,-5.27,328.68,1.32,Fwd,11.86
1748796188.91,-13.26,-5.27,328.68,1.32,Fwd,11.86
1748796188.91,-13.26,-5.27,328.68,1.32,Fwd,11.86
1748796189.01,-13.26,-5.27,328.68,1.32,Fwd,14.36
1748796189.04,-12.86,-5.27,328.68,1.32,Fwd,14.36
1748796189.04,-12.86,-5.20,328.68,1.32,Fwd,14.36
1748796189.04,-12.86,-5.20,327.10,1.32,Fwd,14.36
1748796189.05,-12.86,-5.20,327.10,0.48,Fwd,14.36
1748796189.05,-12.86,-5.20,327.10,0.48,Fwd,14.36
1748796189.05,-12.86,-5.20,327.10,0.48,Fwd,14.36
1748796189.05,-12.86,-5.20,327.10,0.48,Fwd,14.36
1748796189.11,-12.86,-5.20,327.10,0.48,Fwd,14.36
1748796189.11,-12.86,-5.20,327.10,0.48,Fwd,14.36
1748796189.11,-12.86,-3.35,327.10,0.48,Fwd,14.36
1748796189.11,-12.86,-3.35,322.93,0.48,Fwd,14.36
1748796189.12,-12.86,-3.35,322.93,0.87,Fwd,14.36
1748796189.12,-12.86,-3.35,322.93,0.87,Fwd,14.36
1748796189.12,-12.86,-3.35,322.93,0.87,Fwd,14.36
1748796189.12,-12.86,-3.35,322.93,0.87,Fwd,14.36
1748796189.22,-12.86,-3.35,322.93,0.87,Fwd,16.97
1748796189.22,-11.81,-3.35,322.93,0.87,Fwd,16.97
1748796189.22,-11.81,0.31,322.93,0.87,Fwd,16.97
1748796189.22,-11.81,0.31,319.24,0.87,Fwd,16.97
1748796189.22,-11.81,0.31,319.24,0.36,Fwd,16.97
1748796189.22,-11.81,0.31,319.24,0.36,Fwd,16.97
1748796189.25,-11.81,0.31,319.24,0.36,Fwd,16.97
1748796189.25,-11.81,0.31,319.24,0.36,Fwd,16.97
1748796189.32,-11.81,0.31,319.24,0.36,Fwd,16.97
1748796189.33,-11.34,0.31,319.24,0.36,Fwd,16.97
1748796189.33,-11.34,1.58,319.24,0.36,Fwd,16.97
1748796189.33,-11.34,1.58,319.14,0.36,Fwd,16.97
1748796189.33,-11.34,1.58,319.14,0.80,Fwd,16.97
1748796189.33,-11.34,1.58,319.14,0.80,Fwd,16.97
1748796189.33,-11.34,1.58,319.14,0.80,Fwd,16.97
1748796189.33,-11.34,1.58,319.14,0.80,Fwd,16.97
1748796189.39,-11.34,1.58,319.14,0.80,Fwd,16.97
1748796189.40,-4.68,1.58,319.14,0.80,Fwd,16.97
1748796189.40,-4.68,2.03,319.14,0.80,Fwd,16.97
1748796189.40,-4.68,2.03,319.88,0.80,Fwd,16.97
1748796189.40,-4.68,2.03,319.88,0.64,Fwd,16.97
1748796189.40,-4.68,2.03,319.88,0.64,Fwd,16.97
1748796189.41,-4.68,2.03,319.88,0.64,Fwd,16.97
1748796189.41,-4.68,2.03,319.88,0.64,Fwd,16.97
1748796189.50,-4.68,2.03,319.88,0.64,Fwd,16.97
1748796189.53,10.56,2.03,319.88,0.64,Fwd,16.97
1748796189.53,10.56,3.38,319.88,0.64,Fwd,16.97
1748796189.54,10.56,3.38,319.63,0.64,Fwd,16.97
1748796189.54,10.56,3.38,319.63,0.20,Fwd,16.97
1748796189.54,10.56,3.38,319.63,0.20,Fwd,16.97
1748796189.54,10.56,3.38,319.63,0.20,Fwd,16.97
1748796189.54,10.56,3.38,319.63,0.20,Fwd,16.97
1748796189.60,10.56,3.38,319.63,0.20,Fwd,16.97
1748796189.60,17.70,3.38,319.63,0.20,Fwd,16.97
1748796189.60,17.70,4.43,319.63,0.20,Fwd,16.97
1748796189.60,17.70,4.43,320.26,0.20,Fwd,16.97
1748796189.61,17.70,4.43,320.26,-1.97,Fwd,16.97
1748796189.61,17.70,4.43,320.26,-1.97,Fwd,16.97
1748796189.61,17.70,4.43,320.26,-1.97,Fwd,16.97
1748796189.61,17.70,4.43,320.26,-1.97,Fwd,16.97
1748796189.71,17.70,4.43,320.26,-1.97,Fwd,12.05
1748796189.74,12.67,4.43,320.26,-1.97,Fwd,12.05
1748796189.78,12.67,1.31,320.26,-1.97,Fwd,12.05
1748796189.78,12.67,1.31,321.59,-1.97,Fwd,12.05
1748796189.78,12.67,1.31,321.59,1.92,Fwd,12.05
1748796189.78,12.67,1.31,321.59,1.92,Fwd,12.05
1748796189.78,12.67,1.31,321.59,1.92,Fwd,12.05
1748796189.78,12.67,1.31,321.59,1.92,Fwd,12.05
1748796189.81,12.67,1.31,321.59,1.92,Fwd,12.05
1748796189.84,2.90,1.31,321.59,1.92,Fwd,12.05
1748796189.88,2.90,-1.69,321.59,1.92,Fwd,12.05
1748796189.88,2.90,-1.69,322.74,1.92,Fwd,12.05
1748796189.88,2.90,-1.69,322.74,1.58,Fwd,12.05
1748796189.89,2.90,-1.69,322.74,1.58,Fwd,12.05
1748796189.89,2.90,-1.69,322.74,1.58,Fwd,12.05
1748796189.89,2.90,-1.69,322.74,1.58,Fwd,12.05
1748796189.91,2.90,-1.69,322.74,1.58,Fwd,12.05
1748796189.91,-4.95,-1.69,322.74,1.58,Fwd,12.05
1748796189.92,-4.95,-1.52,322.74,1.58,Fwd,12.05
1748796189.92,-4.95,-1.52,322.28,1.58,Fwd,12.05
1748796189.92,-4.95,-1.52,322.28,-1.82,Fwd,12.05
1748796189.92,-4.95,-1.52,322.28,-1.82,Fwd,12.05
1748796189.92,-4.95,-1.52,322.28,-1.82,Fwd,12.05
1748796189.92,-4.95,-1.52,322.28,-1.82,Fwd,12.05
1748796190.02,-4.95,-1.52,322.28,-1.82,Fwd,12.05
1748796190.05,-6.46,-1.52,322.28,-1.82,Fwd,12.05