1748795852.48,-5.04,21.93,271.94,0.95,Fwd,5.88
1748795852.48,-5.04,21.93,271.94,0.96,Fwd,5.88
1748795852.48,-5.04,21.93,271.94,0.96,Fwd,5.88
1748795852.51,-5.04,21.93,271.94,0.96,Fwd,5.88
1748795852.55,-5.04,21.93,271.94,0.96,Fwd,5.88
1748795852.58,-5.04,21.93,271.94,0.96,Fwd,0.00
1748795852.62,-4.73,21.93,271.94,0.96,Fwd,0.00
1748795852.66,-4.73,20.42,271.94,0.96,Fwd,0.00
1748795852.66,-4.73,20.42,268.01,0.96,Fwd,0.00
1748795852.66,-4.73,20.42,268.01,0.89,Fwd,0.00
1748795852.66,-4.73,20.42,268.01,0.89,Fwd,0.00
1748795852.66,-4.73,20.42,268.01,0.89,Fwd,0.00
1748795852.66,-4.73,20.42,268.01,0.89,Fwd,0.00
1748795852.67,-4.73,20.42,268.01,0.89,Fwd,0.00
1748795852.67,-4.14,20.42,268.01,0.89,Fwd,0.00
1748795852.67,-4.14,18.77,268.01,0.89,Fwd,0.00
1748795852.67,-4.14,18.77,265.02,0.89,Fwd,0.00
1748795852.67,-4.14,18.77,265.02,1.00,Fwd,0.00
1748795852.68,-4.14,18.77,265.02,1.00,Fwd,0.00
1748795852.68,-4.14,18.77,265.02,1.00,Fwd,0.00
1748795852.68,-4.14,18.77,265.02,1.00,Fwd,0.00
1748795852.73,-4.14,18.77,265.02,1.00,Fwd,0.00
1748795852.76,-3.88,18.77,265.02,1.00,Fwd,0.00
1748795852.76,-3.88,16.74,265.02,1.00,Fwd,0.00
1748795852.76,-3.88,16.74,263.28,1.00,Fwd,0.00
1748795852.77,-3.88,16.74,263.28,1.04,Fwd,0.00
1748795852.77,-3.88,16.74,263.28,1.04,Fwd,0.00
1748795852.77,-3.88,16.74,263.28,1.04,Fwd,0.00
1748795852.77,-3.88,16.74,263.28,1.04,Fwd,0.00
1748795852.79,-3.88,16.74,263.28,1.04,Fwd,0.00
1748795852.80,-3.70,16.74,263.28,1.04,Fwd,0.00
1748795852.80,-3.70,14.79,263.28,1.04,Fwd,0.00
1748795852.80,-3.70,14.79,262.17,1.04,Fwd,0.00
1748795852.80,-3.70,14.79,262.17,0.97,Fwd,0.00
1748795852.80,-3.70,14.79,262.17,0.97,Fwd,0.00
1748795852.80,-3.70,14.79,262.17,0.97,Fwd,0.00
1748795852.80,-3.70,14.79,262.17,0.97,Fwd,0.00
1748795852.90,-3.70,14.79,262.17,0.97,Fwd,0.00
1748795852.90,-3.58,14.79,262.17,0.97,Fwd,0.00
1748795852.90,-3.58,12.90,262.17,0.97,Fwd,0.00
1748795852.90,-3.58,12.90,261.46,0.97,Fwd,0.00
1748795852.91,-3.58,12.90,261.46,0.97,Fwd,0.00
1748795852.91,-3.58,12.90,261.46,0.97,Fwd,0.00
1748795852.91,-3.58,12.90,261.46,0.97,Fwd,0.00
1748795852.91,-3.58,12.90,261.46,0.97,Fwd,0.00
1748795853.00,-3.58,12.90,261.46,0.97,Fwd,0.00
1748795853.04,-3.56,12.90,261.46,0.97,Fwd,0.00
1748795853.04,-3.56,11.32,261.46,0.97,Fwd,0.00
1748795853.04,-3.56,11.32,260.98,0.97,Fwd,0.00
1748795853.04,-3.56,11.32,260.98,1.10,Fwd,0.00
1748795853.04,-3.56,11.32,260.98,1.10,Fwd,0.00
1748795853.04,-3.56,11.32,260.98,1.10,Fwd,0.00
1748795853.04,-3.56,11.32,260.98,1.10,Fwd,0.00
1748795853.11,-3.56,11.32,260.98,1.10,Fwd,0.00
1748795853.11,-3.28,11.32,260.98,1.10,Fwd,0.00
1748795853.11,-3.28,10.58,260.98,1.10,Fwd,0.00
1748795853.11,-3.28,10.58,260.71,1.10,Fwd,0.00
1748795853.11,-3.28,10.58,260.71,0.96,Fwd,0.00
1748795853.12,-3.28,10.58,260.71,0.96,Fwd,0.00
1748795853.12,-3.28,10.58,260.71,0.96,Fwd,0.00
1748795853.12,-3.28,10.58,260.71,0.96,Fwd,0.00
1748795853.21,-3.28,10.58,260.71,0.96,Fwd,0.00
1748795853.21,-2.93,10.58,260.71,0.96,Fwd,0.00
1748795853.22,-2.93,10.12,260.71,0.96,Fwd,0.00
1748795853.22,-2.93,10.12,260.70,0.96,Fwd,0.00
1748795853.22,-2.93,10.12,260.70,0.91,Fwd,0.00
1748795853.22,-2.93,10.12,260.70,0.91,Fwd,0.00
1748795853.22,-2.93,10.12,260.70,0.91,Fwd,0.00
1748795853.22,-2.93,10.12,260.70,0.91,Fwd,0.00
1748795853.32,-2.93,10.12,260.70,0.91,Fwd,0.00
1748795853.35,-2.56,10.12,260.70,0.91,Fwd,0.00
1748795853.35,-2.56,9.96,260.70,0.91,Fwd,0.00
1748795853.35,-2.56,9.96,260.96,0.91,Fwd,0.00
1748795853.35,-2.56,9.96,260.96,0.95,Fwd,0.00
1748795853.35,-2.56,9.96,260.96,0.95,Fwd,0.00
1748795853.35,-2.56,9.96,260.96,0.95,Fwd,0.00
1748795853.39,-2.56,9.96,260.96,0.95,Fwd,0.00
1748795853.42,-2.56,9.96,260.96,0.95,Fwd,4.34
1748795853.42,-2.25,9.96,260.96,0.95,Fwd,4.34
1748795853.42,-2.25,10.01,260.96,0.95,Fwd,4.34
1748795853.43,-2.25,10.01,261.40,0.95,Fwd,4.34
1748795853.43,-2.25,10.01,261.40,0.97,Fwd,4.34
1748795853.46,-2.25,10.01,261.40,0.97,Fwd,4.34
1748795853.49,-2.25,10.01,261.40,0.97,Fwd,4.34
1748795853.53,-2.25,10.01,261.40,0.97,Fwd,4.34
1748795853.53,-2.25,10.01,261.40,0.97,Fwd,4.34
1748795853.56,-1.97,10.01,261.40,0.97,Fwd,4.34
1748795853.60,-1.97,10.03,261.40,0.97,Fwd,4.34
1748795853.64,-1.97,10.03,261.96,0.97,Fwd,4.34
1748795853.64,-1.97,10.03,261.96,0.92,Fwd,4.34
1748795853.64,-1.97,10.03,261.96,0.92,Fwd,4.34
1748795853.64,-1.97,10.03,261.96,0.92,Fwd,4.34
1748795853.64,-1.97,10.03,261.96,0.92,Fwd,4.34
1748795853.64,-1.97,10.03,261.96,0.92,Fwd,4.34
1748795853.67,-1.76,10.03,261.96,0.92,Fwd,4.34
1748795853.70,-1.76,9.82,261.96,0.92,Fwd,4.34
1748795853.74,-1.76,9.82,262.52,0.92,Fwd,4.34
1748795853.78,-1.76,9.82,262.52,0.98,Fwd,4.34
1748795853.81,-1.76,9.82,262.52,0.98,Fwd,4.34
1748795853.81,-1.76,9.82,262.52,0.98,Fwd,4.34
1748795853.81,-1.76,9.82,262.52,0.98,Fwd,4.34
1748795853.82,-1.76,9.82,262.52,0.98,Fwd,4.34
1748795853.82,-1.61,9.82,262.52,0.98,Fwd,4.34
1748795853.82,-1.61,9.45,262.52,0.98,Fwd,4.34
1748795853.85,-1.61,9.45,263.03,0.98,Fwd,4.34
1748795853.88,-1.61,9.45,263.03,0.98,Fwd,4.34
1748795853.92,-1.61,9.45,263.03,0.98,Fwd,4.34
1748795853.92,-1.61,9.45,263.03,0.98,Fwd,4.34
1748795853.92,-1.61,9.45,263.03,0.98,Fwd,4.34
1748795853.92,-1.61,9.45,263.03,0.98,Fwd,4.34
1748795853.92,-1.44,9.45,263.03,0.98,Fwd,4.34
1748795853.92,-1.44,8.67,263.03,0.98,Fwd,4.34
1748795853.95,-1.44,8.67,263.51,0.98,Fwd,4.34
1748795853.95,-1.44,8.67,263.51,0.93,Fwd,4.34
1748795853.95,-1.44,8.67,263.51,0.93,Fwd,4.34
1748795853.95,-1.44,8.67,263.51,0.93,Fwd,4.34
1748795853.96,-1.44,8.67,263.51,0.93,Fwd,4.34
1748795853.96,-1.44,8.67,263.51,0.93,Fwd,4.34
1748795853.98,-1.24,8.67,263.51,0.93,Fwd,4.34
1748795853.98,-1.24,7.46,263.51,0.93,Fwd,4.34
1748795853.98,-1.24,7.46,263.91,0.93,Fwd,4.34
1748795853.98,-1.24,7.46,263.91,0.97,Fwd,4.34
1748795853.98,-1.24,7.46,263.91,0.97,Fwd,4.34
1748795853.98,-1.24,7.46,263.91,0.97,Fwd,4.34
1748795854.09,-1.24,7.46,263.91,0.97,Fwd,4.34
1748795854.09,-1.24,7.46,263.91,0.97,Fwd,4.34
1748795854.09,-0.96,7.46,263.91,0.97,Fwd,4.34
1748795854.09,-0.96,6.70,263.91,0.97,Fwd,4.34
1748795854.09,-0.96,6.70,264.31,0.97,Fwd,4.34
1748795854.09,-0.96,6.70,264.31,1.00,Fwd,4.34
1748795854.12,-0.96,6.70,264.31,1.00,Fwd,4.34
1748795854.16,-0.96,6.70,264.31,1.00,Fwd,4.34
1748795854.19,-0.96,6.70,264.31,1.00,Fwd,4.34
1748795854.19,-0.96,6.70,264.31,1.00,Fwd,4.34
1748795854.19,-0.64,6.70,264.31,1.00,Fwd,4.34
1748795854.19,-0.64,6.44,264.31,1.00,Fwd,4.34
1748795854.19,-0.64,6.44,264.73,1.00,Fwd,4.34
1748795854.19,-0.64,6.44,264.73,1.00,Fwd,4.34
1748795854.23,-0.64,6.44,264.73,1.00,Fwd,4.34
1748795854.26,-0.64,6.44,264.73,1.00,Fwd,4.34
1748795854.30,-0.64,6.44,264.73,1.00,Fwd,4.34
1748795854.33,-0.64,6.44,264.73,1.00,Fwd,4.34
1748795854.33,-0.39,6.44,264.73,1.00,Fwd,4.34
1748795854.33,-0.39,5.63,264.73,1.00,Fwd,4.34
1748795854.34,-0.39,5.63,265.33,1.00,Fwd,4.34
1748795854.34,-0.39,5.63,265.33,1.21,Fwd,4.34
1748795854.34,-0.39,5.63,265.33,1.21,Fwd,4.34
1748795854.37,-0.39,5.63,265.33,1.21,Fwd,4.34
1748795854.37,-0.39,5.63,265.33,1.21,Fwd,4.34
1748795854.37,-0.39,5.63,265.33,1.21,Fwd,4.34
1748795854.37,0.70,5.63,265.33,1.21,Fwd,4.34
1748795854.37,0.70,7.43,265.33,1.21,Fwd,4.34
1748795854.37,0.70,7.43,266.45,1.21,Fwd,4.34
1748795854.37,0.70,7.43,266.45,1.09,Fwd,4.34
1748795854.37,0.70,7.43,266.45,1.09,Fwd,4.34
1748795854.37,0.70,7.43,266.45,1.09,Fwd,4.34
1748795854.37,0.70,7.43,266.45,1.09,Fwd,4.34
1748795854.40,0.70,7.43,266.45,1.09,Fwd,4.34
1748795854.41,2.31,7.43,266.45,1.09,Fwd,4.34
1748795854.41,2.31,8.55,266.45,1.09,Fwd,4.34
1748795854.41,2.31,8.55,267.85,1.09,Fwd,4.34
1748795854.41,2.31,8.55,267.85,0.96,Fwd,4.34
1748795854.41,2.31,8.55,267.85,0.96,Fwd,4.34
1748795854.41,2.31,8.55,267.85,0.96,Fwd,4.34
1748795854.41,2.31,8.55,267.85,0.96,Fwd,4.34
1748795854.51,2.31,8.55,267.85,0.96,Fwd,3.46
1748795854.51,4.67,8.55,267.85,0.96,Fwd,3.46
1748795854.51,4.67,10.06,267.85,0.96,Fwd,3.46
1748795854.52,4.67,10.06,269.47,0.96,Fwd,3.46
1748795854.52,4.67,10.06,269.47,1.06,Fwd,3.46
1748795854.52,4.67,10.06,269.47,1.06,Fwd,3.46
1748795854.52,4.67,10.06,269.47,1.06,Fwd,3.46
1748795854.52,4.67,10.06,269.47,1.06,Fwd,3.46
1748795854.61,4.67,10.06,269.47,1.06,Fwd,3.46
1748795854.65,7.76,10.06,269.47,1.06,Fwd,3.46
1748795854.65,7.76,12.24,269.47,1.06,Fwd,3.46
1748795854.65,7.76,12.24,271.40,1.06,Fwd,3.46
1748795854.65,7.76,12.24,271.40,1.01,Fwd,3.46
1748795854.66,7.76,12.24,271.40,1.01,Fwd,3.46
1748795854.66,7.76,12.24,271.40,1.01,Fwd,3.46
1748795854.66,7.76,12.24,271.40,1.01,Fwd,3.46
1748795854.72,7.76,12.24,271.40,1.01,Fwd,3.46
1748795854.73,11.50,12.24,271.40,1.01,Fwd,3.46
1748795854.73,11.50,14.72,271.40,1.01,Fwd,3.46
1748795854.73,11.50,14.72,273.84,1.01,Fwd,3.46
1748795854.73,11.50,14.72,273.84,0.98,Fwd,3.46
1748795854.73,11.50,14.72,273.84,0.98,Fwd,3.46
1748795854.73,11.50,14.72,273.84,0.98,Fwd,3.46
1748795854.73,11.50,14.72,273.84,0.98,Fwd,3.46
1748795854.83,11.50,14.72,273.84,0.98,Fwd,3.46
1748795854.86,15.37,14.72,273.84,0.98,Fwd,3.46
1748795854.86,15.37,16.99,273.84,0.98,Fwd,3.46
1748795854.86,15.37,16.99,276.85,0.98,Fwd,3.46
1748795854.86,15.37,16.99,276.85,0.93,Fwd,3.46
1748795854.87,15.37,16.99,276.85,0.93,Fwd,3.46
1748795854.87,15.37,16.99,276.85,0.93,Fwd,3.46
1748795854.87,15.37,16.99,276.85,0.93,Fwd,3.46
1748795854.89,15.37,16.99,276.85,0.93,Fwd,3.46
1748795854.90,18.56,16.99,276.85,0.93,Fwd,3.46
1748795854.90,18.56,18.54,276.85,0.93,Fwd,3.46
1748795854.90,18.56,18.54,280.07,0.93,Fwd,3.46
1748795854.90,18.56,18.54,280.07,0.84,Fwd,3.46
1748795854.90,18.56,18.54,280.07,0.84,Fwd,3.46
1748795854.90,18.56,18.54,280.07,0.84,Fwd,3.46
1748795854.90,18.56,18.54,280.07,0.84,Fwd,3.46
1748795855.00,18.56,18.54,280.07,0.84,Fwd,3.46
1748795855.00,20.56,18.54,280.07,0.84,Fwd,3.46
1748795855.00,20.56,19.39,280.07,0.84,Fwd,3.46
1748795855.00,20.56,19.39,282.94,0.84,Fwd,3.46
1748795855.00,20.56,19.39,282.94,0.84,Fwd,3.46
1748795855.01,20.56,19.39,282.94,0.84,Fwd,3.46
1748795855.01,20.56,19.39,282.94,0.84,Fwd,3.46
1748795855.01,20.56,19.39,282.94,0.84,Fwd,3.46
1748795855.10,20.56,19.39,282.94,0.84,Fwd,3.46
1748795855.14,21.35,19.39,282.94,0.84,Fwd,3.46
1748795855.14,21.35,19.63,282.94,0.84,Fwd,3.46
1748795855.14,21.35,19.63,285.09,0.84,Fwd,3.46
1748795855.14,21.35,19.63,285.09,0.95,Fwd,3.46
1748795855.14,21.35,19.63,285.09,0.95,Fwd,3.46
1748795855.15,21.35,19.63,285.09,0.95,Fwd,3.46
1748795855.15,21.35,19.63,285.09,0.95,Fwd,3.46
1748795855.21,21.35,19.63,285.09,0.95,Fwd,3.46
1748795855.21,21.62,19.63,285.09,0.95,Fwd,3.46
1748795855.21,21.62,20.50,285.09,0.95,Fwd,3.46
1748795855.21,21.62,20.50,286.71,0.95,Fwd,3.46
1748795855.21,21.62,20.50,286.71,1.09,Fwd,3.46
1748795855.21,21.62,20.50,286.71,1.09,Fwd,3.46
1748795855.24,21.62,20.50,286.71,1.09,Fwd,3.46
1748795855.24,21.62,20.50,286.71,1.09,Fwd,3.46
1748795855.32,21.62,20.50,286.71,1.09,Fwd,3.46
1748795855.32,21.33,20.50,286.71,1.09,Fwd,3.46
1748795855.32,21.33,22.86,286.71,1.09,Fwd,3.46
1748795855.32,21.33,22.86,287.93,1.09,Fwd,3.46
1748795855.32,21.33,22.86,287.93,1.19,Fwd,3.46
1748795855.32,21.33,22.86,287.93,1.19,Fwd,3.46
1748795855.33,21.33,22.86,287.93,1.19,Fwd,3.46
1748795855.33,21.33,22.86,287.93,1.19,Fwd,3.46
1748795855.42,21.33,22.86,287.93,1.19,Fwd,3.46
1748795855.46,20.15,22.86,287.93,1.19,Fwd,3.46
1748795855.46,20.15,25.07,287.93,1.19,Fwd,3.46
1748795855.46,20.15,25.07,288.87,1.19,Fwd,3.46
1748795855.46,20.15,25.07,288.87,1.01,Fwd,3.46
1748795855.47,20.15,25.07,288.87,1.01,Fwd,3.46
1748795855.47,20.15,25.07,288.87,1.01,Fwd,3.46
1748795855.49,20.15,25.07,288.87,1.01,Fwd,3.46
1748795855.52,20.15,25.07,288.87,1.01,Fwd,3.46
1748795855.53,18.61,25.07,288.87,1.01,Fwd,3.46
1748795855.53,18.61,26.53,288.87,1.01,Fwd,3.46
1748795855.56,18.61,26.53,290.19,1.01,Fwd,3.46
1748795855.59,18.61,26.53,290.19,0.79,Fwd,3.46
1748795855.67,18.61,26.53,290.19,0.79,Fwd,3.46
1748795855.67,18.61,26.53,290.19,0.79,Fwd,3.46
1748795855.67,18.61,26.53,290.19,0.79,Fwd,3.46
1748795855.67,18.61,26.53,290.19,0.79,Fwd,3.46
1748795855.67,17.17,26.53,290.19,0.79,Fwd,3.46
1748795855.67,17.17,26.88,290.19,0.79,Fwd,3.46
1748795855.67,17.17,26.88,292.54,0.79,Fwd,3.46
1748795855.68,17.17,26.88,292.54,0.93,Fwd,3.46
1748795855.68,17.17,26.88,292.54,0.93,Fwd,3.46
1748795855.70,17.17,26.88,292.54,0.93,Fwd,3.46
1748795855.70,16.16,26.88,292.54,0.93,Fwd,3.46
1748795855.70,16.16,26.18,292.54,0.93,Fwd,3.46
1748795855.70,16.16,26.18,295.68,0.93,Fwd,3.46
1748795855.71,16.16,26.18,295.68,1.13,Fwd,3.46
1748795855.71,16.16,26.18,295.68,1.13,Fwd,3.46
1748795855.71,16.16,26.18,295.68,1.13,Fwd,3.46
1748795855.71,16.16,26.18,295.68,1.13,Fwd,3.46
1748795855.81,16.16,26.18,295.68,1.13,Fwd,3.46
1748795855.81,15.21,26.18,295.68,1.13,Fwd,3.46
1748795855.81,15.21,23.98,295.68,1.13,Fwd,3.46
1748795855.82,15.21,23.98,299.04,1.13,Fwd,3.46
1748795855.82,15.21,23.98,299.04,1.25,Fwd,3.46
1748795855.82,15.21,23.98,299.04,1.25,Fwd,3.46
1748795855.82,15.21,23.98,299.04,1.25,Fwd,3.46
1748795855.82,15.21,23.98,299.04,1.25,Fwd,3.46
1748795855.91,15.21,23.98,299.04,1.25,Fwd,3.46
1748795855.92,14.83,23.98,299.04,1.25,Fwd,3.46
1748795855.92,14.83,21.27,299.04,1.25,Fwd,3.46
1748795855.92,14.83,21.27,302.26,1.25,Fwd,3.46
1748795855.92,14.83,21.27,302.26,0.99,Fwd,3.46
1748795855.92,14.83,21.27,302.26,0.99,Fwd,3.46
1748795855.92,14.83,21.27,302.26,0.99,Fwd,3.46
1748795855.92,14.83,21.27,302.26,0.99,Fwd,3.46
1748795856.02,14.83,21.27,302.26,0.99,Fwd,3.46
1748795856.05,15.11,21.27,302.26,0.99,Fwd,3.46
1748795856.09,15.11,19.91,302.26,0.99,Fwd,3.46
1748795856.09,15.11,19.91,305.13,0.99,Fwd,3.46
1748795856.09,15.11,19.91,305.13,0.93,Fwd,3.46
1748795856.09,15.11,19.91,305.13,0.93,Fwd,3.46
1748795856.09,15.11,19.91,305.13,0.93,Fwd,3.46
1748795856.09,15.11,19.91,305.13,0.93,Fwd,3.46
1748795856.12,15.11,19.91,305.13,0.93,Fwd,3.46
1748795856.12,14.95,19.91,305.13,0.93,Fwd,3.46
1748795856.12,14.95,18.67,305.13,0.93,Fwd,3.46
1748795856.12,14.95,18.67,307.27,0.93,Fwd,3.46
1748795856.12,14.95,18.67,307.27,0.79,Fwd,3.46
1748795856.13,14.95,18.67,307.27,0.79,Fwd,3.46
1748795856.13,14.95,18.67,307.27,0.79,Fwd,3.46
1748795856.13,14.95,18.67,307.27,0.79,Fwd,3.46
1748795856.23,14.95,18.67,307.27,0.79,Fwd,3.46
1748795856.23,14.68,18.67,307.27,0.79,Fwd,3.46
1748795856.23,14.68,17.08,307.27,0.79,Fwd,3.46
1748795856.23,14.68,17.08,309.26,0.79,Fwd,3.46
1748795856.23,14.68,17.08,309.26,0.84,Fwd,3.46
1748795856.23,14.68,17.08,309.26,0.84,Fwd,3.46
1748795856.26,14.68,17.08,309.26,0.84,Fwd,3.46
1748795856.26,14.68,17.08,309.26,0.84,Fwd,3.46
1748795856.30,14.68,17.08,309.26,0.84,Fwd,3.46
1748795856.30,14.26,17.08,309.26,0.84,Fwd,3.46
1748795856.30,14.26,16.17,309.26,0.84,Fwd,3.46
1748795856.30,14.26,16.17,311.37,0.84,Fwd,3.46
1748795856.30,14.26,16.17,311.37,1.06,Fwd,3.46
1748795856.30,14.26,16.17,311.37,1.06,Fwd,3.46
1748795856.30,14.26,16.17,311.37,1.06,Fwd,3.46
1748795856.31,14.26,16.17,311.37,1.06,Fwd,3.46
1748795856.41,14.26,16.17,311.37,1.06,Fwd,3.46
1748795856.41,14.14,16.17,311.37,1.06,Fwd,3.46
1748795856.41,14.14,15.44,311.37,1.06,Fwd,3.46
1748795856.41,14.14,15.44,313.54,1.06,Fwd,3.46
1748795856.41,14.14,15.44,313.54,1.24,Fwd,3.46
1748795856.41,14.14,15.44,313.54,1.24,Fwd,3.46
1748795856.41,14.14,15.44,313.54,1.24,Fwd,3.46
1748795856.41,14.14,15.44,313.54,1.24,Fwd,3.46
1748795856.51,14.14,15.44,313.54,1.24,Fwd,3.46
1748795856.54,14.43,15.44,313.54,1.24,Fwd,3.46
1748795856.57,14.43,16.04,313.54,1.24,Fwd,3.46
1748795856.57,14.43,16.04,315.95,1.24,Fwd,3.46
1748795856.58,14.43,16.04,315.95,1.10,Fwd,3.46
1748795856.58,14.43,16.04,315.95,1.10,Fwd,3.46
1748795856.58,14.43,16.04,315.95,1.10,Fwd,3.46
1748795856.58,14.43,16.04,315.95,1.10,Fwd,3.46
1748795856.61,14.43,16.04,315.95,1.10,Fwd,3.46
1748795856.61,15.14,16.04,315.95,1.10,Fwd,3.46
1748795856.61,15.14,16.86,315.95,1.10,Fwd,3.46
1748795856.61,15.14,16.86,318.51,1.10,Fwd,3.46
1748795856.61,15.14,16.86,318.51,0.84,Fwd,3.46
1748795856.61,15.14,16.86,318.51,0.84,Fwd,3.46
1748795856.62,15.14,16.86,318.51,0.84,Fwd,3.46
1748795856.62,15.14,16.86,318.51,0.84,Fwd,3.46
1748795856.72,15.14,16.86,318.51,0.84,Fwd,3.46
1748795856.72,16.05,16.86,318.51,0.84,Fwd,3.46
1748795856.72,16.05,17.01,318.51,0.84,Fwd,3.46
1748795856.72,16.05,17.01,321.11,0.84,Fwd,3.46
1748795856.73,16.05,17.01,321.11,0.80,Fwd,3.46
1748795856.73,16.05,17.01,321.11,0.80,Fwd,3.46
1748795856.73,16.05,17.01,321.11,0.80,Fwd,3.46
1748795856.73,16.05,17.01,321.11,0.80,Fwd,3.46
1748795856.82,16.05,17.01,321.11,0.80,Fwd,3.46
1748795856.85,17.29,17.01,321.11,0.80,Fwd,3.46
1748795856.86,17.29,16.98,321.11,0.80,Fwd,3.46
1748795856.86,17.29,16.98,324.01,0.80,Fwd,3.46
1748795856.86,17.29,16.98,324.01,0.92,Fwd,3.46
1748795856.86,17.29,16.98,324.01,0.92,Fwd,3.46
1748795856.89,17.29,16.98,324.01,0.92,Fwd,3.46
1748795856.89,17.29,16.98,324.01,0.92,Fwd,3.46
1748795856.89,17.29,16.98,324.01,0.92,Fwd,3.46
1748795856.89,18.43,16.98,324.01,0.92,Fwd,3.46
1748795856.92,18.43,17.10,324.01,0.92,Fwd,3.46
1748795856.93,18.43,17.10,327.07,0.92,Fwd,3.46
1748795856.93,18.43,17.10,327.07,1.01,Fwd,3.46
1748795856.93,18.43,17.10,327.07,1.01,Fwd,3.46
1748795856.93,18.43,17.10,327.07,1.01,Fwd,3.46
1748795856.93,18.43,17.10,327.07,1.01,Fwd,3.46
1748795856.99,18.43,17.10,327.07,1.01,Fwd,3.46
1748795857.03,19.45,17.10,327.07,1.01,Fwd,3.46
1748795857.03,19.45,16.94,327.07,1.01,Fwd,3.46
1748795857.03,19.45,16.94,330.00,1.01,Fwd,3.46
1748795857.06,19.45,16.94,330.00,1.08,Fwd,3.46
1748795857.10,19.45,16.94,330.00,1.08,Fwd,3.46
1748795857.14,19.45,16.94,330.00,1.08,Fwd,3.46
1748795857.14,19.45,16.94,330.00,1.08,Fwd,3.46
1748795857.14,19.45,16.94,330.00,1.08,Fwd,3.46
1748795857.14,20.14,16.94,330.00,1.08,Fwd,3.46
1748795857.14,20.14,16.11,330.00,1.08,Fwd,3.46
1748795857.14,20.14,16.11,332.19,1.08,Fwd,3.46
1748795857.15,20.14,16.11,332.19,0.99,Fwd,3.46
1748795857.15,20.14,16.11,332.19,0.99,Fwd,3.46
1748795857.15,20.14,16.11,332.19,0.99,Fwd,3.46
1748795857.21,20.14,16.11,332.19,0.99,Fwd,3.46
1748795857.21,20.82,16.11,332.19,0.99,Fwd,3.46
1748795857.21,20.82,14.70,332.19,0.99,Fwd,3.46
1748795857.24,20.82,14.70,333.45,0.99,Fwd,3.46
1748795857.24,20.82,14.70,333.45,0.86,Fwd,3.46
1748795857.25,20.82,14.70,333.45,0.86,Fwd,3.46
1748795857.25,20.82,14.70,333.45,0.86,Fwd,3.46
1748795857.25,20.82,14.70,333.45,0.86,Fwd,3.46
1748795857.31,20.82,14.70,333.45,0.86,Fwd,3.46
1748795857.31,21.04,14.70,333.45,0.86,Fwd,3.46
1748795857.31,21.04,13.26,333.45,0.86,Fwd,3.46
1748795857.32,21.04,13.26,333.96,0.86,Fwd,3.46
1748795857.32,21.04,13.26,333.96,0.82,Fwd,3.46
1748795857.32,21.04,13.26,333.96,0.82,Fwd,3.46
1748795857.34,21.04,13.26,333.96,0.82,Fwd,3.46
1748795857.38,21.04,13.26,333.96,0.82,Fwd,3.46
1748795857.48,21.04,13.26,333.96,0.82,Fwd,3.46
1748795857.49,20.07,13.26,333.96,0.82,Fwd,3.46
1748795857.49,20.07,12.15,333.96,0.82,Fwd,3.46
1748795857.49,20.07,12.15,333.91,0.82,Fwd,3.46
1748795857.49,20.07,12.15,333.91,0.85,Fwd,3.46
1748795857.49,20.07,12.15,333.91,0.85,Fwd,3.46
1748795857.49,20.07,12.15,333.91,0.85,Fwd,3.46
1748795857.49,20.07,12.15,333.91,0.85,Fwd,3.46
1748795857.52,20.07,12.15,333.91,0.85,Fwd,0.00
1748795857.52,18.13,12.15,333.91,0.85,Fwd,0.00
1748795857.52,18.13,11.30,333.91,0.85,Fwd,0.00
1748795857.52,18.13,11.30,333.41,0.85,Fwd,0.00
1748795857.53,18.13,11.30,333.41,0.89,Fwd,0.00
1748795857.53,18.13,11.30,333.41,0.89,Fwd,0.00
1748795857.53,18.13,11.30,333.41,0.89,Fwd,0.00
1748795857.53,18.13,11.30,333.41,0.89,Fwd,0.00
1748795857.63,18.13,11.30,333.41,0.89,Fwd,0.00
1748795857.63,15.51,11.30,333.41,0.89,Fwd,0.00
1748795857.63,15.51,10.16,333.41,0.89,Fwd,0.00
1748795857.63,15.51,10.16,332.56,0.89,Fwd,0.00
1748795857.63,15.51,10.16,332.56,1.17,Fwd,0.00
1748795857.63,15.51,10.16,332.56,1.17,Fwd,0.00
1748795857.63,15.51,10.16,332.56,1.17,Fwd,0.00
1748795857.64,15.51,10.16,332.56,1.17,Fwd,0.00
1748795857.70,15.51,10.16,332.56,1.17,Fwd,0.00
1748795857.70,12.69,10.16,332.56,1.17,Fwd,0.00
1748795857.70,12.69,8.62,332.56,1.17,Fwd,0.00
1748795857.70,12.69,8.62,331.24,1.17,Fwd,0.00
1748795857.70,12.69,8.62,331.24,1.05,Fwd,0.00
1748795857.70,12.69,8.62,331.24,1.05,Fwd,0.00
1748795857.71,12.69,8.62,331.24,1.05,Fwd,0.00
1748795857.71,12.69,8.62,331.24,1.05,Fwd,0.00
1748795857.80,12.69,8.62,331.24,1.05,Fwd,0.00
1748795857.80,10.01,8.62,331.24,1.05,Fwd,0.00
1748795857.81,10.01,7.53,331.24,1.05,Fwd,0.00
1748795857.81,10.01,7.53,329.55,1.05,Fwd,0.00
1748795857.81,10.01,7.53,329.55,1.00,Fwd,0.00
1748795857.81,10.01,7.53,329.55,1.00,Fwd,0.00
1748795857.83,10.01,7.53,329.55,1.00,Fwd,0.00
1748795857.87,10.01,7.53,329.55,1.00,Fwd,0.00
1748795857.90,10.01,7.53,329.55,1.00,Fwd,0.00
1748795857.91,7.42,7.53,329.55,1.00,Fwd,0.00
1748795857.91,7.42,8.57,329.55,1.00,Fwd,0.00
1748795857.91,7.42,8.57,327.56,1.00,Fwd,0.00
1748795857.91,7.42,8.57,327.56,0.95,Fwd,0.00
1748795857.92,7.42,8.57,327.56,0.95,Fwd,0.00
1748795857.92,7.42,8.57,327.56,0.95,Fwd,0.00
1748795857.92,7.42,8.57,327.56,0.95,Fwd,0.00
1748795858.01,7.42,8.57,327.56,0.95,Fwd,0.00
1748795858.01,5.39,8.57,327.56,0.95,Fwd,0.00
1748795858.02,5.39,10.63,327.56,0.95,Fwd,0.00
1748795858.02,5.39,10.63,324.89,0.95,Fwd,0.00
1748795858.02,5.39,10.63,324.89,0.93,Fwd,0.00
1748795858.02,5.39,10.63,324.89,0.93,Fwd,0.00
1748795858.05,5.39,10.63,324.89,0.93,Fwd,0.00
1748795858.05,5.39,10.63,324.89,0.93,Fwd,0.00
1748795858.12,5.39,10.63,324.89,0.93,Fwd,0.00
1748795858.12,4.15,10.63,324.89,0.93,Fwd,0.00
1748795858.12,4.15,11.73,324.89,0.93,Fwd,0.00
1748795858.15,4.15,11.73,321.63,0.93,Fwd,0.00
1748795858.18,4.15,11.73,321.63,1.03,Fwd,0.00
1748795858.19,4.15,11.73,321.63,1.03,Fwd,0.00
1748795858.19,4.15,11.73,321.63,1.03,Fwd,0.00
1748795858.19,4.15,11.73,321.63,1.03,Fwd,0.00
1748795858.26,4.15,11.73,321.63,1.03,Fwd,0.00
1748795858.26,3.53,11.73,321.63,1.03,Fwd,0.00
1748795858.26,3.53,11.61,321.63,1.03,Fwd,0.00
1748795858.26,3.53,11.61,317.97,1.03,Fwd,0.00
1748795858.26,3.53,11.61,317.97,1.04,Fwd,0.00
1748795858.26,3.53,11.61,317.97,1.04,Fwd,0.00
1748795858.26,3.53,11.61,317.97,1.04,Fwd,0.00
1748795858.26,3.53,11.61,317.97,1.04,Fwd,0.00
1748795858.33,3.53,11.61,317.97,1.04,Fwd,0.00
1748795858.33,3.02,11.61,317.97,1.04,Fwd,0.00
1748795858.33,3.02,10.92,317.97,1.04,Fwd,0.00
1748795858.36,3.02,10.92,313.92,1.04,Fwd,0.00
1748795858.36,3.02,10.92,313.92,1.00,Fwd,0.00
1748795858.36,3.02,10.92,313.92,1.00,Fwd,0.00
1748795858.39,3.02,10.92,313.92,1.00,Fwd,0.00
1748795858.43,3.02,10.92,313.92,1.00,Fwd,0.00
1748795858.46,3.02,10.92,313.92,1.00,Fwd,0.00
1748795858.50,2.22,10.92,313.92,1.00,Fwd,0.00
1748795858.53,2.22,10.29,313.92,1.00,Fwd,0.00
1748795858.57,2.22,10.29,309.50,1.00,Fwd,0.00
1748795858.60,2.22,10.29,309.50,0.90,Fwd,0.00
1748795858.64,2.22,10.29,309.50,0.90,Fwd,0.00
1748795858.68,2.22,10.29,309.50,0.90,Fwd,0.00
1748795858.71,2.22,10.29,309.50,0.90,Fwd,0.00
1748795858.71,2.22,10.29,309.50,0.90,Fwd,0.00
1748795858.71,1.52,10.29,309.50,0.90,Fwd,0.00
1748795858.72,1.52,10.79,309.50,0.90,Fwd,0.00
1748795858.72,1.52,10.79,305.50,0.90,Fwd,0.00
1748795858.72,1.52,10.79,305.50,1.21,Fwd,0.00
1748795858.74,1.52,10.79,305.50,1.21,Fwd,0.00
1748795858.78,1.52,10.79,305.50,1.21,Fwd,0.00
1748795858.81,1.52,10.79,305.50,1.21,Fwd,0.00
1748795858.85,1.52,10.79,305.50,1.21,Fwd,0.00
1748795858.88,1.46,10.79,305.50,1.21,Fwd,0.00
1748795858.92,1.46,13.30,305.50,1.21,Fwd,0.00
1748795858.96,1.46,13.30,304.53,1.21,Fwd,0.00
1748795858.96,1.46,13.30,304.53,1.25,Fwd,0.00
1748795858.96,1.46,13.30,304.53,1.25,Fwd,0.00
1748795858.96,1.46,13.30,304.53,1.25,Fwd,0.00
1748795858.96,1.46,13.30,304.53,1.25,Fwd,0.00
1748795858.96,1.46,13.30,304.53,1.25,Fwd,0.00
1748795858.99,1.02,13.30,304.53,1.25,Fwd,0.00
1748795858.99,1.02,15.02,304.53,1.25,Fwd,0.00
1748795858.99,1.02,15.02,303.97,1.25,Fwd,0.00
1748795859.00,1.02,15.02,303.97,0.99,Fwd,0.00
1748795859.00,1.02,15.02,303.97,0.99,Fwd,0.00
1748795859.02,1.02,15.02,303.97,0.99,Fwd,0.00
1748795859.06,1.02,15.02,303.97,0.99,Fwd,0.00
1748795859.09,1.02,15.02,303.97,0.99,Fwd,0.00
1748795859.16,0.55,15.02,303.97,0.99,Fwd,0.00
1748795859.16,0.55,15.15,303.97,0.99,Fwd,0.00
1748795859.17,0.55,15.15,302.86,0.99,Fwd,0.00
1748795859.17,0.55,15.15,302.86,1.09,Fwd,0.00
1748795859.17,0.55,15.15,302.86,1.09,Fwd,0.00
1748795859.17,0.55,15.15,302.86,1.09,Fwd,0.00
1748795859.20,0.55,15.15,302.86,1.09,Fwd,0.00
1748795859.23,0.55,15.15,302.86,1.09,Fwd,0.00
1748795859.24,0.32,15.15,302.86,1.09,Fwd,0.00
1748795859.24,0.32,14.30,302.86,1.09,Fwd,0.00
1748795859.24,0.32,14.30,301.55,1.09,Fwd,0.00
1748795859.24,0.32,14.30,301.55,0.92,Fwd,0.00
1748795859.24,0.32,14.30,301.55,0.92,Fwd,0.00
1748795859.27,0.32,14.30,301.55,0.92,Fwd,0.00
1748795859.30,0.32,14.30,301.55,0.92,Fwd,0.00
1748795859.34,0.32,14.30,301.55,0.92,Fwd,0.00
1748795859.37,0.15,14.30,301.55,0.92,Fwd,0.00
1748795859.37,0.15,13.14,301.55,0.92,Fwd,0.00
1748795859.37,0.15,13.14,300.12,0.92,Fwd,0.00
1748795859.37,0.15,13.14,300.12,0.99,Fwd,0.00
1748795859.38,0.15,13.14,300.12,0.99,Fwd,0.00
1748795859.38,0.15,13.14,300.12,0.99,Fwd,0.00
1748795859.38,0.15,13.14,300.12,0.99,Fwd,0.00
1748795859.38,0.15,13.14,300.12,0.99,Fwd,0.00
1748795859.38,0.07,13.14,300.12,0.99,Fwd,0.00
1748795859.38,0.07,12.48,300.12,0.99,Fwd,0.00
1748795859.41,0.07,12.48,298.69,0.99,Fwd,0.00
1748795859.41,0.07,12.48,298.69,0.83,Fwd,0.00
1748795859.41,0.07,12.48,298.69,0.83,Fwd,0.00
1748795859.41,0.07,12.48,298.69,0.83,Fwd,0.00
1748795859.41,0.07,12.48,298.69,0.83,Fwd,0.00
1748795859.41,0.07,12.48,298.69,0.83,Fwd,0.00
1748795859.41,0.02,12.48,298.69,0.83,Fwd,0.00
1748795859.41,0.02,12.24,298.69,0.83,Fwd,0.00
1748795859.41,0.02,12.24,297.31,0.83,Fwd,0.00
1748795859.41,0.02,12.24,297.31,0.98,Fwd,0.00
1748795859.41,0.02,12.24,297.31,0.98,Fwd,0.00
1748795859.41,0.02,12.24,297.31,0.98,Fwd,0.00
1748795859.41,0.02,12.24,297.31,0.98,Fwd,0.00
1748795859.42,-0.11,12.24,297.31,0.98,Fwd,0.00
1748795859.42,-0.11,12.97,297.31,0.98,Fwd,0.00
1748795859.42,-0.11,12.97,294.63,0.98,Fwd,0.00
1748795859.42,-0.11,12.97,294.63,0.98,Fwd,0.00
1748795859.42,-0.11,12.97,294.63,0.98,Fwd,0.00
1748795859.42,-0.11,12.97,294.63,0.98,Fwd,0.00
1748795859.42,-0.11,12.97,294.63,0.98,Fwd,0.00
1748795859.51,-0.11,12.97,294.63,0.98,Fwd,0.00
1748795859.58,-0.30,12.97,294.63,0.98,Fwd,0.00
1748795859.62,-0.30,14.24,294.63,0.98,Fwd,0.00
1748795859.62,-0.30,14.24,293.12,0.98,Fwd,0.00
1748795859.62,-0.30,14.24,293.12,0.94,Fwd,0.00
1748795859.62,-0.30,14.24,293.12,0.94,Fwd,0.00
1748795859.63,-0.30,14.24,293.12,0.94,Fwd,0.00
1748795859.63,-0.30,14.24,293.12,0.94,Fwd,0.00
1748795859.63,-0.30,14.24,293.12,0.94,Fwd,1.75
1748795859.63,-0.40,14.24,293.12,0.94,Fwd,1.75
1748795859.63,-0.40,15.92,293.12,0.94,Fwd,1.75
1748795859.63,-0.40,15.92,291.47,0.94,Fwd,1.75
1748795859.63,-0.40,15.92,291.47,0.96,Fwd,1.75
1748795859.63,-0.40,15.92,291.47,0.96,Fwd,1.75
1748795859.63,-0.40,15.92,291.47,0.96,Fwd,1.75
1748795859.72,-0.40,15.92,291.47,0.96,Fwd,1.75
1748795859.76,-0.23,15.92,291.47,0.96,Fwd,1.75
1748795859.79,-0.23,16.91,291.47,0.96,Fwd,1.75
1748795859.83,-0.23,16.91,289.94,0.96,Fwd,1.75
1748795859.83,-0.23,16.91,289.94,0.99,Fwd,1.75
1748795859.83,-0.23,16.91,289.94,0.99,Fwd,1.75
1748795859.83,-0.23,16.91,289.94,0.99,Fwd,1.75
1748795859.83,-0.23,16.91,289.94,0.99,Fwd,1.75
1748795859.83,-0.23,16.91,289.94,0.99,Fwd,1.75
1748795859.83,-0.09,16.91,289.94,0.99,Fwd,1.75
1748795859.83,-0.09,17.29,289.94,0.99,Fwd,1.75
1748795859.83,-0.09,17.29,288.39,0.99,Fwd,1.75
1748795859.83,-0.09,17.29,288.39,0.97,Fwd,1.75
1748795859.83,-0.09,17.29,288.39,0.97,Fwd,1.75
1748795859.83,-0.09,17.29,288.39,0.97,Fwd,1.75
1748795859.83,-0.09,17.29,288.39,0.97,Fwd,1.75
1748795859.90,-0.09,17.29,288.39,0.97,Fwd,1.75
1748795859.90,-0.04,17.29,288.39,0.97,Fwd,1.75
1748795859.90,-0.04,17.43,288.39,0.97,Fwd,1.75
1748795859.90,-0.04,17.43,286.75,0.97,Fwd,1.75
1748795859.90,-0.04,17.43,286.75,1.00,Fwd,1.75
1748795859.90,-0.04,17.43,286.75,1.00,Fwd,1.75
1748795859.90,-0.04,17.43,286.75,1.00,Fwd,1.75
1748795859.90,-0.04,17.43,286.75,1.00,Fwd,1.75
1748795860.00,-0.04,17.43,286.75,1.00,Fwd,1.75
1748795860.04,-0.01,17.43,286.75,1.00,Fwd,1.75
1748795860.08,-0.01,17.82,286.75,1.00,Fwd,1.75
1748795860.08,-0.01,17.82,285.06,1.00,Fwd,1.75
1748795860.08,-0.01,17.82,285.06,0.95,Fwd,1.75
1748795860.08,-0.01,17.82,285.06,0.95,Fwd,1.75
1748795860.08,-0.01,17.82,285.06,0.95,Fwd,1.75
1748795860.08,-0.01,17.82,285.06,0.95,Fwd,1.75
1748795860.11,-0.01,17.82,285.06,0.95,Fwd,1.75
1748795860.11,-0.12,17.82,285.06,0.95,Fwd,1.75
1748795860.11,-0.12,17.97,285.06,0.95,Fwd,1.75
1748795860.11,-0.12,17.97,283.30,0.95,Fwd,1.75
1748795860.11,-0.12,17.97,283.30,1.03,Fwd,1.75
1748795860.11,-0.12,17.97,283.30,1.03,Fwd,1.75
1748795860.11,-0.12,17.97,283.30,1.03,Fwd,1.75
1748795860.11,-0.12,17.97,283.30,1.03,Fwd,1.75
1748795860.21,-0.12,17.97,283.30,1.03,Fwd,1.75
1748795860.22,-0.17,17.97,283.30,1.03,Fwd,1.75
1748795860.22,-0.17,17.99,283.30,1.03,Fwd,1.75
1748795860.22,-0.17,17.99,281.78,1.03,Fwd,1.75
1748795860.22,-0.17,17.99,281.78,1.03,Fwd,1.75
1748795860.22,-0.17,17.99,281.78,1.03,Fwd,1.75
1748795860.22,-0.17,17.99,281.78,1.03,Fwd,1.75
1748795860.22,-0.17,17.99,281.78,1.03,Fwd,1.75
1748795860.32,-0.17,17.99,281.78,1.03,Fwd,1.75
1748795860.35,-0.09,17.99,281.78,1.03,Fwd,1.75
1748795860.39,-0.09,17.86,281.78,1.03,Fwd,1.75
1748795860.42,-0.09,17.86,280.51,1.03,Fwd,1.75
1748795860.42,-0.09,17.86,280.51,0.91,Fwd,1.75
1748795860.43,-0.09,17.86,280.51,0.91,Fwd,1.75
1748795860.43,-0.09,17.86,280.51,0.91,Fwd,1.75
1748795860.43,-0.09,17.86,280.51,0.91,Fwd,1.75
1748795860.43,-0.09,17.86,280.51,0.91,Fwd,1.75
1748795860.43,-0.20,17.86,280.51,0.91,Fwd,1.75
1748795860.43,-0.20,17.82,280.51,0.91,Fwd,1.75
1748795860.43,-0.20,17.82,279.31,0.91,Fwd,1.75
1748795860.43,-0.20,17.82,279.31,0.99,Fwd,1.75
1748795860.43,-0.20,17.82,279.31,0.99,Fwd,1.75
1748795860.43,-0.20,17.82,279.31,0.99,Fwd,1.75
1748795860.43,-0.20,17.82,279.31,0.99,Fwd,1.75
1748795860.50,-0.20,17.82,279.31,0.99,Fwd,1.75
1748795860.50,-0.29,17.82,279.31,0.99,Fwd,1.75
1748795860.50,-0.29,18.41,279.31,0.99,Fwd,1.75
1748795860.50,-0.29,18.41,278.25,0.99,Fwd,1.75
1748795860.50,-0.29,18.41,278.25,0.96,Fwd,1.75
1748795860.50,-0.29,18.41,278.25,0.96,Fwd,1.75
1748795860.50,-0.29,18.41,278.25,0.96,Fwd,1.75
1748795860.50,-0.29,18.41,278.25,0.96,Fwd,1.75
1748795860.60,-0.29,18.41,278.25,0.96,Fwd,1.75
1748795860.60,-0.36,18.41,278.25,0.96,Fwd,1.75
1748795860.60,-0.36,18.76,278.25,0.96,Fwd,1.75
1748795860.61,-0.36,18.76,277.16,0.96,Fwd,1.75
1748795860.61,-0.36,18.76,277.16,0.99,Fwd,1.75
1748795860.61,-0.36,18.76,277.16,0.99,Fwd,1.75
1748795860.61,-0.36,18.76,277.16,0.99,Fwd,1.75
1748795860.61,-0.36,18.76,277.16,0.99,Fwd,1.75
1748795860.71,-0.36,18.76,277.16,0.99,Fwd,1.75
1748795860.71,-0.42,18.76,277.16,0.99,Fwd,1.75
1748795860.71,-0.42,19.80,277.16,0.99,Fwd,1.75
1748795860.72,-0.42,19.80,275.76,0.99,Fwd,1.75
1748795860.72,-0.42,19.80,275.76,0.98,Fwd,1.75
1748795860.72,-0.42,19.80,275.76,0.98,Fwd,1.75
1748795860.72,-0.42,19.80,275.76,0.98,Fwd,1.75
1748795860.72,-0.42,19.80,275.76,0.98,Fwd,1.75
1748795860.85,-0.42,19.80,275.76,0.98,Fwd,3.21
1748795860.88,-0.52,19.80,275.76,0.98,Fwd,3.21
1748795860.88,-0.52,21.32,275.76,0.98,Fwd,3.21
1748795860.88,-0.52,21.32,274.23,0.98,Fwd,3.21
1748795860.88,-0.52,21.32,274.23,1.07,Fwd,3.21
1748795860.89,-0.52,21.32,274.23,1.07,Fwd,3.21
1748795860.89,-0.52,21.32,274.23,1.07,Fwd,3.21
1748795860.89,-0.52,21.32,274.23,1.07,Fwd,3.21
1748795860.92,-0.52,21.32,274.23,1.07,Fwd,3.21
1748795860.92,-0.55,21.32,274.23,1.07,Fwd,3.21
1748795860.92,-0.55,22.05,274.23,1.07,Fwd,3.21
1748795860.92,-0.55,22.05,272.41,1.07,Fwd,3.21
1748795860.92,-0.55,22.05,272.41,1.07,Fwd,3.21
1748795860.92,-0.55,22.05,272.41,1.07,Fwd,3.21
1748795860.92,-0.55,22.05,272.41,1.07,Fwd,3.21
1748795860.92,-0.55,22.05,272.41,1.07,Fwd,3.21
1748795861.02,-0.55,22.05,272.41,1.07,Fwd,3.21
1748795861.02,-0.60,22.05,272.41,1.07,Fwd,3.21
1748795861.02,-0.60,22.30,272.41,1.07,Fwd,3.21
1748795861.02,-0.60,22.30,270.03,1.07,Fwd,3.21
1748795861.02,-0.60,22.30,270.03,0.97,Fwd,3.21
1748795861.03,-0.60,22.30,270.03,0.97,Fwd,3.21
1748795861.03,-0.60,22.30,270.03,0.97,Fwd,3.21
1748795861.03,-0.60,22.30,270.03,0.97,Fwd,3.21
1748795861.12,-0.60,22.30,270.03,0.97,Fwd,3.21
1748795861.12,-0.58,22.30,270.03,0.97,Fwd,3.21
1748795861.13,-0.58,21.62,270.03,0.97,Fwd,3.21
1748795861.13,-0.58,21.62,267.29,0.97,Fwd,3.21
1748795861.16,-0.58,21.62,267.29,0.99,Fwd,3.21
1748795861.16,-0.58,21.62,267.29,0.99,Fwd,3.21
1748795861.16,-0.58,21.62,267.29,0.99,Fwd,3.21
1748795861.16,-0.58,21.62,267.29,0.99,Fwd,3.21
1748795861.20,-0.58,21.62,267.29,0.99,Fwd,3.21
1748795861.20,-0.56,21.62,267.29,0.99,Fwd,3.21
1748795861.20,-0.56,20.72,267.29,0.99,Fwd,3.21
1748795861.21,-0.56,20.72,264.52,0.99,Fwd,3.21
1748795861.21,-0.56,20.72,264.52,1.01,Fwd,3.21
1748795861.21,-0.56,20.72,264.52,1.01,Fwd,3.21
1748795861.21,-0.56,20.72,264.52,1.01,Fwd,3.21
1748795861.22,-0.56,20.72,264.52,1.01,Fwd,3.21
1748795861.30,-0.56,20.72,264.52,1.01,Fwd,3.21
1748795861.30,-0.62,20.72,264.52,1.01,Fwd,3.21
1748795861.31,-0.62,19.07,264.52,1.01,Fwd,3.21
1748795861.31,-0.62,19.07,261.99,1.01,Fwd,3.21
1748795861.31,-0.62,19.07,261.99,1.01,Fwd,3.21
1748795861.31,-0.62,19.07,261.99,1.01,Fwd,3.21
1748795861.37,-0.62,19.07,261.99,1.01,Fwd,3.21
1748795861.37,-0.62,19.07,261.99,1.01,Fwd,3.21
1748795861.41,-0.62,19.07,261.99,1.01,Fwd,3.21
1748795861.41,-0.69,19.07,261.99,1.01,Fwd,3.21
1748795861.41,-0.69,17.31,261.99,1.01,Fwd,3.21
1748795861.41,-0.69,17.31,259.46,1.01,Fwd,3.21
1748795861.41,-0.69,17.31,259.46,1.02,Fwd,3.21
1748795861.41,-0.69,17.31,259.46,1.02,Fwd,3.21
1748795861.41,-0.69,17.31,259.46,1.02,Fwd,3.21
1748795861.41,-0.69,17.31,259.46,1.02,Fwd,3.21
1748795861.51,-0.69,17.31,259.46,1.02,Fwd,3.21
1748795861.51,-0.89,17.31,259.46,1.02,Fwd,3.21
1748795861.51,-0.89,16.08,259.46,1.02,Fwd,3.21
1748795861.52,-0.89,16.08,257.02,1.02,Fwd,3.21
1748795861.52,-0.89,16.08,257.02,1.02,Fwd,3.21
1748795861.52,-0.89,16.08,257.02,1.02,Fwd,3.21
1748795861.52,-0.89,16.08,257.02,1.02,Fwd,3.21
1748795861.52,-0.89,16.08,257.02,1.02,Fwd,3.21
1748795861.62,-0.89,16.08,257.02,1.02,Fwd,3.21
1748795861.62,-0.94,16.08,257.02,1.02,Fwd,3.21
1748795861.62,-0.94,14.89,257.02,1.02,Fwd,3.21
1748795861.62,-0.94,14.89,254.76,1.02,Fwd,3.21
1748795861.62,-0.94,14.89,254.76,0.99,Fwd,3.21
1748795861.62,-0.94,14.89,254.76,0.99,Fwd,3.21
1748795861.62,-0.94,14.89,254.76,0.99,Fwd,3.21
1748795861.63,-0.94,14.89,254.76,0.99,Fwd,3.21
1748795861.72,-0.94,14.89,254.76,0.99,Fwd,3.21
1748795861.76,-1.29,14.89,254.76,0.99,Fwd,3.21
1748795861.76,-1.29,14.10,254.76,0.99,Fwd,3.21
1748795861.76,-1.29,14.10,252.51,0.99,Fwd,3.21
1748795861.76,-1.29,14.10,252.51,0.97,Fwd,3.21
1748795861.76,-1.29,14.10,252.51,0.97,Fwd,3.21
1748795861.76,-1.29,14.10,252.51,0.97,Fwd,3.21
1748795861.76,-1.29,14.10,252.51,0.97,Fwd,3.21
1748795861.86,-1.29,14.10,252.51,0.97,Fwd,3.21
1748795861.86,-1.59,14.10,252.51,0.97,Fwd,3.21
1748795861.86,-1.59,13.92,252.51,0.97,Fwd,3.21
1748795861.87,-1.59,13.92,250.09,0.97,Fwd,3.21
1748795861.87,-1.59,13.92,250.09,0.91,Fwd,3.21
1748795861.87,-1.59,13.92,250.09,0.91,Fwd,3.21
1748795861.87,-1.59,13.92,250.09,0.91,Fwd,3.21
1748795861.87,-1.59,13.92,250.09,0.91,Fwd,3.21
1748795861.93,-1.59,13.92,250.09,0.91,Fwd,3.16
1748795861.94,-2.17,13.92,250.09,0.91,Fwd,3.16
1748795861.94,-2.17,14.60,250.09,0.91,Fwd,3.16
1748795861.94,-2.17,14.60,247.32,0.91,Fwd,3.16
1748795861.94,-2.17,14.60,247.32,1.00,Fwd,3.16
1748795861.94,-2.17,14.60,247.32,1.00,Fwd,3.16
1748795861.94,-2.17,14.60,247.32,1.00,Fwd,3.16
1748795861.94,-2.17,14.60,247.32,1.00,Fwd,3.16
1748795862.03,-2.17,14.60,247.32,1.00,Fwd,3.16
1748795862.07,-2.42,14.60,247.32,1.00,Fwd,3.16
1748795862.10,-2.42,15.39,247.32,1.00,Fwd,3.16
1748795862.10,-2.42,15.39,244.58,1.00,Fwd,3.16
1748795862.10,-2.42,15.39,244.58,1.03,Fwd,3.16
1748795862.10,-2.42,15.39,244.58,1.03,Fwd,3.16
1748795862.10,-2.42,15.39,244.58,1.03,Fwd,3.16
1748795862.14,-2.42,15.39,244.58,1.03,Fwd,3.16
1748795862.14,-2.42,15.39,244.58,1.03,Fwd,3.16
1748795862.14,-2.86,15.39,244.58,1.03,Fwd,3.16
1748795862.14,-2.86,15.70,244.58,1.03,Fwd,3.16
1748795862.14,-2.86,15.70,242.00,1.03,Fwd,3.16
1748795862.14,-2.86,15.70,242.00,1.00,Fwd,3.16
1748795862.14,-2.86,15.70,242.00,1.00,Fwd,3.16
1748795862.14,-2.86,15.70,242.00,1.00,Fwd,3.16
1748795862.14,-2.86,15.70,242.00,1.00,Fwd,3.16
1748795862.21,-2.86,15.70,242.00,1.00,Fwd,3.16
1748795862.21,-3.02,15.70,242.00,1.00,Fwd,3.16
1748795862.21,-3.02,15.74,242.00,1.00,Fwd,3.16
1748795862.21,-3.02,15.74,239.97,1.00,Fwd,3.16
1748795862.21,-3.02,15.74,239.97,1.04,Fwd,3.16
1748795862.21,-3.02,15.74,239.97,1.04,Fwd,3.16
1748795862.21,-3.02,15.74,239.97,1.04,Fwd,3.16
1748795862.21,-3.02,15.74,239.97,1.04,Fwd,3.16
1748795862.32,-3.02,15.74,239.97,1.04,Fwd,3.16
1748795862.32,-3.11,15.74,239.97,1.04,Fwd,3.16
1748795862.32,-3.11,15.71,239.97,1.04,Fwd,3.16
1748795862.32,-3.11,15.71,238.26,1.04,Fwd,3.16
1748795862.32,-3.11,15.71,238.26,1.10,Fwd,3.16
1748795862.32,-3.11,15.71,238.26,1.10,Fwd,3.16
1748795862.32,-3.11,15.71,238.26,1.10,Fwd,3.16
1748795862.32,-3.11,15.71,238.26,1.10,Fwd,3.16