1748795550.71,-3.74,-4.65,272.39,0.93,Fwd,8.05
1748795550.74,-3.39,-4.65,272.39,0.93,Fwd,8.05
1748795550.78,-3.39,-4.81,272.39,0.93,Fwd,8.05
1748795550.82,-3.39,-4.81,274.79,0.93,Fwd,8.05
1748795550.82,-3.39,-4.81,274.79,1.03,Fwd,8.05
1748795550.82,-3.39,-4.81,274.79,1.03,Fwd,8.05
1748795550.82,-3.39,-4.81,274.79,1.03,Fwd,8.05
1748795550.82,-3.39,-4.81,274.79,1.03,Fwd,8.05
1748795550.82,-3.39,-4.81,274.79,1.03,Fwd,8.05
1748795550.82,-2.96,-4.81,274.79,1.03,Fwd,8.05
1748795550.83,-2.96,-4.39,274.79,1.03,Fwd,8.05
1748795550.83,-2.96,-4.39,276.05,1.03,Fwd,8.05
1748795550.92,-2.96,-4.39,276.05,1.03,Fwd,8.05
1748795550.92,-2.46,-4.39,276.05,1.03,Fwd,8.05
1748795550.92,-2.46,-3.33,276.05,1.03,Fwd,8.05
1748795550.92,-2.46,-3.33,276.23,1.03,Fwd,8.05
1748795550.93,-2.46,-3.33,276.23,1.02,Fwd,8.05
1748795550.93,-2.46,-3.33,276.23,1.02,Fwd,8.05
1748795550.93,-2.46,-3.33,276.23,1.02,Fwd,8.05
1748795550.93,-2.46,-3.33,276.23,1.02,Fwd,8.05
1748795551.02,-2.46,-3.33,276.23,1.02,Fwd,8.05
1748795551.06,-2.02,-3.33,276.23,1.02,Fwd,8.05
1748795551.09,-2.02,-1.85,276.23,1.02,Fwd,8.05
1748795551.09,-2.02,-1.85,275.75,1.02,Fwd,8.05
1748795551.09,-2.02,-1.85,275.75,0.97,Fwd,8.05
1748795551.09,-2.02,-1.85,275.75,0.97,Fwd,8.05
1748795551.09,-2.02,-1.85,275.75,0.97,Fwd,8.05
1748795551.09,-2.02,-1.85,275.75,0.97,Fwd,8.05
1748795551.10,-2.02,-1.85,275.75,0.97,Fwd,8.05
1748795551.10,-1.72,-1.85,275.75,0.97,Fwd,8.05
1748795551.10,-1.72,-0.30,275.75,0.97,Fwd,8.05
1748795551.10,-1.72,-0.30,274.98,0.97,Fwd,8.05
1748795551.10,-1.72,-0.30,274.98,0.90,Fwd,8.05
1748795551.10,-1.72,-0.30,274.98,0.90,Fwd,8.05
1748795551.10,-1.72,-0.30,274.98,0.90,Fwd,8.05
1748795551.10,-1.72,-0.30,274.98,0.90,Fwd,8.05
1748795551.20,-1.72,-0.30,274.98,0.90,Fwd,7.17
1748795551.20,-1.49,-0.30,274.98,0.90,Fwd,7.17
1748795551.20,-1.49,1.54,274.98,0.90,Fwd,7.17
1748795551.20,-1.49,1.54,274.39,0.90,Fwd,7.17
1748795551.20,-1.49,1.54,274.39,0.97,Fwd,7.17
1748795551.20,-1.49,1.54,274.39,0.97,Fwd,7.17
1748795551.20,-1.49,1.54,274.39,0.97,Fwd,7.17
1748795551.20,-1.49,1.54,274.39,0.97,Fwd,7.17
1748795551.30,-1.49,1.54,274.39,0.97,Fwd,7.17
1748795551.30,-1.29,1.54,274.39,0.97,Fwd,7.17
1748795551.30,-1.29,3.47,274.39,0.97,Fwd,7.17
1748795551.30,-1.29,3.47,274.34,0.97,Fwd,7.17
1748795551.30,-1.29,3.47,274.34,0.96,Fwd,7.17
1748795551.30,-1.29,3.47,274.34,0.96,Fwd,7.17
1748795551.31,-1.29,3.47,274.34,0.96,Fwd,7.17
1748795551.31,-1.29,3.47,274.34,0.96,Fwd,7.17
1748795551.41,-1.29,3.47,274.34,0.96,Fwd,7.17
1748795551.41,-1.12,3.47,274.34,0.96,Fwd,7.17
1748795551.41,-1.12,5.15,274.34,0.96,Fwd,7.17
1748795551.41,-1.12,5.15,275.13,0.96,Fwd,7.17
1748795551.41,-1.12,5.15,275.13,0.94,Fwd,7.17
1748795551.41,-1.12,5.15,275.13,0.94,Fwd,7.17
1748795551.41,-1.12,5.15,275.13,0.94,Fwd,7.17
1748795551.41,-1.12,5.15,275.13,0.94,Fwd,7.17
1748795551.51,-1.12,5.15,275.13,0.94,Fwd,7.17
1748795551.51,-0.95,5.15,275.13,0.94,Fwd,7.17
1748795551.51,-0.95,5.79,275.13,0.94,Fwd,7.17
1748795551.51,-0.95,5.79,277.19,0.94,Fwd,7.17
1748795551.51,-0.95,5.79,277.19,0.97,Fwd,7.17
1748795551.51,-0.95,5.79,277.19,0.97,Fwd,7.17
1748795551.52,-0.95,5.79,277.19,0.97,Fwd,7.17
1748795551.52,-0.95,5.79,277.19,0.97,Fwd,7.17
1748795551.62,-0.95,5.79,277.19,0.97,Fwd,7.17
1748795551.62,-1.01,5.79,277.19,0.97,Fwd,7.17
1748795551.62,-1.01,5.49,277.19,0.97,Fwd,7.17
1748795551.62,-1.01,5.49,280.83,0.97,Fwd,7.17
1748795551.62,-1.01,5.49,280.83,1.06,Fwd,7.17
1748795551.62,-1.01,5.49,280.83,1.06,Fwd,7.17
1748795551.66,-1.01,5.49,280.83,1.06,Fwd,7.17
1748795551.69,-1.01,5.49,280.83,1.06,Fwd,7.17
1748795551.73,-1.01,5.49,280.83,1.06,Fwd,7.39
1748795551.73,-0.89,5.49,280.83,1.06,Fwd,7.39
1748795551.73,-0.89,3.71,280.83,1.06,Fwd,7.39
1748795551.73,-0.89,3.71,286.50,1.06,Fwd,7.39
1748795551.73,-0.89,3.71,286.50,1.05,Fwd,7.39
1748795551.73,-0.89,3.71,286.50,1.05,Fwd,7.39
1748795551.74,-0.89,3.71,286.50,1.05,Fwd,7.39
1748795551.74,-0.89,3.71,286.50,1.05,Fwd,7.39
1748795551.80,-0.89,3.71,286.50,1.05,Fwd,7.39
1748795551.83,-0.41,3.71,286.50,1.05,Fwd,7.39
1748795551.83,-0.41,1.13,286.50,1.05,Fwd,7.39
1748795551.83,-0.41,1.13,293.69,1.05,Fwd,7.39
1748795551.84,-0.41,1.13,293.69,0.92,Fwd,7.39
1748795551.84,-0.41,1.13,293.69,0.92,Fwd,7.39
1748795551.84,-0.41,1.13,293.69,0.92,Fwd,7.39
1748795551.84,-0.41,1.13,293.69,0.92,Fwd,7.39
1748795551.90,-0.41,1.13,293.69,0.92,Fwd,7.39
1748795551.91,0.04,1.13,293.69,0.92,Fwd,7.39
1748795551.91,0.04,-1.85,293.69,0.92,Fwd,7.39
1748795551.91,0.04,-1.85,301.26,0.92,Fwd,7.39
1748795551.91,0.04,-1.85,301.26,0.93,Fwd,7.39
1748795551.91,0.04,-1.85,301.26,0.93,Fwd,7.39
1748795551.91,0.04,-1.85,301.26,0.93,Fwd,7.39
1748795551.91,0.04,-1.85,301.26,0.93,Fwd,7.39
1748795552.01,0.04,-1.85,301.26,0.93,Fwd,7.39
1748795552.01,0.45,-1.85,301.26,0.93,Fwd,7.39
1748795552.01,0.45,-4.98,301.26,0.93,Fwd,7.39
1748795552.02,0.45,-4.98,307.87,0.93,Fwd,7.39
1748795552.02,0.45,-4.98,307.87,1.00,Fwd,7.39
1748795552.02,0.45,-4.98,307.87,1.00,Fwd,7.39
1748795552.02,0.45,-4.98,307.87,1.00,Fwd,7.39
1748795552.02,0.45,-4.98,307.87,1.00,Fwd,7.39
1748795552.11,0.45,-4.98,307.87,1.00,Fwd,7.39
1748795552.12,-0.79,-4.98,307.87,1.00,Fwd,7.39
1748795552.12,-0.79,-7.73,307.87,1.00,Fwd,7.39
1748795552.12,-0.79,-7.73,312.69,1.00,Fwd,7.39
1748795552.12,-0.79,-7.73,312.69,0.84,Fwd,7.39
1748795552.12,-0.79,-7.73,312.69,0.84,Fwd,7.39
1748795552.14,-0.79,-7.73,312.69,0.84,Fwd,7.39
1748795552.14,-0.79,-7.73,312.69,0.84,Fwd,7.39
1748795552.22,-0.79,-7.73,312.69,0.84,Fwd,7.39
1748795552.22,-1.67,-7.73,312.69,0.84,Fwd,7.39
1748795552.22,-1.67,-8.00,312.69,0.84,Fwd,7.39
1748795552.22,-1.67,-8.00,317.30,0.84,Fwd,7.39
1748795552.22,-1.67,-8.00,317.30,1.09,Fwd,7.39
1748795552.23,-1.67,-8.00,317.30,1.09,Fwd,7.39
1748795552.23,-1.67,-8.00,317.30,1.09,Fwd,7.39
1748795552.23,-1.67,-8.00,317.30,1.09,Fwd,7.39
1748795552.32,-1.67,-8.00,317.30,1.09,Fwd,7.05
1748795552.36,-1.44,-8.00,317.30,1.09,Fwd,7.05
1748795552.39,-1.44,-6.35,317.30,1.09,Fwd,7.05
1748795552.42,-1.44,-6.35,318.77,1.09,Fwd,7.05
1748795552.46,-1.44,-6.35,318.77,0.93,Fwd,7.05
1748795552.49,-1.44,-6.35,318.77,0.93,Fwd,7.05
1748795552.53,-1.44,-6.35,318.77,0.93,Fwd,7.05
1748795552.56,-1.44,-6.35,318.77,0.93,Fwd,7.05
1748795552.60,-1.44,-6.35,318.77,0.93,Fwd,7.05
1748795552.63,-1.56,-6.35,318.77,0.93,Fwd,7.05
1748795552.67,-1.56,-4.58,318.77,0.93,Fwd,7.05
1748795552.71,-1.56,-4.58,318.90,0.93,Fwd,7.05
1748795552.74,-1.56,-4.58,318.90,1.00,Fwd,7.05
1748795552.78,-1.56,-4.58,318.90,1.00,Fwd,7.05
1748795552.78,-1.56,-4.58,318.90,1.00,Fwd,7.05
1748795552.78,-1.56,-4.58,318.90,1.00,Fwd,7.05
1748795552.78,-1.56,-4.58,318.90,1.00,Fwd,7.05
1748795552.78,-1.97,-4.58,318.90,1.00,Fwd,7.05
1748795552.78,-1.97,-3.50,318.90,1.00,Fwd,7.05
1748795552.81,-1.97,-3.50,318.72,1.00,Fwd,7.05
1748795552.85,-1.97,-3.50,318.72,1.00,Fwd,7.05
1748795552.85,-1.97,-3.50,318.72,1.00,Fwd,7.05
1748795552.85,-1.97,-3.50,318.72,1.00,Fwd,7.05
1748795552.86,-1.97,-3.50,318.72,1.00,Fwd,7.05
1748795552.86,-1.97,-3.50,318.72,1.00,Fwd,7.05
1748795552.86,-1.74,-3.50,318.72,1.00,Fwd,7.05
1748795552.88,-1.74,-3.47,318.72,1.00,Fwd,7.05
1748795552.91,-1.74,-3.47,319.14,1.00,Fwd,7.05
1748795552.95,-1.74,-3.47,319.14,1.02,Fwd,7.05
1748795552.98,-1.74,-3.47,319.14,1.02,Fwd,7.05
1748795553.02,-1.74,-3.47,319.14,1.02,Fwd,7.05
1748795553.02,-1.74,-3.47,319.14,1.02,Fwd,7.05
1748795553.02,-1.74,-3.47,319.14,1.02,Fwd,7.05
1748795553.02,-1.26,-3.47,319.14,1.02,Fwd,7.05
1748795553.03,-1.26,-3.03,319.14,1.02,Fwd,7.05
1748795553.03,-1.26,-3.03,319.15,1.02,Fwd,7.05
1748795553.05,-1.26,-3.03,319.15,1.06,Fwd,7.05
1748795553.09,-1.26,-3.03,319.15,1.06,Fwd,7.05
1748795553.12,-1.26,-3.03,319.15,1.06,Fwd,7.05
1748795553.13,-1.26,-3.03,319.15,1.06,Fwd,7.05
1748795553.13,-1.26,-3.03,319.15,1.06,Fwd,7.11
1748795553.13,-0.70,-3.03,319.15,1.06,Fwd,7.11
1748795553.13,-0.70,-1.94,319.15,1.06,Fwd,7.11
1748795553.13,-0.70,-1.94,318.52,1.06,Fwd,7.11
1748795553.16,-0.70,-1.94,318.52,1.02,Fwd,7.11
1748795553.19,-0.70,-1.94,318.52,1.02,Fwd,7.11
1748795553.23,-0.70,-1.94,318.52,1.02,Fwd,7.11
1748795553.26,-0.70,-1.94,318.52,1.02,Fwd,7.11
1748795553.30,-0.70,-1.94,318.52,1.02,Fwd,7.11
1748795553.33,0.56,-1.94,318.52,1.02,Fwd,7.11
1748795553.37,0.56,-1.09,318.52,1.02,Fwd,7.11
1748795553.41,0.56,-1.09,317.77,1.02,Fwd,7.11
1748795553.41,0.56,-1.09,317.77,0.93,Fwd,7.11
1748795553.41,0.56,-1.09,317.77,0.93,Fwd,7.11
1748795553.42,0.56,-1.09,317.77,0.93,Fwd,7.11
1748795553.42,0.56,-1.09,317.77,0.93,Fwd,7.11
1748795553.42,0.56,-1.09,317.77,0.93,Fwd,7.11
1748795553.42,15.00,-1.09,317.77,0.93,Fwd,7.11
1748795553.42,15.00,-1.34,317.77,0.93,Fwd,7.11
1748795553.42,15.00,-1.34,315.27,0.93,Fwd,7.11
1748795553.42,15.00,-1.34,315.27,0.78,Fwd,7.11
1748795553.42,15.00,-1.34,315.27,0.78,Fwd,7.11
1748795553.42,15.00,-1.34,315.27,0.78,Fwd,7.11
1748795553.42,15.00,-1.34,315.27,0.78,Fwd,7.11
1748795553.42,15.00,-1.34,315.27,1.67,Fwd,7.11
1748795553.51,15.00,-1.34,315.27,1.67,Fwd,7.11
1748795553.51,21.48,-1.34,315.27,1.67,Fwd,7.11
1748795553.51,21.48,-0.12,315.27,1.67,Fwd,7.11
1748795553.52,21.48,-0.12,314.80,1.67,Fwd,7.11
1748795553.52,21.48,-0.12,314.80,0.85,Fwd,7.11
1748795553.52,21.48,-0.12,314.80,0.85,Fwd,7.11
1748795553.52,21.48,-0.12,314.80,0.85,Fwd,7.11
1748795553.52,21.48,-0.12,314.80,0.85,Fwd,7.11
1748795553.61,21.48,-0.12,314.80,0.85,Fwd,7.11
1748795553.65,26.83,-0.12,314.80,0.85,Fwd,7.11
1748795553.65,26.83,0.44,314.80,0.85,Fwd,7.11
1748795553.66,26.83,0.44,314.95,0.85,Fwd,7.11
1748795553.66,26.83,0.44,314.95,0.30,Fwd,7.11
1748795553.66,26.83,0.44,314.95,0.30,Fwd,7.11
1748795553.66,26.83,0.44,314.95,0.30,Fwd,7.11
1748795553.66,26.83,0.44,314.95,0.30,Fwd,7.11
1748795553.72,26.83,0.44,314.95,0.30,Fwd,7.11
1748795553.72,33.03,0.44,314.95,0.30,Fwd,7.11
1748795553.72,33.03,0.77,314.95,0.30,Fwd,7.11
1748795553.72,33.03,0.77,315.09,0.30,Fwd,7.11
1748795553.72,33.03,0.77,315.09,0.55,Fwd,7.11
1748795553.72,33.03,0.77,315.09,0.55,Fwd,7.11
1748795553.73,33.03,0.77,315.09,0.55,Fwd,7.11
1748795553.73,33.03,0.77,315.09,0.55,Fwd,7.11
1748795553.82,33.03,0.77,315.09,0.55,Fwd,7.11
1748795553.86,37.89,0.77,315.09,0.55,Fwd,7.11
1748795553.86,37.89,0.53,315.09,0.55,Fwd,7.11
1748795553.87,37.89,0.53,315.29,0.55,Fwd,7.11
1748795553.87,37.89,0.53,315.29,0.95,Fwd,7.11
1748795553.87,37.89,0.53,315.29,0.95,Fwd,7.11
1748795553.87,37.89,0.53,315.29,0.95,Fwd,7.11
1748795553.87,37.89,0.53,315.29,0.95,Fwd,7.11
1748795553.89,37.89,0.53,315.29,0.95,Fwd,7.11
1748795553.90,40.91,0.53,315.29,0.95,Fwd,7.11
1748795553.90,40.91,0.52,315.29,0.95,Fwd,7.11
1748795553.90,40.91,0.52,315.44,0.95,Fwd,7.11
1748795553.90,40.91,0.52,315.44,1.18,Fwd,7.11
1748795553.90,40.91,0.52,315.44,1.18,Fwd,7.11
1748795553.90,40.91,0.52,315.44,1.18,Fwd,7.11
1748795553.90,40.91,0.52,315.44,1.18,Fwd,7.11
1748795554.00,40.91,0.52,315.44,1.18,Fwd,7.11
1748795554.01,42.49,0.52,315.44,1.18,Fwd,7.11
1748795554.01,42.49,0.41,315.44,1.18,Fwd,7.11
1748795554.01,42.49,0.41,315.54,1.18,Fwd,7.11
1748795554.01,42.49,0.41,315.54,1.16,Fwd,7.11
1748795554.01,42.49,0.41,315.54,1.16,Fwd,7.11
1748795554.03,42.49,0.41,315.54,1.16,Fwd,7.11
1748795554.03,42.49,0.41,315.54,1.16,Fwd,7.11
1748795554.10,42.49,0.41,315.54,1.16,Fwd,7.11
1748795554.10,43.83,0.41,315.54,1.16,Fwd,7.11
1748795554.10,43.83,0.03,315.54,1.16,Fwd,7.11
1748795554.11,43.83,0.03,315.43,1.16,Fwd,7.11
1748795554.11,43.83,0.03,315.43,1.02,Fwd,7.11
1748795554.11,43.83,0.03,315.43,1.02,Fwd,7.11
1748795554.11,43.83,0.03,315.43,1.02,Fwd,7.11
1748795554.11,43.83,0.03,315.43,1.02,Fwd,7.11
1748795554.21,43.83,0.03,315.43,1.02,Fwd,7.11
1748795554.21,44.75,0.03,315.43,1.02,Fwd,7.11
1748795554.21,44.75,-0.05,315.43,1.02,Fwd,7.11
1748795554.21,44.75,-0.05,315.39,1.02,Fwd,7.11
1748795554.21,44.75,-0.05,315.39,0.98,Fwd,7.11
1748795554.21,44.75,-0.05,315.39,0.98,Fwd,7.11
1748795554.21,44.75,-0.05,315.39,0.98,Fwd,7.11
1748795554.21,44.75,-0.05,315.39,0.98,Fwd,7.11
1748795554.31,44.75,-0.05,315.39,0.98,Fwd,7.11
1748795554.31,44.83,-0.05,315.39,0.98,Fwd,7.11
1748795554.31,44.83,0.08,315.39,0.98,Fwd,7.11
1748795554.32,44.83,0.08,315.24,0.98,Fwd,7.11
1748795554.32,44.83,0.08,315.24,0.95,Fwd,7.11
1748795554.32,44.83,0.08,315.24,0.95,Fwd,7.11
1748795554.32,44.83,0.08,315.24,0.95,Fwd,7.11
1748795554.32,44.83,0.08,315.24,0.95,Fwd,7.11
1748795554.42,44.83,0.08,315.24,0.95,Fwd,7.11
1748795554.42,43.73,0.08,315.24,0.95,Fwd,7.11
1748795554.42,43.73,0.21,315.24,0.95,Fwd,7.11
1748795554.45,43.73,0.21,315.24,0.95,Fwd,7.11
1748795554.49,43.73,0.21,315.24,0.93,Fwd,7.11
1748795554.52,43.73,0.21,315.24,0.93,Fwd,7.11
1748795554.52,43.73,0.21,315.24,0.93,Fwd,7.11
1748795554.53,43.73,0.21,315.24,0.93,Fwd,7.11
1748795554.53,43.73,0.21,315.24,0.93,Fwd,7.11
1748795554.53,41.06,0.21,315.24,0.93,Fwd,7.11
1748795554.53,41.06,-0.44,315.24,0.93,Fwd,7.11
1748795554.53,41.06,-0.44,315.53,0.93,Fwd,7.11
1748795554.53,41.06,-0.44,315.53,0.89,Fwd,7.11
1748795554.53,41.06,-0.44,315.53,0.89,Fwd,7.11
1748795554.53,41.06,-0.44,315.53,0.89,Fwd,7.11
1748795554.53,41.06,-0.44,315.53,0.89,Fwd,7.11
1748795554.59,41.06,-0.44,315.53,0.89,Fwd,7.11
1748795554.59,37.15,-0.44,315.53,0.89,Fwd,7.11
1748795554.59,37.15,-1.12,315.53,0.89,Fwd,7.11
1748795554.59,37.15,-1.12,315.97,0.89,Fwd,7.11
1748795554.59,37.15,-1.12,315.97,0.90,Fwd,7.11
1748795554.59,37.15,-1.12,315.97,0.90,Fwd,7.11
1748795554.59,37.15,-1.12,315.97,0.90,Fwd,7.11
1748795554.60,37.15,-1.12,315.97,0.90,Fwd,7.11
1748795554.70,37.15,-1.12,315.97,0.90,Fwd,7.11
1748795554.73,32.08,-1.12,315.97,0.90,Fwd,7.11
1748795554.77,32.08,-1.39,315.97,0.90,Fwd,7.11
1748795554.80,32.08,-1.39,316.45,0.90,Fwd,7.11
1748795554.80,32.08,-1.39,316.45,0.90,Fwd,7.11
1748795554.80,32.08,-1.39,316.45,0.90,Fwd,7.11
1748795554.81,32.08,-1.39,316.45,0.90,Fwd,7.11
1748795554.81,32.08,-1.39,316.45,0.90,Fwd,7.11
1748795554.81,32.08,-1.39,316.45,0.90,Fwd,7.11
1748795554.81,26.25,-1.39,316.45,0.90,Fwd,7.11
1748795554.81,26.25,-1.70,316.45,0.90,Fwd,7.11
1748795554.81,26.25,-1.70,317.19,0.90,Fwd,7.11
1748795554.81,26.25,-1.70,317.19,0.90,Fwd,7.11
1748795554.81,26.25,-1.70,317.19,0.90,Fwd,7.11
1748795554.81,26.25,-1.70,317.19,0.90,Fwd,7.11
1748795554.81,26.25,-1.70,317.19,0.90,Fwd,7.11
1748795554.91,26.25,-1.70,317.19,0.90,Fwd,7.11
1748795554.95,19.89,-1.70,317.19,0.90,Fwd,7.11
1748795554.95,19.89,-1.88,317.19,0.90,Fwd,7.11
1748795554.95,19.89,-1.88,318.74,0.90,Fwd,7.11
1748795554.95,19.89,-1.88,318.74,0.94,Fwd,7.11
1748795554.95,19.89,-1.88,318.74,0.94,Fwd,7.11
1748795554.95,19.89,-1.88,318.74,0.94,Fwd,7.11
1748795554.95,19.89,-1.88,318.74,0.94,Fwd,7.11
1748795555.01,19.89,-1.88,318.74,0.94,Fwd,7.11
1748795555.02,13.48,-1.88,318.74,0.94,Fwd,7.11
1748795555.02,13.48,-2.39,318.74,0.94,Fwd,7.11
1748795555.02,13.48,-2.39,320.54,0.94,Fwd,7.11
1748795555.02,13.48,-2.39,320.54,0.94,Fwd,7.11
1748795555.02,13.48,-2.39,320.54,0.94,Fwd,7.11
1748795555.02,13.48,-2.39,320.54,0.94,Fwd,7.11
1748795555.03,13.48,-2.39,320.54,0.94,Fwd,7.11
1748795555.12,13.48,-2.39,320.54,0.94,Fwd,7.11
1748795555.15,6.75,-2.39,320.54,0.94,Fwd,7.11
1748795555.15,6.75,-2.96,320.54,0.94,Fwd,7.11
1748795555.15,6.75,-2.96,321.70,0.94,Fwd,7.11
1748795555.15,6.75,-2.96,321.70,0.81,Fwd,7.11
1748795555.15,6.75,-2.96,321.70,0.81,Fwd,7.11
1748795555.15,6.75,-2.96,321.70,0.81,Fwd,7.11
1748795555.15,6.75,-2.96,321.70,0.81,Fwd,7.11
1748795555.22,6.75,-2.96,321.70,0.81,Fwd,7.11
1748795555.23,1.96,-2.96,321.70,0.81,Fwd,7.11
1748795555.23,1.96,-3.74,321.70,0.81,Fwd,7.11
1748795555.23,1.96,-3.74,322.47,0.81,Fwd,7.11
1748795555.23,1.96,-3.74,322.47,0.36,Fwd,7.11
1748795555.23,1.96,-3.74,322.47,0.36,Fwd,7.11
1748795555.23,1.96,-3.74,322.47,0.36,Fwd,7.11
1748795555.24,1.96,-3.74,322.47,0.36,Fwd,7.11
1748795555.29,1.96,-3.74,322.47,0.36,Fwd,7.11
1748795555.33,1.78,-3.74,322.47,0.36,Fwd,7.11
1748795555.33,1.78,-4.83,322.47,0.36,Fwd,7.11
1748795555.33,1.78,-4.83,323.45,0.36,Fwd,7.11
1748795555.33,1.78,-4.83,323.45,0.78,Fwd,7.11
1748795555.33,1.78,-4.83,323.45,0.78,Fwd,7.11
1748795555.33,1.78,-4.83,323.45,0.78,Fwd,7.11
1748795555.33,1.78,-4.83,323.45,0.78,Fwd,7.11
1748795555.40,1.78,-4.83,323.45,0.78,Fwd,7.11
1748795555.40,4.18,-4.83,323.45,0.78,Fwd,7.11
1748795555.40,4.18,-7.53,323.45,0.78,Fwd,7.11
1748795555.40,4.18,-7.53,324.07,0.78,Fwd,7.11
1748795555.40,4.18,-7.53,324.07,1.08,Fwd,7.11
1748795555.40,4.18,-7.53,324.07,1.08,Fwd,7.11
1748795555.40,4.18,-7.53,324.07,1.08,Fwd,7.11
1748795555.40,4.18,-7.53,324.07,1.08,Fwd,7.11
1748795555.50,4.18,-7.53,324.07,1.08,Fwd,7.11
1748795555.50,4.91,-7.53,324.07,1.08,Fwd,7.11
1748795555.50,4.91,-7.84,324.07,1.08,Fwd,7.11
1748795555.51,4.91,-7.84,323.85,1.08,Fwd,7.11
1748795555.51,4.91,-7.84,323.85,0.97,Fwd,7.11
1748795555.51,4.91,-7.84,323.85,0.97,Fwd,7.11
1748795555.51,4.91,-7.84,323.85,0.97,Fwd,7.11
1748795555.51,4.91,-7.84,323.85,0.97,Fwd,7.11
1748795555.61,4.91,-7.84,323.85,0.97,Fwd,7.11
1748795555.61,4.66,-7.84,323.85,0.97,Fwd,7.11
1748795555.61,4.66,-5.42,323.85,0.97,Fwd,7.11
1748795555.61,4.66,-5.42,322.34,0.97,Fwd,7.11
1748795555.61,4.66,-5.42,322.34,1.04,Fwd,7.11
1748795555.61,4.66,-5.42,322.34,1.04,Fwd,7.11
1748795555.64,4.66,-5.42,322.34,1.04,Fwd,7.11
1748795555.68,4.66,-5.42,322.34,1.04,Fwd,7.11
1748795555.78,4.66,-5.42,322.34,1.04,Fwd,7.11
1748795555.78,4.40,-5.42,322.34,1.04,Fwd,7.11
1748795555.78,4.40,-2.31,322.34,1.04,Fwd,7.11
1748795555.78,4.40,-2.31,319.38,1.04,Fwd,7.11
1748795555.78,4.40,-2.31,319.38,1.02,Fwd,7.11
1748795555.78,4.40,-2.31,319.38,1.02,Fwd,7.11
1748795555.78,4.40,-2.31,319.38,1.02,Fwd,7.11
1748795555.78,4.40,-2.31,319.38,1.02,Fwd,7.11
1748795555.82,4.40,-2.31,319.38,1.02,Fwd,0.00
1748795555.82,4.10,-2.31,319.38,1.02,Fwd,0.00
1748795555.82,4.10,1.80,319.38,1.02,Fwd,0.00
1748795555.82,4.10,1.80,315.81,1.02,Fwd,0.00
1748795555.82,4.10,1.80,315.81,1.01,Fwd,0.00
1748795555.82,4.10,1.80,315.81,1.01,Fwd,0.00
1748795555.82,4.10,1.80,315.81,1.01,Fwd,0.00
1748795555.82,4.10,1.80,315.81,1.01,Fwd,0.00
1748795555.92,4.10,1.80,315.81,1.01,Fwd,0.00
1748795555.92,3.77,1.80,315.81,1.01,Fwd,0.00
1748795555.92,3.77,4.13,315.81,1.01,Fwd,0.00
1748795555.92,3.77,4.13,312.89,1.01,Fwd,0.00
1748795555.93,3.77,4.13,312.89,0.92,Fwd,0.00
1748795555.93,3.77,4.13,312.89,0.92,Fwd,0.00
1748795555.93,3.77,4.13,312.89,0.92,Fwd,0.00
1748795555.93,3.77,4.13,312.89,0.92,Fwd,0.00
1748795555.99,3.77,4.13,312.89,0.92,Fwd,0.00
1748795555.99,3.29,4.13,312.89,0.92,Fwd,0.00
1748795556.03,3.29,4.69,312.89,0.92,Fwd,0.00
1748795556.03,3.29,4.69,311.26,0.92,Fwd,0.00
1748795556.03,3.29,4.69,311.26,0.98,Fwd,0.00
1748795556.06,3.29,4.69,311.26,0.98,Fwd,0.00
1748795556.10,3.29,4.69,311.26,0.98,Fwd,0.00
1748795556.10,3.29,4.69,311.26,0.98,Fwd,0.00
1748795556.10,3.29,4.69,311.26,0.98,Fwd,0.00
1748795556.13,2.73,4.69,311.26,0.98,Fwd,0.00
1748795556.13,2.73,4.61,311.26,0.98,Fwd,0.00
1748795556.13,2.73,4.61,311.32,0.98,Fwd,0.00
1748795556.14,2.73,4.61,311.32,0.95,Fwd,0.00
1748795556.14,2.73,4.61,311.32,0.95,Fwd,0.00
1748795556.14,2.73,4.61,311.32,0.95,Fwd,0.00
1748795556.14,2.73,4.61,311.32,0.95,Fwd,0.00
1748795556.20,2.73,4.61,311.32,0.95,Fwd,0.00
1748795556.21,1.82,4.61,311.32,0.95,Fwd,0.00
1748795556.21,1.82,3.17,311.32,0.95,Fwd,0.00
1748795556.21,1.82,3.17,313.52,0.95,Fwd,0.00
1748795556.21,1.82,3.17,313.52,0.99,Fwd,0.00
1748795556.21,1.82,3.17,313.52,0.99,Fwd,0.00
1748795556.21,1.82,3.17,313.52,0.99,Fwd,0.00
1748795556.21,1.82,3.17,313.52,0.99,Fwd,0.00
1748795556.31,1.82,3.17,313.52,0.99,Fwd,7.11
1748795556.34,1.72,3.17,313.52,0.99,Fwd,7.11
1748795556.34,1.72,-0.88,313.52,0.99,Fwd,7.11
1748795556.35,1.72,-0.88,316.45,0.99,Fwd,7.11
1748795556.35,1.72,-0.88,316.45,0.97,Fwd,7.11
1748795556.35,1.72,-0.88,316.45,0.97,Fwd,7.11
1748795556.35,1.72,-0.88,316.45,0.97,Fwd,7.11
1748795556.35,1.72,-0.88,316.45,0.97,Fwd,7.11
1748795556.41,1.72,-0.88,316.45,0.97,Fwd,7.11
1748795556.45,2.15,-0.88,316.45,0.97,Fwd,7.11
1748795556.48,2.15,-3.52,316.45,0.97,Fwd,7.11
1748795556.52,2.15,-3.52,318.83,0.97,Fwd,7.11
1748795556.55,2.15,-3.52,318.83,0.98,Fwd,7.11
1748795556.59,2.15,-3.52,318.83,0.98,Fwd,7.11
1748795556.59,2.15,-3.52,318.83,0.98,Fwd,7.11
1748795556.59,2.15,-3.52,318.83,0.98,Fwd,7.11
1748795556.59,2.15,-3.52,318.83,0.98,Fwd,7.11
1748795556.59,2.35,-3.52,318.83,0.98,Fwd,7.11
1748795556.59,2.35,-0.30,318.83,0.98,Fwd,7.11
1748795556.59,2.35,-0.30,320.29,0.98,Fwd,7.11
1748795556.59,2.35,-0.30,320.29,0.94,Fwd,7.11
1748795556.59,2.35,-0.30,320.29,0.94,Fwd,7.11
1748795556.59,2.35,-0.30,320.29,0.94,Fwd,7.11
1748795556.59,2.35,-0.30,320.29,0.94,Fwd,7.11
1748795556.59,2.35,-0.30,320.29,0.94,Fwd,7.11
1748795556.59,1.47,-0.30,320.29,0.94,Fwd,7.11
1748795556.60,1.47,2.67,320.29,0.94,Fwd,7.11
1748795556.60,1.47,2.67,322.35,0.94,Fwd,7.11
1748795556.60,1.47,2.67,322.35,1.03,Fwd,7.11
1748795556.60,1.47,2.67,322.35,1.03,Fwd,7.11
1748795556.60,1.47,2.67,322.35,1.03,Fwd,7.11
1748795556.60,1.47,2.67,322.35,1.03,Fwd,7.11
1748795556.69,1.47,2.67,322.35,1.03,Fwd,7.11
1748795556.69,1.10,2.67,322.35,1.03,Fwd,7.11
1748795556.69,1.10,2.42,322.35,1.03,Fwd,7.11
1748795556.69,1.10,2.42,325.43,1.03,Fwd,7.11
1748795556.69,1.10,2.42,325.43,1.10,Fwd,7.11
1748795556.69,1.10,2.42,325.43,1.10,Fwd,7.11
1748795556.69,1.10,2.42,325.43,1.10,Fwd,7.11
1748795556.69,1.10,2.42,325.43,1.10,Fwd,7.11
1748795556.80,1.10,2.42,325.43,1.10,Fwd,7.11
1748795556.80,0.84,2.42,325.43,1.10,Fwd,7.11
1748795556.80,0.84,-2.31,325.43,1.10,Fwd,7.11
1748795556.80,0.84,-2.31,329.00,1.10,Fwd,7.11
1748795556.80,0.84,-2.31,329.00,1.01,Fwd,7.11
1748795556.80,0.84,-2.31,329.00,1.01,Fwd,7.11
1748795556.80,0.84,-2.31,329.00,1.01,Fwd,7.11
1748795556.80,0.84,-2.31,329.00,1.01,Fwd,7.11
1748795556.90,0.84,-2.31,329.00,1.01,Fwd,7.11
1748795556.90,0.67,-2.31,329.00,1.01,Fwd,7.11
1748795556.90,0.67,-5.99,329.00,1.01,Fwd,7.11
1748795556.90,0.67,-5.99,331.51,1.01,Fwd,7.11
1748795556.90,0.67,-5.99,331.51,0.90,Fwd,7.11
1748795556.91,0.67,-5.99,331.51,0.90,Fwd,7.11
1748795556.91,0.67,-5.99,331.51,0.90,Fwd,7.11
1748795556.91,0.67,-5.99,331.51,0.90,Fwd,7.11
1748795557.01,0.67,-5.99,331.51,0.90,Fwd,7.11
1748795557.01,0.75,-5.99,331.51,0.90,Fwd,7.11
1748795557.01,0.75,-6.36,331.51,0.90,Fwd,7.11
1748795557.01,0.75,-6.36,332.33,0.90,Fwd,7.11
1748795557.01,0.75,-6.36,332.33,1.01,Fwd,7.11
1748795557.01,0.75,-6.36,332.33,1.01,Fwd,7.11
1748795557.01,0.75,-6.36,332.33,1.01,Fwd,7.11
1748795557.01,0.75,-6.36,332.33,1.01,Fwd,7.11
1748795557.11,0.75,-6.36,332.33,1.01,Fwd,7.11
1748795557.15,0.77,-6.36,332.33,1.01,Fwd,7.11
1748795557.15,0.77,-7.52,332.33,1.01,Fwd,7.11
1748795557.15,0.77,-7.52,332.01,1.01,Fwd,7.11
1748795557.15,0.77,-7.52,332.01,0.99,Fwd,7.11
1748795557.16,0.77,-7.52,332.01,0.99,Fwd,7.11
1748795557.16,0.77,-7.52,332.01,0.99,Fwd,7.11
1748795557.16,0.77,-7.52,332.01,0.99,Fwd,7.11
1748795557.22,0.77,-7.52,332.01,0.99,Fwd,7.11
1748795557.22,0.51,-7.52,332.01,0.99,Fwd,7.11
1748795557.22,0.51,-7.46,332.01,0.99,Fwd,7.11
1748795557.22,0.51,-7.46,330.33,0.99,Fwd,7.11
1748795557.22,0.51,-7.46,330.33,1.02,Fwd,7.11
1748795557.22,0.51,-7.46,330.33,1.02,Fwd,7.11
1748795557.22,0.51,-7.46,330.33,1.02,Fwd,7.11
1748795557.22,0.51,-7.46,330.33,1.02,Fwd,7.11
1748795557.32,0.51,-7.46,330.33,1.02,Fwd,7.11
1748795557.32,0.46,-7.46,330.33,1.02,Fwd,7.11
1748795557.32,0.46,-6.15,330.33,1.02,Fwd,7.11
1748795557.33,0.46,-6.15,327.16,1.02,Fwd,7.11
1748795557.33,0.46,-6.15,327.16,1.00,Fwd,7.11
1748795557.33,0.46,-6.15,327.16,1.00,Fwd,7.11
1748795557.33,0.46,-6.15,327.16,1.00,Fwd,7.11
1748795557.33,0.46,-6.15,327.16,1.00,Fwd,7.11
1748795557.39,0.46,-6.15,327.16,1.00,Fwd,7.11
1748795557.39,0.30,-6.15,327.16,1.00,Fwd,7.11
1748795557.39,0.30,-5.70,327.16,1.00,Fwd,7.11
1748795557.39,0.30,-5.70,323.52,1.00,Fwd,7.11
1748795557.39,0.30,-5.70,323.52,1.02,Fwd,7.11
1748795557.39,0.30,-5.70,323.52,1.02,Fwd,7.11
1748795557.43,0.30,-5.70,323.52,1.02,Fwd,7.11
1748795557.46,0.30,-5.70,323.52,1.02,Fwd,7.11
1748795557.50,0.30,-5.70,323.52,1.02,Fwd,3.11
1748795557.53,0.68,-5.70,323.52,1.02,Fwd,3.11
1748795557.57,0.68,-4.74,323.52,1.02,Fwd,3.11
1748795557.60,0.68,-4.74,319.96,1.02,Fwd,3.11
1748795557.64,0.68,-4.74,319.96,0.96,Fwd,3.11
1748795557.67,0.68,-4.74,319.96,0.96,Fwd,3.11
1748795557.71,0.68,-4.74,319.96,0.96,Rev,3.11
1748795557.71,0.68,-4.74,319.96,0.96,Rev,3.11
1748795557.71,0.68,-4.74,319.96,0.96,Rev,3.11
1748795557.71,0.71,-4.74,319.96,0.96,Rev,3.11
1748795557.71,0.71,-5.65,319.96,0.96,Rev,3.11
1748795557.71,0.71,-5.65,317.01,0.96,Rev,3.11
1748795557.72,0.71,-5.65,317.01,0.95,Rev,3.11
1748795557.74,0.71,-5.65,317.01,0.95,Rev,3.11
1748795557.78,0.71,-5.65,317.01,0.95,Rev,3.11
1748795557.81,0.71,-5.65,317.01,0.95,Rev,3.11
1748795557.85,0.71,-5.65,317.01,0.95,Rev,3.11
1748795557.88,0.51,-5.65,317.01,0.95,Rev,3.11
1748795557.92,0.51,-5.73,317.01,0.95,Rev,3.11
1748795557.95,0.51,-5.73,314.47,0.95,Rev,3.11
1748795557.99,0.51,-5.73,314.47,1.09,Rev,3.11
1748795557.99,0.51,-5.73,314.47,1.09,Rev,3.11
1748795557.99,0.51,-5.73,314.47,1.09,Rev,3.11
1748795557.99,0.51,-5.73,314.47,1.09,Rev,3.11
1748795557.99,0.51,-5.73,314.47,1.09,Rev,3.11
1748795557.99,0.57,-5.73,314.47,1.09,Rev,3.11
1748795558.02,0.57,-5.44,314.47,1.09,Rev,3.11
1748795558.06,0.57,-5.44,311.92,1.09,Rev,3.11
1748795558.06,0.57,-5.44,311.92,0.95,Rev,3.11
1748795558.06,0.57,-5.44,311.92,0.95,Rev,3.11
1748795558.06,0.57,-5.44,311.92,0.95,Rev,3.11
1748795558.06,0.57,-5.44,311.92,0.95,Rev,3.11
1748795558.06,0.57,-5.44,311.92,0.95,Rev,3.11
1748795558.09,1.27,-5.44,311.92,0.95,Rev,3.11
1748795558.10,1.27,-5.15,311.92,0.95,Rev,3.11
1748795558.10,1.27,-5.15,309.06,0.95,Rev,3.11
1748795558.10,1.27,-5.15,309.06,1.02,Rev,3.11
1748795558.10,1.27,-5.15,309.06,1.02,Rev,3.11
1748795558.10,1.27,-5.15,309.06,1.02,Rev,3.11
1748795558.13,1.27,-5.15,309.06,1.02,Rev,3.11
1748795558.13,1.27,-5.15,309.06,1.02,Rev,3.11
1748795558.13,1.53,-5.15,309.06,1.02,Rev,3.11
1748795558.13,1.53,-5.02,309.06,1.02,Rev,3.11
1748795558.13,1.53,-5.02,305.98,1.02,Rev,3.11
1748795558.13,1.53,-5.02,305.98,0.99,Rev,3.11
1748795558.16,1.53,-5.02,305.98,0.99,Rev,3.11
1748795558.16,1.53,-5.02,305.98,0.99,Rev,3.11
1748795558.16,1.53,-5.02,305.98,0.99,Rev,3.11
1748795558.16,1.53,-5.02,305.98,0.99,Rev,3.11
1748795558.16,0.00,-5.02,305.98,0.99,Rev,3.11
1748795558.16,0.00,-5.26,305.98,0.99,Rev,3.11
1748795558.20,0.00,-5.26,304.24,0.99,Rev,3.11
1748795558.23,0.00,-5.26,304.24,0.96,Rev,3.11
1748795558.23,0.00,-5.26,304.24,0.96,Rev,3.11
1748795558.23,0.00,-5.26,304.24,0.96,Rev,3.11
1748795558.23,0.00,-5.26,304.24,0.96,Rev,3.11
1748795558.23,0.00,-5.26,304.24,0.96,Rev,3.11
1748795558.24,-2.17,-5.26,304.24,0.96,Rev,3.11
1748795558.27,-2.17,-7.16,304.24,0.96,Rev,3.11
1748795558.30,-2.17,-7.16,304.38,0.96,Rev,3.11
1748795558.34,-2.17,-7.16,304.38,0.99,Rev,3.11
1748795558.34,-2.17,-7.16,304.38,0.99,Rev,3.11
1748795558.34,-2.17,-7.16,304.38,0.99,Rev,3.11
1748795558.34,-2.17,-7.16,304.38,0.99,Rev,3.11
1748795558.34,-2.17,-7.16,304.38,0.99,Rev,3.11
1748795558.34,-4.28,-7.16,304.38,0.99,Rev,3.11
1748795558.37,-4.28,-8.99,304.38,0.99,Rev,3.11
1748795558.37,-4.28,-8.99,305.30,0.99,Rev,3.11
1748795558.37,-4.28,-8.99,305.30,0.99,Rev,3.11
1748795558.37,-4.28,-8.99,305.30,0.99,Rev,3.11
1748795558.38,-4.28,-8.99,305.30,0.99,Rev,3.11
1748795558.38,-4.28,-8.99,305.30,0.99,Rev,3.11
1748795558.41,-4.28,-8.99,305.30,0.99,Rev,3.11
1748795558.44,-7.55,-8.99,305.30,0.99,Rev,3.11
1748795558.44,-7.55,-8.31,305.30,0.99,Rev,3.11
1748795558.44,-7.55,-8.31,302.97,0.99,Rev,3.11
1748795558.44,-7.55,-8.31,302.97,1.12,Rev,3.11
1748795558.45,-7.55,-8.31,302.97,1.12,Rev,3.11
1748795558.45,-7.55,-8.31,302.97,1.12,Rev,3.11
1748795558.45,-7.55,-8.31,302.97,1.12,Rev,3.11
1748795558.52,-7.55,-8.31,302.97,1.12,Rev,3.11
1748795558.52,-7.01,-8.31,302.97,1.12,Rev,3.11
1748795558.52,-7.01,-2.77,302.97,1.12,Rev,3.11
1748795558.52,-7.01,-2.77,293.65,1.12,Rev,3.11
1748795558.52,-7.01,-2.77,293.65,0.93,Rev,3.11
1748795558.52,-7.01,-2.77,293.65,0.93,Rev,3.11
1748795558.52,-7.01,-2.77,293.65,0.93,Rev,3.11
1748795558.52,-7.01,-2.77,293.65,0.93,Rev,3.11
1748795558.62,-7.01,-2.77,293.65,0.93,Rev,3.11
1748795558.66,-5.63,-2.77,293.65,0.93,Rev,3.11
1748795558.66,-5.63,-0.34,293.65,0.93,Rev,3.11
1748795558.66,-5.63,-0.34,286.07,0.93,Rev,3.11
1748795558.66,-5.63,-0.34,286.07,0.88,Rev,3.11
1748795558.67,-5.63,-0.34,286.07,0.88,Rev,3.11
1748795558.67,-5.63,-0.34,286.07,0.88,Rev,3.11
1748795558.67,-5.63,-0.34,286.07,0.88,Rev,3.11
1748795558.73,-5.63,-0.34,286.07,0.88,Rev,3.11
1748795558.73,-4.71,-0.34,286.07,0.88,Rev,3.11
1748795558.73,-4.71,0.72,286.07,0.88,Rev,3.11
1748795558.73,-4.71,0.72,279.91,0.88,Rev,3.11
1748795558.73,-4.71,0.72,279.91,0.94,Rev,3.11
1748795558.74,-4.71,0.72,279.91,0.94,Rev,3.11
1748795558.74,-4.71,0.72,279.91,0.94,Rev,3.11
1748795558.74,-4.71,0.72,279.91,0.94,Rev,3.11
1748795558.80,-4.71,0.72,279.91,0.94,Rev,3.11
1748795558.80,-3.89,0.72,279.91,0.94,Rev,3.11
1748795558.80,-3.89,2.52,279.91,0.94,Rev,3.11
1748795558.83,-3.89,2.52,275.75,0.94,Rev,3.11
1748795558.86,-3.89,2.52,275.75,1.00,Rev,3.11
1748795558.87,-3.89,2.52,275.75,1.00,Rev,3.11
1748795558.87,-3.89,2.52,275.75,1.00,Rev,3.11
1748795558.90,-3.89,2.52,275.75,1.00,Rev,3.11
1748795558.93,-3.89,2.52,275.75,1.00,Rev,3.11
1748795558.94,-2.55,2.52,275.75,1.00,Rev,3.11
1748795558.94,-2.55,3.33,275.75,1.00,Rev,3.11
1748795558.94,-2.55,3.33,273.86,1.00,Rev,3.11
1748795558.94,-2.55,3.33,273.86,0.93,Rev,3.11
1748795558.94,-2.55,3.33,273.86,0.93,Rev,3.11
1748795558.94,-2.55,3.33,273.86,0.93,Rev,3.11
1748795558.94,-2.55,3.33,273.86,0.93,Rev,3.11
1748795559.01,-2.55,3.33,273.86,0.93,Rev,3.11
1748795559.01,-0.85,3.33,273.86,0.93,Rev,3.11
1748795559.01,-0.85,2.52,273.86,0.93,Rev,3.11
1748795559.01,-0.85,2.52,274.37,0.93,Rev,3.11
1748795559.01,-0.85,2.52,274.37,0.96,Rev,3.11
1748795559.01,-0.85,2.52,274.37,0.96,Rev,3.11
1748795559.01,-0.85,2.52,274.37,0.96,Rev,3.11
1748795559.02,-0.85,2.52,274.37,0.96,Rev,3.11
1748795559.11,-0.85,2.52,274.37,0.96,Rev,3.11
1748795559.11,-0.06,2.52,274.37,0.96,Rev,3.11
1748795559.11,-0.06,1.13,274.37,0.96,Rev,3.11
1748795559.12,-0.06,1.13,275.25,0.96,Rev,3.11
1748795559.12,-0.06,1.13,275.25,0.96,Rev,3.11
1748795559.12,-0.06,1.13,275.25,0.96,Rev,3.11
1748795559.12,-0.06,1.13,275.25,0.96,Rev,3.11
1748795559.12,-0.06,1.13,275.25,0.96,Rev,3.11
1748795559.22,-0.06,1.13,275.25,0.96,Rev,2.25
1748795559.22,-0.26,1.13,275.25,0.96,Rev,2.25
1748795559.22,-0.26,0.25,275.25,0.96,Rev,2.25
1748795559.22,-0.26,0.25,275.73,0.96,Rev,2.25
1748795559.22,-0.26,0.25,275.73,0.99,Rev,2.25
1748795559.22,-0.26,0.25,275.73,0.99,Rev,2.25
1748795559.22,-0.26,0.25,275.73,0.99,Rev,2.25
1748795559.23,-0.26,0.25,275.73,0.99,Rev,2.25
1748795559.32,-0.26,0.25,275.73,0.99,Rev,2.25
1748795559.32,-2.75,0.25,275.73,0.99,Rev,2.25
1748795559.33,-2.75,-0.18,275.73,0.99,Rev,2.25
1748795559.33,-2.75,-0.18,276.37,0.99,Rev,2.25
1748795559.33,-2.75,-0.18,276.37,0.80,Rev,2.25
1748795559.33,-2.75,-0.18,276.37,0.80,Rev,2.25
1748795559.33,-2.75,-0.18,276.37,0.80,Fwd,2.25
1748795559.33,-2.75,-0.18,276.37,0.80,Fwd,2.25
1748795559.43,-2.75,-0.18,276.37,0.80,Fwd,2.25
1748795559.43,-7.20,-0.18,276.37,0.80,Fwd,2.25
1748795559.43,-7.20,0.57,276.37,0.80,Fwd,2.25
1748795559.43,-7.20,0.57,277.05,0.80,Fwd,2.25
1748795559.43,-7.20,0.57,277.05,1.21,Fwd,2.25
1748795559.43,-7.20,0.57,277.05,1.21,Fwd,2.25
1748795559.43,-7.20,0.57,277.05,1.21,Fwd,2.25
1748795559.44,-7.20,0.57,277.05,1.21,Fwd,2.25
1748795559.50,-7.20,0.57,277.05,1.21,Fwd,2.25
1748795559.50,-9.74,0.57,277.05,1.21,Fwd,2.25
1748795559.50,-9.74,1.06,277.05,1.21,Fwd,2.25
1748795559.50,-9.74,1.06,278.31,1.21,Fwd,2.25
1748795559.50,-9.74,1.06,278.31,0.69,Fwd,2.25
1748795559.50,-9.74,1.06,278.31,0.69,Fwd,2.25
1748795559.51,-9.74,1.06,278.31,0.69,Fwd,2.25
1748795559.51,-9.74,1.06,278.31,0.69,Fwd,2.25
1748795559.60,-9.74,1.06,278.31,0.69,Fwd,2.25
1748795559.60,-13.16,1.06,278.31,0.69,Fwd,2.25
1748795559.60,-13.16,2.74,278.31,0.69,Fwd,2.25
1748795559.60,-13.16,2.74,280.96,0.69,Fwd,2.25
1748795559.61,-13.16,2.74,280.96,0.91,Fwd,2.25
1748795559.61,-13.16,2.74,280.96,0.91,Fwd,2.25
1748795559.61,-13.16,2.74,280.96,0.91,Fwd,2.25
1748795559.61,-13.16,2.74,280.96,0.91,Fwd,2.25
1748795559.71,-13.16,2.74,280.96,0.91,Fwd,2.25
1748795559.71,-21.06,2.74,280.96,0.91,Fwd,2.25
1748795559.71,-21.06,3.80,280.96,0.91,Fwd,2.25
1748795559.71,-21.06,3.80,282.25,0.91,Fwd,2.25
1748795559.71,-21.06,3.80,282.25,0.89,Fwd,2.25
1748795559.71,-21.06,3.80,282.25,0.89,Fwd,2.25
1748795559.71,-21.06,3.80,282.25,0.89,Fwd,2.25
1748795559.71,-21.06,3.80,282.25,0.89,Fwd,2.25
1748795559.81,-21.06,3.80,282.25,0.89,Fwd,2.25
1748795559.81,-27.79,3.80,282.25,0.89,Fwd,2.25
1748795559.81,-27.79,6.51,282.25,0.89,Fwd,2.25
1748795559.81,-27.79,6.51,283.07,0.89,Fwd,2.25
1748795559.81,-27.79,6.51,283.07,0.88,Fwd,2.25
1748795559.81,-27.79,6.51,283.07,0.88,Fwd,2.25
1748795559.84,-27.79,6.51,283.07,0.88,Fwd,2.25
1748795559.88,-27.79,6.51,283.07,0.88,Fwd,2.25
1748795559.91,-27.79,6.51,283.07,0.88,Fwd,5.33
1748795559.91,-33.19,6.51,283.07,0.88,Fwd,5.33
1748795559.91,-33.19,8.59,283.07,0.88,Fwd,5.33
1748795559.91,-33.19,8.59,284.20,0.88,Fwd,5.33
1748795559.91,-33.19,8.59,284.20,0.88,Fwd,5.33
1748795559.91,-33.19,8.59,284.20,0.88,Fwd,5.33
1748795559.91,-33.19,8.59,284.20,0.88,Fwd,5.33
1748795559.92,-33.19,8.59,284.20,0.88,Fwd,5.33
1748795560.02,-33.19,8.59,284.20,0.88,Fwd,5.33
1748795560.02,-37.07,8.59,284.20,0.88,Fwd,5.33
1748795560.02,-37.07,9.49,284.20,0.88,Fwd,5.33
1748795560.02,-37.07,9.49,286.11,0.88,Fwd,5.33
1748795560.02,-37.07,9.49,286.11,0.86,Fwd,5.33
1748795560.02,-37.07,9.49,286.11,0.86,Fwd,5.33
1748795560.02,-37.07,9.49,286.11,0.86,Fwd,5.33
1748795560.05,-37.07,9.49,286.11,0.86,Fwd,5.33
1748795560.12,-37.07,9.49,286.11,0.86,Fwd,5.33
1748795560.16,-39.26,9.49,286.11,0.86,Fwd,5.33
1748795560.16,-39.26,9.79,286.11,0.86,Fwd,5.33
1748795560.16,-39.26,9.79,290.02,0.86,Fwd,5.33
1748795560.16,-39.26,9.79,290.02,0.96,Fwd,5.33
1748795560.16,-39.26,9.79,290.02,0.96,Fwd,5.33
1748795560.16,-39.26,9.79,290.02,0.96,Fwd,5.33
1748795560.16,-39.26,9.79,290.02,0.96,Fwd,5.33
1748795560.19,-39.26,9.79,290.02,0.96,Fwd,5.33
1748795560.23,-39.92,9.79,290.02,0.96,Fwd,5.33
1748795560.26,-39.92,9.15,290.02,0.96,Fwd,5.33
1748795560.30,-39.92,9.15,295.77,0.96,Fwd,5.33
1748795560.30,-39.92,9.15,295.77,0.74,Fwd,5.33
1748795560.30,-39.92,9.15,295.77,0.74,Fwd,5.33
1748795560.31,-39.92,9.15,295.77,0.74,Fwd,5.33
1748795560.31,-39.92,9.15,295.77,0.74,Fwd,5.33
1748795560.31,-39.92,9.15,295.77,0.74,Fwd,5.33
1748795560.31,-38.17,9.15,295.77,0.74,Fwd,5.33
1748795560.31,-38.17,9.06,295.77,0.74,Fwd,5.33
1748795560.31,-38.17,9.06,302.20,0.74,Fwd,5.33
1748795560.41,-38.17,9.06,302.20,0.74,Fwd,5.33
1748795560.41,-31.46,9.06,302.20,0.74,Fwd,5.33
1748795560.41,-31.46,9.42,302.20,0.74,Fwd,5.33
1748795560.41,-31.46,9.42,307.50,0.74,Fwd,5.33
1748795560.41,-31.46,9.42,307.50,0.94,Fwd,5.33
1748795560.41,-31.46,9.42,307.50,0.94,Fwd,5.33
1748795560.41,-31.46,9.42,307.50,0.94,Fwd,5.33
1748795560.42,-31.46,9.42,307.50,0.94,Fwd,5.33
1748795560.51,-31.46,9.42,307.50,0.94,Fwd,5.33
1748795560.51,-22.51,9.42,307.50,0.94,Fwd,5.33
1748795560.52,-22.51,9.91,307.50,0.94,Fwd,5.33
1748795560.52,-22.51,9.91,311.28,0.94,Fwd,5.33
1748795560.52,-22.51,9.91,311.28,0.92,Fwd,5.33
1748795560.52,-22.51,9.91,311.28,0.92,Fwd,5.33
1748795560.52,-22.51,9.91,311.28,0.92,Fwd,5.33
1748795560.52,-22.51,9.91,311.28,0.92,Fwd,5.33
1748795560.61,-22.51,9.91,311.28,0.92,Fwd,5.33
1748795560.65,-17.81,9.91,311.28,0.92,Fwd,5.33
1748795560.65,-17.81,8.59,311.28,0.92,Fwd,5.33
1748795560.65,-17.81,8.59,315.31,0.92,Fwd,5.33
1748795560.68,-17.81,8.59,315.31,1.15,Fwd,5.33
1748795560.68,-17.81,8.59,315.31,1.15,Fwd,5.33
1748795560.68,-17.81,8.59,315.31,1.15,Fwd,5.33
1748795560.68,-17.81,8.59,315.31,1.15,Fwd,5.33