1748795462.16,0.73,-4.05,319.28,1.00,Fwd,5.93
1748795462.16,0.73,-2.67,319.28,1.00,Fwd,5.93
1748795462.16,0.73,-2.67,321.09,1.00,Fwd,5.93
1748795462.16,0.73,-2.67,321.09,1.03,Fwd,5.93
1748795462.16,0.73,-2.67,321.09,1.03,Fwd,5.93
1748795462.16,0.73,-2.67,321.09,1.03,Fwd,5.93
1748795462.16,0.73,-2.67,321.09,1.03,Fwd,5.93
1748795462.19,0.73,-2.67,321.09,1.03,Fwd,5.93
1748795462.23,0.52,-2.67,321.09,1.03,Fwd,5.93
1748795462.23,0.52,-0.86,321.09,1.03,Fwd,5.93
1748795462.23,0.52,-0.86,322.60,1.03,Fwd,5.93
1748795462.23,0.52,-0.86,322.60,0.91,Fwd,5.93
1748795462.23,0.52,-0.86,322.60,0.91,Fwd,5.93
1748795462.23,0.52,-0.86,322.60,0.91,Fwd,5.93
1748795462.23,0.52,-0.86,322.60,0.91,Fwd,5.93
1748795462.33,0.52,-0.86,322.60,0.91,Fwd,5.93
1748795462.33,-0.49,-0.86,322.60,0.91,Fwd,5.93
1748795462.37,-0.49,0.38,322.60,0.91,Fwd,5.93
1748795462.37,-0.49,0.38,324.44,0.91,Fwd,5.93
1748795462.37,-0.49,0.38,324.44,1.06,Fwd,5.93
1748795462.37,-0.49,0.38,324.44,1.06,Fwd,5.93
1748795462.37,-0.49,0.38,324.44,1.06,Fwd,5.93
1748795462.37,-0.49,0.38,324.44,1.06,Fwd,5.93
1748795462.40,-0.49,0.38,324.44,1.06,Fwd,5.93
1748795462.44,-1.85,0.38,324.44,1.06,Fwd,5.93
1748795462.51,-1.85,2.00,324.44,1.06,Fwd,5.93
1748795462.55,-1.85,2.00,326.78,1.06,Fwd,5.93
1748795462.55,-1.85,2.00,326.78,0.99,Fwd,5.93
1748795462.55,-1.85,2.00,326.78,0.99,Fwd,5.93
1748795462.55,-1.85,2.00,326.78,0.99,Fwd,5.93
1748795462.55,-1.85,2.00,326.78,0.99,Fwd,5.93
1748795462.55,-1.85,2.00,326.78,0.99,Fwd,5.93
1748795462.61,-3.38,2.00,326.78,0.99,Fwd,5.93
1748795462.65,-3.38,2.66,326.78,0.99,Fwd,5.93
1748795462.72,-3.38,2.66,330.08,0.99,Fwd,5.93
1748795462.75,-3.38,2.66,330.08,1.04,Fwd,5.93
1748795462.75,-3.38,2.66,330.08,1.04,Fwd,5.93
1748795462.75,-3.38,2.66,330.08,1.04,Fwd,5.93
1748795462.76,-3.38,2.66,330.08,1.04,Fwd,5.93
1748795462.76,-3.38,2.66,330.08,1.04,Fwd,5.45
1748795462.76,-3.82,2.66,330.08,1.04,Fwd,5.45
1748795462.79,-3.82,2.07,330.08,1.04,Fwd,5.45
1748795462.79,-3.82,2.07,334.48,1.04,Fwd,5.45
1748795462.79,-3.82,2.07,334.48,1.08,Fwd,5.45
1748795462.79,-3.82,2.07,334.48,1.08,Fwd,5.45
1748795462.79,-3.82,2.07,334.48,1.08,Fwd,5.45
1748795462.79,-3.82,2.07,334.48,1.08,Fwd,5.45
1748795462.82,-3.82,2.07,334.48,1.08,Fwd,5.45
1748795462.86,-2.72,2.07,334.48,1.08,Fwd,5.45
1748795462.90,-2.72,0.77,334.48,1.08,Fwd,5.45
1748795462.93,-2.72,0.77,338.67,1.08,Fwd,5.45
1748795462.94,-2.72,0.77,338.67,1.04,Fwd,5.45
1748795462.94,-2.72,0.77,338.67,1.04,Fwd,5.45
1748795462.94,-2.72,0.77,338.67,1.04,Fwd,5.45
1748795462.94,-2.72,0.77,338.67,1.04,Fwd,5.45
1748795462.94,-2.72,0.77,338.67,1.04,Fwd,5.45
1748795462.96,-1.81,0.77,338.67,1.04,Fwd,5.45
1748795462.97,-1.81,-1.07,338.67,1.04,Fwd,5.45
1748795462.97,-1.81,-1.07,342.57,1.04,Fwd,5.45
1748795462.97,-1.81,-1.07,342.57,0.95,Fwd,5.45
1748795462.97,-1.81,-1.07,342.57,0.95,Fwd,5.45
1748795462.97,-1.81,-1.07,342.57,0.95,Fwd,5.45
1748795463.00,-1.81,-1.07,342.57,0.95,Fwd,5.45
1748795463.03,-1.81,-1.07,342.57,0.95,Fwd,5.45
1748795463.07,-0.97,-1.07,342.57,0.95,Fwd,5.45
1748795463.08,-0.97,-1.70,342.57,0.95,Fwd,5.45
1748795463.08,-0.97,-1.70,345.81,0.95,Fwd,5.45
1748795463.08,-0.97,-1.70,345.81,0.99,Fwd,5.45
1748795463.08,-0.97,-1.70,345.81,0.99,Fwd,5.45
1748795463.09,-0.97,-1.70,345.81,0.99,Fwd,5.45
1748795463.10,-0.97,-1.70,345.81,0.99,Fwd,5.45
1748795463.10,-0.97,-1.70,345.81,0.99,Fwd,7.78
1748795463.11,-0.51,-1.70,345.81,0.99,Fwd,7.78
1748795463.11,-0.51,0.30,345.81,0.99,Fwd,7.78
1748795463.11,-0.51,0.30,349.00,0.99,Fwd,7.78
1748795463.11,-0.51,0.30,349.00,0.95,Fwd,7.78
1748795463.11,-0.51,0.30,349.00,0.95,Fwd,7.78
1748795463.11,-0.51,0.30,349.00,0.95,Fwd,7.78
1748795463.11,-0.51,0.30,349.00,0.95,Fwd,7.78
1748795463.11,-0.51,0.30,349.00,0.95,Fwd,7.78
1748795463.12,-0.22,0.30,349.00,0.95,Fwd,7.78
1748795463.14,-0.22,0.30,349.00,0.95,Fwd,7.78
1748795463.17,-0.22,0.30,349.00,0.95,Fwd,7.78
1748795463.21,-0.22,0.30,349.00,0.95,Fwd,7.78
1748795463.25,-0.22,0.30,349.00,0.95,Fwd,7.78
1748795463.25,-0.22,0.30,349.00,0.95,Fwd,7.78
1748795463.25,0.19,0.30,349.00,0.95,Fwd,7.78
1748795463.25,0.19,1.63,349.00,0.95,Fwd,7.78
1748795463.25,0.19,1.63,349.87,0.95,Fwd,7.78
1748795463.26,0.19,1.63,349.87,0.95,Fwd,7.78
1748795463.28,0.19,1.63,349.87,0.95,Fwd,7.78
1748795463.32,0.19,1.63,349.87,0.95,Fwd,7.78
1748795463.35,0.19,1.63,349.87,0.95,Fwd,7.78
1748795463.42,0.19,1.63,349.87,0.95,Fwd,7.78
1748795463.45,0.04,1.63,349.87,0.95,Fwd,7.78
1748795463.49,0.04,2.80,349.87,0.95,Fwd,7.78
1748795463.52,0.04,2.80,350.95,0.95,Fwd,7.78
1748795463.52,0.04,2.80,350.95,0.96,Fwd,7.78
1748795463.52,0.04,2.80,350.95,0.96,Fwd,7.78
1748795463.52,0.04,2.80,350.95,0.96,Fwd,7.78
1748795463.52,0.04,2.80,350.95,0.96,Fwd,7.78
1748795463.52,0.04,2.80,350.95,0.96,Fwd,7.78
1748795463.53,-0.13,2.80,350.95,0.96,Fwd,7.78
1748795463.53,-0.13,3.09,350.95,0.96,Fwd,7.78
1748795463.53,-0.13,3.09,352.85,0.96,Fwd,7.78
1748795463.53,-0.13,3.09,352.85,1.09,Fwd,7.78
1748795463.53,-0.13,3.09,352.85,1.09,Fwd,7.78
1748795463.53,-0.13,3.09,352.85,1.09,Fwd,7.78
1748795463.53,-0.13,3.09,352.85,1.09,Fwd,7.78
1748795463.53,-0.13,3.09,352.85,1.09,Fwd,7.78
1748795463.53,-0.02,3.09,352.85,1.09,Fwd,7.78
1748795463.53,-0.02,2.35,352.85,1.09,Fwd,7.78
1748795463.53,-0.02,2.35,355.94,1.09,Fwd,7.78
1748795463.53,-0.02,2.35,355.94,0.97,Fwd,7.78
1748795463.54,-0.02,2.35,355.94,0.97,Fwd,7.78
1748795463.59,-0.02,2.35,355.94,0.97,Fwd,6.49
1748795463.59,0.30,2.35,355.94,0.97,Fwd,6.49
1748795463.59,0.30,0.06,355.94,0.97,Fwd,6.49
1748795463.59,0.30,0.06,359.97,0.97,Fwd,6.49
1748795463.60,0.30,0.06,359.97,0.98,Fwd,6.49
1748795463.60,0.30,0.06,359.97,0.98,Fwd,6.49
1748795463.60,0.30,0.06,359.97,0.98,Fwd,6.49
1748795463.60,0.30,0.06,359.97,0.98,Fwd,6.49
1748795463.70,0.30,0.06,359.97,0.98,Fwd,6.49
1748795463.70,0.63,0.06,359.97,0.98,Fwd,6.49
1748795463.70,0.63,-1.61,359.97,0.98,Fwd,6.49
1748795463.70,0.63,-1.61,3.95,0.98,Fwd,6.49
1748795463.70,0.63,-1.61,3.95,0.91,Fwd,6.49
1748795463.70,0.63,-1.61,3.95,0.91,Fwd,6.49
1748795463.70,0.63,-1.61,3.95,0.91,Fwd,6.49
1748795463.70,0.63,-1.61,3.95,0.91,Fwd,6.49
1748795463.80,0.63,-1.61,3.95,0.91,Fwd,6.49
1748795463.84,0.78,-1.61,3.95,0.91,Fwd,6.49
1748795463.87,0.78,-2.03,3.95,0.91,Fwd,6.49
1748795463.87,0.78,-2.03,7.03,0.91,Fwd,6.49
1748795463.88,0.78,-2.03,7.03,0.87,Fwd,6.49
1748795463.88,0.78,-2.03,7.03,0.87,Fwd,6.49
1748795463.91,0.78,-2.03,7.03,0.87,Fwd,6.49
1748795463.91,0.78,-2.03,7.03,0.87,Fwd,6.49
1748795463.91,0.78,-2.03,7.03,0.87,Fwd,6.49
1748795463.91,0.97,-2.03,7.03,0.87,Fwd,6.49
1748795463.91,0.97,-1.65,7.03,0.87,Fwd,6.49
1748795463.91,0.97,-1.65,9.17,0.87,Fwd,6.49
1748795463.91,0.97,-1.65,9.17,1.00,Fwd,6.49
1748795463.91,0.97,-1.65,9.17,1.00,Fwd,6.49
1748795463.91,0.97,-1.65,9.17,1.00,Fwd,6.49
1748795463.91,0.97,-1.65,9.17,1.00,Fwd,6.49
1748795464.05,0.97,-1.65,9.17,1.00,Fwd,6.49
1748795464.05,0.82,-1.65,9.17,1.00,Fwd,6.49
1748795464.05,0.82,-1.38,9.17,1.00,Fwd,6.49
1748795464.05,0.82,-1.38,10.98,1.00,Fwd,6.49
1748795464.06,0.82,-1.38,10.98,1.02,Fwd,6.49
1748795464.06,0.82,-1.38,10.98,1.02,Fwd,6.49
1748795464.06,0.82,-1.38,10.98,1.02,Fwd,6.49
1748795464.06,0.82,-1.38,10.98,1.02,Fwd,6.49
1748795464.12,0.82,-1.38,10.98,1.02,Fwd,6.49
1748795464.12,0.88,-1.38,10.98,1.02,Fwd,6.49
1748795464.12,0.88,-1.11,10.98,1.02,Fwd,6.49
1748795464.16,0.88,-1.11,12.71,1.02,Fwd,6.49
1748795464.16,0.88,-1.11,12.71,0.87,Fwd,6.49
1748795464.16,0.88,-1.11,12.71,0.87,Fwd,6.49
1748795464.16,0.88,-1.11,12.71,0.87,Fwd,6.49
1748795464.16,0.88,-1.11,12.71,0.87,Fwd,6.49
1748795464.23,0.88,-1.11,12.71,0.87,Fwd,6.02
1748795464.23,0.75,-1.11,12.71,0.87,Fwd,6.02
1748795464.23,0.75,-1.25,12.71,0.87,Fwd,6.02
1748795464.23,0.75,-1.25,14.80,0.87,Fwd,6.02
1748795464.23,0.75,-1.25,14.80,0.96,Fwd,6.02
1748795464.23,0.75,-1.25,14.80,0.96,Fwd,6.02
1748795464.23,0.75,-1.25,14.80,0.96,Fwd,6.02
1748795464.24,0.75,-1.25,14.80,0.96,Fwd,6.02
1748795464.30,0.75,-1.25,14.80,0.96,Fwd,6.02
1748795464.30,0.76,-1.25,14.80,0.96,Fwd,6.02
1748795464.30,0.76,-2.52,14.80,0.96,Fwd,6.02
1748795464.30,0.76,-2.52,17.56,0.96,Fwd,6.02
1748795464.30,0.76,-2.52,17.56,0.90,Fwd,6.02
1748795464.30,0.76,-2.52,17.56,0.90,Fwd,6.02
1748795464.30,0.76,-2.52,17.56,0.90,Fwd,6.02
1748795464.31,0.76,-2.52,17.56,0.90,Fwd,6.02
1748795464.40,0.76,-2.52,17.56,0.90,Fwd,6.02
1748795464.40,0.63,-2.52,17.56,0.90,Fwd,6.02
1748795464.40,0.63,-3.97,17.56,0.90,Fwd,6.02
1748795464.40,0.63,-3.97,21.06,0.90,Fwd,6.02
1748795464.41,0.63,-3.97,21.06,0.95,Fwd,6.02
1748795464.41,0.63,-3.97,21.06,0.95,Fwd,6.02
1748795464.41,0.63,-3.97,21.06,0.95,Fwd,6.02
1748795464.41,0.63,-3.97,21.06,0.95,Fwd,6.02
1748795464.50,0.63,-3.97,21.06,0.95,Fwd,6.02
1748795464.54,0.39,-3.97,21.06,0.95,Fwd,6.02
1748795464.54,0.39,-5.92,21.06,0.95,Fwd,6.02
1748795464.54,0.39,-5.92,24.84,0.95,Fwd,6.02
1748795464.54,0.39,-5.92,24.84,0.97,Fwd,6.02
1748795464.54,0.39,-5.92,24.84,0.97,Fwd,6.02
1748795464.55,0.39,-5.92,24.84,0.97,Fwd,6.02
1748795464.55,0.39,-5.92,24.84,0.97,Fwd,6.02
1748795464.61,0.39,-5.92,24.84,0.97,Fwd,6.02
1748795464.61,0.30,-5.92,24.84,0.97,Fwd,6.02
1748795464.61,0.30,-7.27,24.84,0.97,Fwd,6.02
1748795464.61,0.30,-7.27,28.14,0.97,Fwd,6.02
1748795464.61,0.30,-7.27,28.14,0.99,Fwd,6.02
1748795464.61,0.30,-7.27,28.14,0.99,Fwd,6.02
1748795464.61,0.30,-7.27,28.14,0.99,Fwd,6.02
1748795464.61,0.30,-7.27,28.14,0.99,Fwd,6.02
1748795464.71,0.30,-7.27,28.14,0.99,Fwd,6.02
1748795464.71,0.28,-7.27,28.14,0.99,Fwd,6.02
1748795464.71,0.28,-7.51,28.14,0.99,Fwd,6.02
1748795464.71,0.28,-7.51,30.56,0.99,Fwd,6.02
1748795464.71,0.28,-7.51,30.56,0.95,Fwd,6.02
1748795464.71,0.28,-7.51,30.56,0.95,Fwd,6.02
1748795464.71,0.28,-7.51,30.56,0.95,Fwd,6.02
1748795464.71,0.28,-7.51,30.56,0.95,Fwd,6.02
1748795464.82,0.28,-7.51,30.56,0.95,Fwd,6.02
1748795464.85,0.48,-7.51,30.56,0.95,Fwd,6.02
1748795464.86,0.48,-6.74,30.56,0.95,Fwd,6.02
1748795464.86,0.48,-6.74,31.78,0.95,Fwd,6.02
1748795464.86,0.48,-6.74,31.78,0.96,Fwd,6.02
1748795464.86,0.48,-6.74,31.78,0.96,Fwd,6.02
1748795464.86,0.48,-6.74,31.78,0.96,Fwd,6.02
1748795464.86,0.48,-6.74,31.78,0.96,Fwd,6.02
1748795464.92,0.48,-6.74,31.78,0.96,Fwd,5.88
1748795464.92,0.37,-6.74,31.78,0.96,Fwd,5.88
1748795464.92,0.37,-5.18,31.78,0.96,Fwd,5.88
1748795464.92,0.37,-5.18,31.76,0.96,Fwd,5.88
1748795464.92,0.37,-5.18,31.76,0.92,Fwd,5.88
1748795464.93,0.37,-5.18,31.76,0.92,Fwd,5.88
1748795464.93,0.37,-5.18,31.76,0.92,Fwd,5.88
1748795464.93,0.37,-5.18,31.76,0.92,Fwd,5.88
1748795464.99,0.37,-5.18,31.76,0.92,Fwd,5.88
1748795465.03,0.24,-5.18,31.76,0.92,Fwd,5.88
1748795465.03,0.24,-2.76,31.76,0.92,Fwd,5.88
1748795465.03,0.24,-2.76,30.67,0.92,Fwd,5.88
1748795465.03,0.24,-2.76,30.67,0.93,Fwd,5.88
1748795465.03,0.24,-2.76,30.67,0.93,Fwd,5.88
1748795465.03,0.24,-2.76,30.67,0.93,Fwd,5.88
1748795465.03,0.24,-2.76,30.67,0.93,Fwd,5.88
1748795465.10,0.24,-2.76,30.67,0.93,Fwd,5.88
1748795465.10,0.01,-2.76,30.67,0.93,Fwd,5.88
1748795465.10,0.01,0.16,30.67,0.93,Fwd,5.88
1748795465.10,0.01,0.16,29.15,0.93,Fwd,5.88
1748795465.10,0.01,0.16,29.15,1.02,Fwd,5.88
1748795465.10,0.01,0.16,29.15,1.02,Fwd,5.88
1748795465.13,0.01,0.16,29.15,1.02,Fwd,5.88
1748795465.13,0.01,0.16,29.15,1.02,Fwd,5.88
1748795465.20,0.01,0.16,29.15,1.02,Fwd,5.88
1748795465.20,-0.02,0.16,29.15,1.02,Fwd,5.88
1748795465.20,-0.02,1.47,29.15,1.02,Fwd,5.88
1748795465.20,-0.02,1.47,28.35,1.02,Fwd,5.88
1748795465.20,-0.02,1.47,28.35,1.01,Fwd,5.88
1748795465.20,-0.02,1.47,28.35,1.01,Fwd,5.88
1748795465.20,-0.02,1.47,28.35,1.01,Fwd,5.88
1748795465.20,-0.02,1.47,28.35,1.01,Fwd,5.88
1748795465.31,-0.02,1.47,28.35,1.01,Fwd,5.88
1748795465.38,0.25,1.47,28.35,1.01,Fwd,5.88
1748795465.38,0.25,1.12,28.35,1.01,Fwd,5.88
1748795465.38,0.25,1.12,28.93,1.01,Fwd,5.88
1748795465.38,0.25,1.12,28.93,1.01,Fwd,5.88
1748795465.38,0.25,1.12,28.93,1.01,Fwd,5.88
1748795465.38,0.25,1.12,28.93,1.01,Fwd,5.88
1748795465.38,0.25,1.12,28.93,1.01,Fwd,5.88
1748795465.41,0.25,1.12,28.93,1.01,Fwd,5.88
1748795465.42,0.61,1.12,28.93,1.01,Fwd,5.88
1748795465.42,0.61,-0.03,28.93,1.01,Fwd,5.88
1748795465.42,0.61,-0.03,30.75,1.01,Fwd,5.88
1748795465.42,0.61,-0.03,30.75,1.01,Fwd,5.88
1748795465.42,0.61,-0.03,30.75,1.01,Fwd,5.88
1748795465.42,0.61,-0.03,30.75,1.01,Fwd,5.88
1748795465.42,0.61,-0.03,30.75,1.01,Fwd,5.88
1748795465.52,0.61,-0.03,30.75,1.01,Fwd,5.75
1748795465.53,1.11,-0.03,30.75,1.01,Fwd,5.75
1748795465.53,1.11,-3.66,30.75,1.01,Fwd,5.75
1748795465.53,1.11,-3.66,33.82,1.01,Fwd,5.75
1748795465.53,1.11,-3.66,33.82,1.00,Fwd,5.75
1748795465.53,1.11,-3.66,33.82,1.00,Fwd,5.75
1748795465.55,1.11,-3.66,33.82,1.00,Fwd,5.75
1748795465.59,1.11,-3.66,33.82,1.00,Fwd,5.75
1748795465.62,1.11,-3.66,33.82,1.00,Fwd,5.75
1748795465.63,1.64,-3.66,33.82,1.00,Fwd,5.75
1748795465.63,1.64,-6.56,33.82,1.00,Fwd,5.75
1748795465.63,1.64,-6.56,37.34,1.00,Fwd,5.75
1748795465.63,1.64,-6.56,37.34,0.95,Fwd,5.75
1748795465.63,1.64,-6.56,37.34,0.95,Fwd,5.75
1748795465.63,1.64,-6.56,37.34,0.95,Fwd,5.75
1748795465.64,1.64,-6.56,37.34,0.95,Fwd,5.75
1748795465.70,1.64,-6.56,37.34,0.95,Fwd,5.75
1748795465.70,1.63,-6.56,37.34,0.95,Fwd,5.75
1748795465.70,1.63,-6.65,37.34,0.95,Fwd,5.75
1748795465.70,1.63,-6.65,39.59,0.95,Fwd,5.75
1748795465.71,1.63,-6.65,39.59,0.95,Fwd,5.75
1748795465.71,1.63,-6.65,39.59,0.95,Fwd,5.75
1748795465.71,1.63,-6.65,39.59,0.95,Fwd,5.75
1748795465.71,1.63,-6.65,39.59,0.95,Fwd,5.75
1748795465.80,1.63,-6.65,39.59,0.95,Fwd,5.75
1748795465.80,1.58,-6.65,39.59,0.95,Fwd,5.75
1748795465.81,1.58,-3.69,39.59,0.95,Fwd,5.75
1748795465.81,1.58,-3.69,39.33,0.95,Fwd,5.75
1748795465.81,1.58,-3.69,39.33,0.91,Fwd,5.75
1748795465.81,1.58,-3.69,39.33,0.91,Fwd,5.75
1748795465.81,1.58,-3.69,39.33,0.91,Fwd,5.75
1748795465.81,1.58,-3.69,39.33,0.91,Fwd,5.75
1748795465.91,1.58,-3.69,39.33,0.91,Fwd,5.75
1748795465.91,1.22,-3.69,39.33,0.91,Fwd,5.75
1748795465.91,1.22,0.23,39.33,0.91,Fwd,5.75
1748795465.91,1.22,0.23,37.13,0.91,Fwd,5.75
1748795465.91,1.22,0.23,37.13,0.95,Fwd,5.75
1748795465.91,1.22,0.23,37.13,0.95,Fwd,5.75
1748795465.91,1.22,0.23,37.13,0.95,Fwd,5.75
1748795465.91,1.22,0.23,37.13,0.95,Fwd,5.75
1748795466.01,1.22,0.23,37.13,0.95,Fwd,5.75
1748795466.02,2.10,0.23,37.13,0.95,Fwd,5.75
1748795466.02,2.10,2.41,37.13,0.95,Fwd,5.75
1748795466.02,2.10,2.41,35.09,0.95,Fwd,5.75
1748795466.02,2.10,2.41,35.09,1.01,Fwd,5.75
1748795466.02,2.10,2.41,35.09,1.01,Fwd,5.75
1748795466.02,2.10,2.41,35.09,1.01,Fwd,5.75
1748795466.02,2.10,2.41,35.09,1.01,Fwd,5.75
1748795466.15,2.10,2.41,35.09,1.01,Fwd,5.75
1748795466.19,2.62,2.41,35.09,1.01,Fwd,5.75
1748795466.19,2.62,1.04,35.09,1.01,Fwd,5.75
1748795466.19,2.62,1.04,34.62,1.01,Fwd,5.75
1748795466.19,2.62,1.04,34.62,1.07,Fwd,5.75
1748795466.19,2.62,1.04,34.62,1.07,Fwd,5.75
1748795466.19,2.62,1.04,34.62,1.07,Fwd,5.75
1748795466.20,2.62,1.04,34.62,1.07,Fwd,5.75
1748795466.22,2.62,1.04,34.62,1.07,Fwd,5.75
1748795466.22,3.48,1.04,34.62,1.07,Fwd,5.75
1748795466.22,3.48,-1.15,34.62,1.07,Fwd,5.75
1748795466.22,3.48,-1.15,35.59,1.07,Fwd,5.75
1748795466.23,3.48,-1.15,35.59,1.66,Fwd,5.75
1748795466.23,3.48,-1.15,35.59,1.66,Fwd,5.75
1748795466.23,3.48,-1.15,35.59,1.66,Fwd,5.75
1748795466.23,3.48,-1.15,35.59,1.66,Fwd,5.75
1748795466.33,3.48,-1.15,35.59,1.66,Fwd,5.75
1748795466.33,9.53,-1.15,35.59,1.66,Fwd,5.75
1748795466.33,9.53,-0.18,35.59,1.66,Fwd,5.75
1748795466.33,9.53,-0.18,39.33,1.66,Fwd,5.75
1748795466.33,9.53,-0.18,39.33,-0.05,Fwd,5.75
1748795466.34,9.53,-0.18,39.33,-0.05,Fwd,5.75
1748795466.34,9.53,-0.18,39.33,-0.05,Fwd,5.75
1748795466.34,9.53,-0.18,39.33,-0.05,Fwd,5.75
1748795466.40,9.53,-0.18,39.33,-0.05,Fwd,4.31
1748795466.40,16.77,-0.18,39.33,-0.05,Fwd,4.31
1748795466.40,16.77,-0.29,39.33,-0.05,Fwd,4.31
1748795466.41,16.77,-0.29,44.71,-0.05,Fwd,4.31
1748795466.41,16.77,-0.29,44.71,0.51,Fwd,4.31
1748795466.41,16.77,-0.29,44.71,0.51,Fwd,4.31
1748795466.41,16.77,-0.29,44.71,0.51,Fwd,4.31
1748795466.41,16.77,-0.29,44.71,0.51,Fwd,4.31
1748795466.50,16.77,-0.29,44.71,0.51,Fwd,4.31
1748795466.61,19.49,-0.29,44.71,0.51,Fwd,4.31
1748795466.61,19.49,0.07,44.71,0.51,Fwd,4.31
1748795466.61,19.49,0.07,52.61,0.51,Fwd,4.31
1748795466.62,19.49,0.07,52.61,0.89,Fwd,4.31
1748795466.62,19.49,0.07,52.61,0.89,Fwd,4.31
1748795466.62,19.49,0.07,52.61,0.89,Fwd,4.31
1748795466.62,19.49,0.07,52.61,0.89,Fwd,4.31
1748795466.62,19.49,0.07,52.61,0.89,Fwd,4.31
1748795466.62,19.42,0.07,52.61,0.89,Fwd,4.31
1748795466.62,19.42,-1.21,52.61,0.89,Fwd,4.31
1748795466.62,19.42,-1.21,60.64,0.89,Fwd,4.31
1748795466.71,19.42,-1.21,60.64,0.89,Fwd,4.31
1748795466.74,14.85,-1.21,60.64,0.89,Fwd,4.31
1748795466.75,14.85,-2.03,60.64,0.89,Fwd,4.31
1748795466.75,14.85,-2.03,66.98,0.89,Fwd,4.31
1748795466.75,14.85,-2.03,66.98,0.78,Fwd,4.31
1748795466.75,14.85,-2.03,66.98,0.78,Fwd,4.31
1748795466.75,14.85,-2.03,66.98,0.78,Fwd,4.31
1748795466.75,14.85,-2.03,66.98,0.78,Fwd,4.31
1748795466.82,14.85,-2.03,66.98,0.78,Fwd,4.31
1748795466.82,11.91,-2.03,66.98,0.78,Fwd,4.31
1748795466.82,11.91,-1.89,66.98,0.78,Fwd,4.31
1748795466.82,11.91,-1.89,67.88,0.78,Fwd,4.31
1748795466.82,11.91,-1.89,67.88,0.62,Fwd,4.31
1748795466.83,11.91,-1.89,67.88,0.62,Fwd,4.31
1748795466.83,11.91,-1.89,67.88,0.62,Fwd,4.31
1748795466.83,11.91,-1.89,67.88,0.62,Fwd,4.31
1748795466.92,11.91,-1.89,67.88,0.62,Fwd,4.31
1748795466.92,11.01,-1.89,67.88,0.62,Fwd,4.31
1748795466.93,11.01,-3.66,67.88,0.62,Fwd,4.31
1748795466.93,11.01,-3.66,68.65,0.62,Fwd,4.31
1748795466.93,11.01,-3.66,68.65,1.12,Fwd,4.31
1748795466.93,11.01,-3.66,68.65,1.12,Fwd,4.31
1748795466.93,11.01,-3.66,68.65,1.12,Fwd,4.31
1748795466.93,11.01,-3.66,68.65,1.12,Fwd,4.31
1748795467.03,11.01,-3.66,68.65,1.12,Fwd,4.31
1748795467.03,12.05,-3.66,68.65,1.12,Fwd,4.31
1748795467.03,12.05,-7.59,68.65,1.12,Fwd,4.31
1748795467.03,12.05,-7.59,67.56,1.12,Fwd,4.31
1748795467.03,12.05,-7.59,67.56,1.83,Fwd,4.31
1748795467.03,12.05,-7.59,67.56,1.83,Fwd,4.31
1748795467.06,12.05,-7.59,67.56,1.83,Fwd,4.31
1748795467.06,12.05,-7.59,67.56,1.83,Fwd,4.31
1748795467.09,12.05,-7.59,67.56,1.83,Fwd,4.31
1748795467.10,3.61,-7.59,67.56,1.83,Fwd,4.31
1748795467.10,3.61,-6.76,67.56,1.83,Fwd,4.31
1748795467.10,3.61,-6.76,63.18,1.83,Fwd,4.31
1748795467.10,3.61,-6.76,63.18,1.02,Fwd,4.31
1748795467.10,3.61,-6.76,63.18,1.02,Fwd,4.31
1748795467.10,3.61,-6.76,63.18,1.02,Fwd,4.31
1748795467.10,3.61,-6.76,63.18,1.02,Fwd,4.31
1748795467.20,3.61,-6.76,63.18,1.02,Fwd,4.31
1748795467.23,-6.54,-6.76,63.18,1.02,Fwd,4.31
1748795467.27,-6.54,0.28,63.18,1.02,Fwd,4.31
1748795467.27,-6.54,0.28,53.51,1.02,Fwd,4.31
1748795467.27,-6.54,0.28,53.51,0.63,Fwd,4.31
1748795467.27,-6.54,0.28,53.51,0.63,Fwd,4.31
1748795467.27,-6.54,0.28,53.51,0.63,Fwd,4.31
1748795467.28,-6.54,0.28,53.51,0.63,Fwd,4.31
1748795467.31,-6.54,0.28,53.51,0.63,Fwd,4.31
1748795467.31,-14.40,0.28,53.51,0.63,Fwd,4.31
1748795467.31,-14.40,5.74,53.51,0.63,Fwd,4.31
1748795467.31,-14.40,5.74,40.49,0.63,Fwd,4.31
1748795467.31,-14.40,5.74,40.49,0.46,Fwd,4.31
1748795467.31,-14.40,5.74,40.49,0.46,Fwd,4.31
1748795467.31,-14.40,5.74,40.49,0.46,Fwd,4.31
1748795467.31,-14.40,5.74,40.49,0.46,Fwd,4.31
1748795467.41,-14.40,5.74,40.49,0.46,Fwd,4.31
1748795467.42,-13.87,5.74,40.49,0.46,Fwd,4.31
1748795467.42,-13.87,6.71,40.49,0.46,Fwd,4.31
1748795467.42,-13.87,6.71,33.12,0.46,Fwd,4.31
1748795467.42,-13.87,6.71,33.12,0.84,Fwd,4.31
1748795467.42,-13.87,6.71,33.12,0.84,Fwd,4.31
1748795467.42,-13.87,6.71,33.12,0.84,Fwd,4.31
1748795467.42,-13.87,6.71,33.12,0.84,Fwd,4.31
1748795467.51,-13.87,6.71,33.12,0.84,Fwd,4.31
1748795467.52,-11.48,6.71,33.12,0.84,Fwd,4.31
1748795467.52,-11.48,4.66,33.12,0.84,Fwd,4.31
1748795467.52,-11.48,4.66,32.68,0.84,Fwd,4.31
1748795467.52,-11.48,4.66,32.68,0.73,Fwd,4.31
1748795467.52,-11.48,4.66,32.68,0.73,Fwd,4.31
1748795467.55,-11.48,4.66,32.68,0.73,Fwd,4.31
1748795467.55,-11.48,4.66,32.68,0.73,Fwd,4.31
1748795467.55,-11.48,4.66,32.68,0.73,Fwd,4.31
1748795467.62,-11.48,4.66,32.68,0.73,Fwd,4.31
1748795467.62,-10.98,4.66,32.68,0.73,Fwd,4.31
1748795467.62,-10.98,1.06,32.68,0.73,Fwd,4.31
1748795467.62,-10.98,1.06,34.24,0.73,Fwd,4.31
1748795467.62,-10.98,1.06,34.24,1.01,Fwd,4.31
1748795467.62,-10.98,1.06,34.24,1.01,Fwd,4.31
1748795467.65,-10.98,1.06,34.24,1.01,Fwd,4.31
1748795467.65,-10.98,1.06,34.24,1.01,Fwd,4.31
1748795467.72,-10.98,1.06,34.24,1.01,Fwd,4.31
1748795467.73,-12.41,1.06,34.24,1.01,Fwd,4.31
1748795467.73,-12.41,-4.78,34.24,1.01,Fwd,4.31
1748795467.73,-12.41,-4.78,35.80,1.01,Fwd,4.31
1748795467.73,-12.41,-4.78,35.80,1.86,Fwd,4.31
1748795467.73,-12.41,-4.78,35.80,1.86,Fwd,4.31
1748795467.76,-12.41,-4.78,35.80,1.86,Fwd,4.31
1748795467.76,-12.41,-4.78,35.80,1.86,Fwd,4.31
1748795467.79,-12.41,-4.78,35.80,1.86,Fwd,4.31
1748795467.83,-8.27,-4.78,35.80,1.86,Fwd,4.31
1748795467.83,-8.27,-2.89,35.80,1.86,Fwd,4.31
1748795467.83,-8.27,-2.89,37.21,1.86,Fwd,4.31
1748795467.83,-8.27,-2.89,37.21,1.24,Fwd,4.31
1748795467.83,-8.27,-2.89,37.21,1.24,Fwd,4.31
1748795467.83,-8.27,-2.89,37.21,1.24,Fwd,4.31
1748795467.86,-8.27,-2.89,37.21,1.24,Fwd,4.31
1748795467.90,-8.27,-2.89,37.21,1.24,Fwd,4.31
1748795467.90,0.78,-2.89,37.21,1.24,Fwd,4.31
1748795467.90,0.78,-1.60,37.21,1.24,Fwd,4.31
1748795467.90,0.78,-1.60,40.96,1.24,Fwd,4.31
1748795467.90,0.78,-1.60,40.96,0.50,Fwd,4.31
1748795467.93,0.78,-1.60,40.96,0.50,Fwd,4.31
1748795467.97,0.78,-1.60,40.96,0.50,Fwd,4.31
1748795468.00,0.78,-1.60,40.96,0.50,Fwd,4.31
1748795468.04,0.78,-1.60,40.96,0.50,Fwd,4.31
1748795468.07,12.79,-1.60,40.96,0.50,Fwd,4.31
1748795468.11,12.79,-0.41,40.96,0.50,Fwd,4.31
1748795468.11,12.79,-0.41,49.09,0.50,Fwd,4.31
1748795468.11,12.79,-0.41,49.09,0.13,Fwd,4.31
1748795468.11,12.79,-0.41,49.09,0.13,Fwd,4.31
1748795468.11,12.79,-0.41,49.09,0.13,Fwd,4.31
1748795468.11,12.79,-0.41,49.09,0.13,Fwd,4.31
1748795468.14,12.79,-0.41,49.09,0.13,Fwd,4.31
1748795468.18,19.09,-0.41,49.09,0.13,Fwd,4.31
1748795468.18,19.09,-2.46,49.09,0.13,Fwd,4.31
1748795468.18,19.09,-2.46,59.02,0.13,Fwd,4.31
1748795468.18,19.09,-2.46,59.02,0.34,Fwd,4.31
1748795468.18,19.09,-2.46,59.02,0.34,Fwd,4.31
1748795468.18,19.09,-2.46,59.02,0.34,Fwd,4.31
1748795468.21,19.09,-2.46,59.02,0.34,Fwd,4.31
1748795468.21,19.09,-2.46,59.02,0.34,Fwd,4.31
1748795468.22,17.01,-2.46,59.02,0.34,Fwd,4.31
1748795468.22,17.01,-2.79,59.02,0.34,Fwd,4.31
1748795468.22,17.01,-2.79,69.87,0.34,Fwd,4.31
1748795468.22,17.01,-2.79,69.87,0.51,Fwd,4.31
1748795468.25,17.01,-2.79,69.87,0.51,Fwd,4.31
1748795468.25,17.01,-2.79,69.87,0.51,Fwd,4.31
1748795468.25,17.01,-2.79,69.87,0.51,Fwd,4.31
1748795468.32,17.01,-2.79,69.87,0.51,Fwd,4.31
1748795468.35,13.81,-2.79,69.87,0.51,Fwd,4.31
1748795468.39,13.81,-7.46,69.87,0.51,Fwd,4.31
1748795468.39,13.81,-7.46,71.01,0.51,Fwd,4.31
1748795468.39,13.81,-7.46,71.01,1.42,Fwd,4.31
1748795468.39,13.81,-7.46,71.01,1.42,Fwd,4.31
1748795468.39,13.81,-7.46,71.01,1.42,Fwd,4.31
1748795468.39,13.81,-7.46,71.01,1.42,Fwd,4.31
1748795468.42,13.81,-7.46,71.01,1.42,Fwd,4.31
1748795468.46,4.36,-7.46,71.01,1.42,Fwd,4.31
1748795468.49,4.36,-12.55,71.01,1.42,Fwd,4.31
1748795468.53,4.36,-12.55,72.25,1.42,Fwd,4.31
1748795468.56,4.36,-12.55,72.25,0.82,Fwd,4.31
1748795468.60,4.36,-12.55,72.25,0.82,Fwd,4.31
1748795468.64,4.36,-12.55,72.25,0.82,Fwd,4.31
1748795468.64,4.36,-12.55,72.25,0.82,Fwd,4.31
1748795468.64,4.36,-12.55,72.25,0.82,Fwd,4.31
1748795468.64,-9.45,-12.55,72.25,0.82,Fwd,4.31
1748795468.64,-9.45,3.39,72.25,0.82,Fwd,4.31
1748795468.64,-9.45,3.39,49.39,0.82,Fwd,4.31
1748795468.64,-9.45,3.39,49.39,0.51,Fwd,4.31
1748795468.64,-9.45,3.39,49.39,0.51,Fwd,4.31
1748795468.64,-9.45,3.39,49.39,0.51,Fwd,4.31
1748795468.64,-9.45,3.39,49.39,0.51,Fwd,4.31
1748795468.64,-9.45,3.39,49.39,0.51,Fwd,4.31
1748795468.70,-9.45,3.39,49.39,0.51,Fwd,4.31
1748795468.70,-9.79,3.39,49.39,0.51,Fwd,4.31
1748795468.70,-9.79,8.00,49.39,0.51,Fwd,4.31
1748795468.70,-9.79,8.00,37.69,0.51,Fwd,4.31
1748795468.70,-9.79,8.00,37.69,0.60,Fwd,4.31
1748795468.70,-9.79,8.00,37.69,0.60,Fwd,4.31
1748795468.70,-9.79,8.00,37.69,0.60,Fwd,4.31
1748795468.71,-9.79,8.00,37.69,0.60,Fwd,4.31
1748795468.81,-9.79,8.00,37.69,0.60,Fwd,4.31
1748795468.84,-3.75,8.00,37.69,0.60,Fwd,4.31
1748795468.84,-3.75,4.90,37.69,0.60,Fwd,4.31
1748795468.84,-3.75,4.90,34.82,0.60,Fwd,4.31
1748795468.84,-3.75,4.90,34.82,0.75,Fwd,4.31
1748795468.84,-3.75,4.90,34.82,0.75,Fwd,4.31
1748795468.84,-3.75,4.90,34.82,0.75,Fwd,4.31
1748795468.85,-3.75,4.90,34.82,0.75,Fwd,4.31
1748795468.92,-3.75,4.90,34.82,0.75,Fwd,4.31
1748795468.92,-4.58,4.90,34.82,0.75,Fwd,4.31
1748795468.92,-4.58,-1.79,34.82,0.75,Fwd,4.31
1748795468.92,-4.58,-1.79,36.24,0.75,Fwd,4.31
1748795468.92,-4.58,-1.79,36.24,1.48,Fwd,4.31
1748795468.93,-4.58,-1.79,36.24,1.48,Fwd,4.31
1748795468.93,-4.58,-1.79,36.24,1.48,Fwd,4.31
1748795468.93,-4.58,-1.79,36.24,1.48,Fwd,4.31
1748795469.02,-4.58,-1.79,36.24,1.48,Fwd,1.44
1748795469.02,-6.26,-1.79,36.24,1.48,Fwd,1.44
1748795469.03,-6.26,-5.96,36.24,1.48,Fwd,1.44
1748795469.03,-6.26,-5.96,37.49,1.48,Fwd,1.44
1748795469.03,-6.26,-5.96,37.49,1.03,Fwd,1.44
1748795469.03,-6.26,-5.96,37.49,1.03,Fwd,1.44
1748795469.03,-6.26,-5.96,37.49,1.03,Fwd,1.44
1748795469.03,-6.26,-5.96,37.49,1.03,Fwd,1.44
1748795469.13,-6.26,-5.96,37.49,1.03,Fwd,1.44
1748795469.16,-6.50,-5.96,37.49,1.03,Fwd,1.44
1748795469.16,-6.50,-9.49,37.49,1.03,Fwd,1.44
1748795469.16,-6.50,-9.49,37.46,1.03,Fwd,1.44
1748795469.16,-6.50,-9.49,37.46,0.84,Fwd,1.44
1748795469.17,-6.50,-9.49,37.46,0.84,Fwd,1.44
1748795469.17,-6.50,-9.49,37.46,0.84,Fwd,1.44
1748795469.17,-6.50,-9.49,37.46,0.84,Fwd,1.44
1748795469.19,-6.50,-9.49,37.46,0.84,Fwd,1.44
1748795469.20,-8.07,-9.49,37.46,0.84,Fwd,1.44
1748795469.20,-8.07,-12.23,37.46,0.84,Fwd,1.44
1748795469.20,-8.07,-12.23,36.20,0.84,Fwd,1.44
1748795469.20,-8.07,-12.23,36.20,1.07,Fwd,1.44
1748795469.20,-8.07,-12.23,36.20,1.07,Fwd,1.44
1748795469.20,-8.07,-12.23,36.20,1.07,Fwd,1.44
1748795469.20,-8.07,-12.23,36.20,1.07,Fwd,1.44
1748795469.30,-8.07,-12.23,36.20,1.07,Fwd,1.44
1748795469.33,-9.10,-12.23,36.20,1.07,Fwd,1.44
1748795469.37,-9.10,-13.61,36.20,1.07,Fwd,1.44
1748795469.37,-9.10,-13.61,32.74,1.07,Fwd,1.44
1748795469.38,-9.10,-13.61,32.74,1.12,Fwd,1.44
1748795469.38,-9.10,-13.61,32.74,1.12,Fwd,1.44
1748795469.38,-9.10,-13.61,32.74,1.12,Fwd,1.44
1748795469.38,-9.10,-13.61,32.74,1.12,Fwd,1.44
1748795469.40,-9.10,-13.61,32.74,1.12,Fwd,1.44
1748795469.41,-9.27,-13.61,32.74,1.12,Fwd,1.44
1748795469.41,-9.27,-13.96,32.74,1.12,Fwd,1.44
1748795469.41,-9.27,-13.96,26.45,1.12,Fwd,1.44
1748795469.41,-9.27,-13.96,26.45,0.97,Fwd,1.44
1748795469.41,-9.27,-13.96,26.45,0.97,Fwd,1.44
1748795469.41,-9.27,-13.96,26.45,0.97,Fwd,1.44
1748795469.41,-9.27,-13.96,26.45,0.97,Fwd,1.44
1748795469.51,-9.27,-13.96,26.45,0.97,Fwd,6.85
1748795469.55,-8.74,-13.96,26.45,0.97,Fwd,6.85
1748795469.55,-8.74,-12.75,26.45,0.97,Fwd,6.85
1748795469.55,-8.74,-12.75,17.79,0.97,Fwd,6.85
1748795469.55,-8.74,-12.75,17.79,0.92,Fwd,6.85
1748795469.55,-8.74,-12.75,17.79,0.92,Fwd,6.85
1748795469.55,-8.74,-12.75,17.79,0.92,Fwd,6.85
1748795469.56,-8.74,-12.75,17.79,0.92,Fwd,6.85
1748795469.62,-8.74,-12.75,17.79,0.92,Fwd,6.85
1748795469.62,-8.40,-12.75,17.79,0.92,Fwd,6.85
1748795469.62,-8.40,-11.68,17.79,0.92,Fwd,6.85
1748795469.63,-8.40,-11.68,8.10,0.92,Fwd,6.85
1748795469.63,-8.40,-11.68,8.10,0.92,Fwd,6.85
1748795469.63,-8.40,-11.68,8.10,0.92,Fwd,6.85
1748795469.63,-8.40,-11.68,8.10,0.92,Fwd,6.85
1748795469.63,-8.40,-11.68,8.10,0.92,Fwd,6.85
1748795469.72,-8.40,-11.68,8.10,0.92,Fwd,6.85
1748795469.72,-7.48,-11.68,8.10,0.92,Fwd,6.85
1748795469.73,-7.48,-11.69,8.10,0.92,Fwd,6.85
1748795469.73,-7.48,-11.69,358.39,0.92,Fwd,6.85
1748795469.73,-7.48,-11.69,358.39,1.01,Fwd,6.85
1748795469.73,-7.48,-11.69,358.39,1.01,Fwd,6.85
1748795469.73,-7.48,-11.69,358.39,1.01,Fwd,6.85
1748795469.73,-7.48,-11.69,358.39,1.01,Fwd,6.85
1748795469.83,-7.48,-11.69,358.39,1.01,Fwd,6.85
1748795469.83,-7.41,-11.69,358.39,1.01,Fwd,6.85
1748795469.83,-7.41,-11.24,358.39,1.01,Fwd,6.85
1748795469.83,-7.41,-11.24,348.86,1.01,Fwd,6.85
1748795469.83,-7.41,-11.24,348.86,1.07,Fwd,6.85
1748795469.83,-7.41,-11.24,348.86,1.07,Fwd,6.85
1748795469.84,-7.41,-11.24,348.86,1.07,Fwd,6.85
1748795469.84,-7.41,-11.24,348.86,1.07,Fwd,6.85
1748795469.90,-7.41,-11.24,348.86,1.07,Fwd,8.68
1748795469.90,-7.15,-11.24,348.86,1.07,Fwd,8.68
1748795469.90,-7.15,-10.38,348.86,1.07,Fwd,8.68
1748795469.90,-7.15,-10.38,339.42,1.07,Fwd,8.68
1748795469.90,-7.15,-10.38,339.42,0.86,Fwd,8.68
1748795469.90,-7.15,-10.38,339.42,0.86,Fwd,8.68
1748795469.93,-7.15,-10.38,339.42,0.86,Fwd,8.68
1748795469.96,-7.15,-10.38,339.42,0.86,Fwd,8.68
1748795470.00,-7.15,-10.38,339.42,0.86,Fwd,8.68
1748795470.00,-6.56,-10.38,339.42,0.86,Fwd,8.68
1748795470.01,-6.56,-9.91,339.42,0.86,Fwd,8.68
1748795470.01,-6.56,-9.91,331.03,0.86,Fwd,8.68
1748795470.01,-6.56,-9.91,331.03,0.84,Fwd,8.68
1748795470.01,-6.56,-9.91,331.03,0.84,Fwd,8.68
1748795470.01,-6.56,-9.91,331.03,0.84,Fwd,8.68
1748795470.01,-6.56,-9.91,331.03,0.84,Fwd,8.68
1748795470.11,-6.56,-9.91,331.03,0.84,Fwd,8.68
1748795470.11,-6.24,-9.91,331.03,0.84,Fwd,8.68
1748795470.11,-6.24,-9.58,331.03,0.84,Fwd,8.68
1748795470.11,-6.24,-9.58,324.31,0.84,Fwd,8.68
1748795470.11,-6.24,-9.58,324.31,1.12,Fwd,8.68
1748795470.11,-6.24,-9.58,324.31,1.12,Fwd,8.68
1748795470.12,-6.24,-9.58,324.31,1.12,Fwd,8.68
1748795470.12,-6.24,-9.58,324.31,1.12,Fwd,8.68
1748795470.21,-6.24,-9.58,324.31,1.12,Fwd,8.68
1748795470.21,-4.82,-9.58,324.31,1.12,Fwd,8.68
1748795470.21,-4.82,-10.07,324.31,1.12,Fwd,8.68
1748795470.22,-4.82,-10.07,319.18,1.12,Fwd,8.68
1748795470.22,-4.82,-10.07,319.18,0.91,Fwd,8.68
1748795470.22,-4.82,-10.07,319.18,0.91,Fwd,8.68
1748795470.22,-4.82,-10.07,319.18,0.91,Fwd,8.68
1748795470.22,-4.82,-10.07,319.18,0.91,Fwd,8.68
1748795470.31,-4.82,-10.07,319.18,0.91,Fwd,8.68
1748795470.31,-3.90,-10.07,319.18,0.91,Fwd,8.68
1748795470.31,-3.90,-11.30,319.18,0.91,Fwd,8.68
1748795470.31,-3.90,-11.30,315.54,0.91,Fwd,8.68
1748795470.31,-3.90,-11.30,315.54,0.87,Fwd,8.68
1748795470.31,-3.90,-11.30,315.54,0.87,Fwd,8.68
1748795470.31,-3.90,-11.30,315.54,0.87,Fwd,8.68
1748795470.31,-3.90,-11.30,315.54,0.87,Fwd,8.68
1748795470.42,-3.90,-11.30,315.54,0.87,Fwd,8.68
1748795470.42,-3.90,-11.30,315.54,0.87,Fwd,8.68
1748795470.42,-3.90,-12.50,315.54,0.87,Fwd,8.68
1748795470.42,-3.90,-12.50,312.60,0.87,Fwd,8.68
1748795470.45,-3.90,-12.50,312.60,1.08,Fwd,8.68
1748795470.45,-3.90,-12.50,312.60,1.08,Fwd,8.68
1748795470.45,-3.90,-12.50,312.60,1.08,Fwd,8.68
1748795470.45,-3.90,-12.50,312.60,1.08,Fwd,8.68
1748795470.52,-3.90,-12.50,312.60,1.08,Fwd,7.32
1748795470.56,-4.62,-12.50,312.60,1.08,Fwd,7.32
1748795470.56,-4.62,-13.22,312.60,1.08,Fwd,7.32
1748795470.56,-4.62,-13.22,309.40,1.08,Fwd,7.32
1748795470.56,-4.62,-13.22,309.40,0.90,Fwd,7.32
1748795470.56,-4.62,-13.22,309.40,0.90,Fwd,7.32
1748795470.56,-4.62,-13.22,309.40,0.90,Fwd,7.32
1748795470.56,-4.62,-13.22,309.40,0.90,Fwd,7.32
1748795470.63,-4.62,-13.22,309.40,0.90,Fwd,7.32
1748795470.63,-5.11,-13.22,309.40,0.90,Fwd,7.32
1748795470.63,-5.11,-13.34,309.40,0.90,Fwd,7.32
1748795470.63,-5.11,-13.34,305.30,0.90,Fwd,7.32
1748795470.63,-5.11,-13.34,305.30,0.95,Fwd,7.32
1748795470.63,-5.11,-13.34,305.30,0.95,Fwd,7.32
1748795470.63,-5.11,-13.34,305.30,0.95,Fwd,7.32
1748795470.63,-5.11,-13.34,305.30,0.95,Fwd,7.32
1748795470.70,-5.11,-13.34,305.30,0.95,Fwd,7.32
1748795470.70,-5.21,-13.34,305.30,0.95,Fwd,7.32
1748795470.70,-5.21,-13.69,305.30,0.95,Fwd,7.32
1748795470.70,-5.21,-13.69,300.21,0.95,Fwd,7.32
1748795470.70,-5.21,-13.69,300.21,1.02,Fwd,7.32
1748795470.70,-5.21,-13.69,300.21,1.02,Fwd,7.32
1748795470.70,-5.21,-13.69,300.21,1.02,Fwd,7.32
1748795470.70,-5.21,-13.69,300.21,1.02,Fwd,7.32
1748795470.81,-5.21,-13.69,300.21,1.02,Fwd,7.32
1748795470.81,-5.21,-13.69,300.21,1.02,Fwd,7.32
1748795470.81,-5.21,-13.73,300.21,1.02,Fwd,7.32
1748795470.81,-5.21,-13.73,294.21,1.02,Fwd,7.32
1748795470.81,-5.21,-13.73,294.21,1.05,Fwd,7.32
1748795470.81,-5.21,-13.73,294.21,1.05,Fwd,7.32
1748795470.81,-5.21,-13.73,294.21,1.05,Fwd,7.32
1748795470.82,-5.21,-13.73,294.21,1.05,Fwd,7.32
1748795470.91,-5.21,-13.73,294.21,1.05,Fwd,8.05
1748795470.91,-5.34,-13.73,294.21,1.05,Fwd,8.05
1748795470.91,-5.34,-13.18,294.21,1.05,Fwd,8.05
1748795470.92,-5.34,-13.18,287.26,1.05,Fwd,8.05
1748795470.92,-5.34,-13.18,287.26,0.90,Fwd,8.05
1748795470.92,-5.34,-13.18,287.26,0.90,Fwd,8.05
1748795470.92,-5.34,-13.18,287.26,0.90,Fwd,8.05
1748795470.92,-5.34,-13.18,287.26,0.90,Fwd,8.05
1748795471.01,-5.34,-13.18,287.26,0.90,Fwd,8.05
1748795471.02,-5.38,-13.18,287.26,0.90,Fwd,8.05
1748795471.02,-5.38,-12.94,287.26,0.90,Fwd,8.05
1748795471.02,-5.38,-12.94,279.23,0.90,Fwd,8.05
1748795471.02,-5.38,-12.94,279.23,1.01,Fwd,8.05
1748795471.02,-5.38,-12.94,279.23,1.01,Fwd,8.05
1748795471.02,-5.38,-12.94,279.23,1.01,Fwd,8.05
1748795471.02,-5.38,-12.94,279.23,1.01,Fwd,8.05
1748795471.13,-5.38,-12.94,279.23,1.01,Fwd,8.05
1748795471.13,-5.55,-12.94,279.23,1.01,Fwd,8.05
1748795471.13,-5.55,-11.96,279.23,1.01,Fwd,8.05
1748795471.13,-5.55,-11.96,270.26,1.01,Fwd,8.05
1748795471.13,-5.55,-11.96,270.26,1.00,Fwd,8.05
1748795471.13,-5.55,-11.96,270.26,1.00,Fwd,8.05
1748795471.13,-5.55,-11.96,270.26,1.00,Fwd,8.05
1748795471.14,-5.55,-11.96,270.26,1.00,Fwd,8.05
1748795471.23,-5.55,-11.96,270.26,1.00,Fwd,8.05
1748795471.23,-5.82,-11.96,270.26,1.00,Fwd,8.05
1748795471.23,-5.82,-10.70,270.26,1.00,Fwd,8.05
1748795471.23,-5.82,-10.70,260.41,1.00,Fwd,8.05
1748795471.23,-5.82,-10.70,260.41,0.87,Fwd,8.05
1748795471.23,-5.82,-10.70,260.41,0.87,Fwd,8.05
1748795471.23,-5.82,-10.70,260.41,0.87,Fwd,8.05
1748795471.24,-5.82,-10.70,260.41,0.87,Fwd,8.05
1748795471.33,-5.82,-10.70,260.41,0.87,Fwd,8.98
1748795471.34,-6.08,-10.70,260.41,0.87,Fwd,8.98
1748795471.34,-6.08,-8.55,260.41,0.87,Fwd,8.98
1748795471.34,-6.08,-8.55,249.68,0.87,Fwd,8.98
1748795471.34,-6.08,-8.55,249.68,0.91,Fwd,8.98
1748795471.34,-6.08,-8.55,249.68,0.91,Fwd,8.98
1748795471.34,-6.08,-8.55,249.68,0.91,Fwd,8.98
1748795471.34,-6.08,-8.55,249.68,0.91,Fwd,8.98
1748795471.40,-6.08,-8.55,249.68,0.91,Fwd,8.98
1748795471.40,-6.19,-8.55,249.68,0.91,Fwd,8.98
1748795471.40,-6.19,-5.88,249.68,0.91,Fwd,8.98
1748795471.41,-6.19,-5.88,238.54,0.91,Fwd,8.98
1748795471.41,-6.19,-5.88,238.54,1.06,Fwd,8.98
1748795471.41,-6.19,-5.88,238.54,1.06,Fwd,8.98
1748795471.41,-6.19,-5.88,238.54,1.06,Fwd,8.98
1748795471.41,-6.19,-5.88,238.54,1.06,Fwd,8.98
1748795471.50,-6.19,-5.88,238.54,1.06,Fwd,8.98
1748795471.51,-6.27,-5.88,238.54,1.06,Fwd,8.98
1748795471.51,-6.27,-1.99,238.54,1.06,Fwd,8.98
1748795471.51,-6.27,-1.99,228.35,1.06,Fwd,8.98
1748795471.52,-6.27,-1.99,228.35,1.00,Fwd,8.98
1748795471.54,-6.27,-1.99,228.35,1.00,Fwd,8.98
1748795471.57,-6.27,-1.99,228.35,1.00,Fwd,8.98
1748795471.61,-6.27,-1.99,228.35,1.00,Fwd,8.98
1748795471.61,-6.27,-1.99,228.35,1.00,Fwd,8.98
1748795471.61,-5.87,-1.99,228.35,1.00,Fwd,8.98
1748795471.61,-5.87,1.59,228.35,1.00,Fwd,8.98
1748795471.62,-5.87,1.59,221.23,1.00,Fwd,8.98
1748795471.62,-5.87,1.59,221.23,0.91,Fwd,8.98
1748795471.62,-5.87,1.59,221.23,0.91,Fwd,8.98
1748795471.62,-5.87,1.59,221.23,0.91,Fwd,8.98
1748795471.62,-5.87,1.59,221.23,0.91,Fwd,8.98
1748795471.75,-5.87,1.59,221.23,0.91,Fwd,8.98
1748795471.75,-5.41,1.59,221.23,0.91,Fwd,8.98
1748795471.76,-5.41,2.61,221.23,0.91,Fwd,8.98
1748795471.76,-5.41,2.61,218.06,0.91,Fwd,8.98
1748795471.76,-5.41,2.61,218.06,1.09,Fwd,8.98
1748795471.76,-5.41,2.61,218.06,1.09,Fwd,8.98
1748795471.76,-5.41,2.61,218.06,1.09,Fwd,8.98
1748795471.76,-5.41,2.61,218.06,1.09,Fwd,8.98
1748795471.82,-5.41,2.61,218.06,1.09,Fwd,7.32
1748795471.82,-5.04,2.61,218.06,1.09,Fwd,7.32
1748795471.83,-5.04,2.21,218.06,1.09,Fwd,7.32
1748795471.83,-5.04,2.21,217.71,1.09,Fwd,7.32
1748795471.83,-5.04,2.21,217.71,0.89,Fwd,7.32
1748795471.83,-5.04,2.21,217.71,0.89,Fwd,7.32
1748795471.83,-5.04,2.21,217.71,0.89,Fwd,7.32
1748795471.83,-5.04,2.21,217.71,0.89,Fwd,7.32
1748795471.92,-5.04,2.21,217.71,0.89,Fwd,7.32
1748795471.96,-4.41,2.21,217.71,0.89,Fwd,7.32
1748795471.96,-4.41,-0.01,217.71,0.89,Fwd,7.32
1748795471.96,-4.41,-0.01,219.00,0.89,Fwd,7.32
1748795471.96,-4.41,-0.01,219.00,0.92,Fwd,7.32
1748795471.96,-4.41,-0.01,219.00,0.92,Fwd,7.32
1748795471.96,-4.41,-0.01,219.00,0.92,Fwd,7.32
1748795471.96,-4.41,-0.01,219.00,0.92,Fwd,7.32
1748795471.99,-4.41,-0.01,219.00,0.92,Fwd,7.32
1748795471.99,-3.47,-0.01,219.00,0.92,Fwd,7.32
1748795471.99,-3.47,-2.72,219.00,0.92,Fwd,7.32
1748795471.99,-3.47,-2.72,220.48,0.92,Fwd,7.32
1748795471.99,-3.47,-2.72,220.48,1.01,Fwd,7.32
1748795472.00,-3.47,-2.72,220.48,1.01,Fwd,7.32
1748795472.00,-3.47,-2.72,220.48,1.01,Fwd,7.32
1748795472.00,-3.47,-2.72,220.48,1.01,Fwd,7.32
1748795472.10,-3.47,-2.72,220.48,1.01,Fwd,7.32
1748795472.10,-2.96,-2.72,220.48,1.01,Fwd,7.32
1748795472.10,-2.96,-4.87,220.48,1.01,Fwd,7.32
1748795472.10,-2.96,-4.87,221.03,1.01,Fwd,7.32
1748795472.10,-2.96,-4.87,221.03,0.94,Fwd,7.32
1748795472.10,-2.96,-4.87,221.03,0.94,Fwd,7.32
1748795472.10,-2.96,-4.87,221.03,0.94,Fwd,7.32
1748795472.10,-2.96,-4.87,221.03,0.94,Fwd,7.32